1 28181022 2.875 12345678 12345678 12345678 1 1 1 3 5.875 10
2 28181092 2.875 12345678 12345678 12345678 1 1 1 3 5.875 10
3 28181088 2.875 1234678 12345678 12345678 0.875 1 1 2.875 5.75 10
4 28181116 3 12345678 1234678 1234578 1 0.875 0.875 2.75 5.75 10
5 28181005 3 12345678 12345678 1234 1 1 0.5 2.5 5.5 10
6 28181021 2.625 12345678 1234568 12345678 1 0.875 1 2.875 5.5 10
7 28181148 2.75 12345678 12345678 1234 1 1 0.5 2.5 5.25 10
8 28181031 2.75 12345678 12345678 1234 1 1 0.5 2.5 5.25 10
9 28181041 2.625 12345678 12345678 123 1 1 0.375 2.375 5 10
10 28181014 2.375 12345678 1234568 123457 1 0.875 0.75 2.625 5 10
11 28181079 2.5 2345678 12345678 123 0.875 1 0.375 2.25 4.75 9
12 28181049 2.125 12345678 12345678 1234 1 1 0.5 2.5 4.625 9
13 28181017 2.5 1234678 12348 1234 0.875 0.625 0.5 2 4.5 9
14 28181076 1.875 12345678 1234568 12345 1 0.875 0.625 2.5 4.375 9
15 28191137 2.25 2345678 12345678 13 0.875 1 0.25 2.125 4.375 9
16 28171102 2.25 2345678 1234568 123 0.875 0.875 0.375 2.125 4.375 9
17 28181089 2.125 2345678 124568 123 0.875 0.75 0.375 2 4.125 8
18 28181023 1.75 2345678 12345678 1234 0.875 1 0.5 2.375 4.125 8
19 28181077 1.625 12345678 12345678 123 1 1 0.375 2.375 4 8
20 28181013 2.375 345678 1234 123 0.75 0.5 0.375 1.625 4 8
21 28181024 2.5 1 12345678 123 0.125 1 0.375 1.5 4 8
22 28181043 1.5 12345678 12345678 123 1 1 0.375 2.375 3.875 8
23 28181040 2.375 0 12345678 1234 0 1 0.5 1.5 3.875 8
24 28181035 2.25 12345678 1 1234 1 0.125 0.5 1.625 3.875 8
25 28181090 1.75 35678 12345678 123 0.625 1 0.375 2 3.75 8
26 28171066 1.5 12345678 1234568 123 1 0.875 0.375 2.25 3.75 8
27 28181074 1.25 1234567 1234568 1234 0.875 0.875 0.5 2.25 3.5 7
28 28161040 1.375 2345678 1234568 234 0.875 0.875 0.375 2.125 3.5 7
29 28181010 2 4567 1238 123 0.5 0.5 0.375 1.375 3.375 7
30 28181038 1.625 234 12345678 13 0.375 1 0.25 1.625 3.25 7
31 28171064 1.75 0 12345678 1234 0 1 0.5 1.5 3.25 7
32 28181084 1.25 12345678 12348 123 1 0.625 0.375 2 3.25 7
33 28181102 2 0 1234567 123 0 0.875 0.375 1.25 3.25 7
34 28171047 1 1234578 1234568 1234 0.875 0.875 0.5 2.25 3.25 7
35 28171062 1.375 12345 1234568 123 0.625 0.875 0.375 1.875 3.25 7
36 28171069 1.25 12345678 123 1234 1 0.375 0.5 1.875 3.125 7
37 28161036 2.25 0 1234 123 0 0.5 0.375 0.875 3.125 7
38 28181157 1.5 2 12345678 1235 0.125 1 0.5 1.625 3.125 7
39 28171028 1.5 14 123458 123 0.25 0.75 0.375 1.375 2.875 6
40 28181057 1.875 0 1234 1234 0 0.5 0.5 1 2.875 6
41 28171104 2 2345 0 123 0.5 0 0.375 0.875 2.875 6
42 28181070 1.25 234 123458 123 0.375 0.75 0.375 1.5 2.75 6
43 28171039 1 12345 123458 123 0.625 0.75 0.375 1.75 2.75 6
44 28181098 1.375 234 12348 123 0.375 0.625 0.375 1.375 2.75 6
45 28191129 1.625 234 2 1234 0.375 0.125 0.5 1 2.625 6
46 28181082 1.125 23456 13 1234 0.625 0.25 0.5 1.375 2.5 6
47 28151111 1.375 3567 123 13 0.5 0.375 0.25 1.125 2.5 6
48 28171044 1.5 4 2348 123 0.125 0.5 0.375 1 2.5 6
49 28171026 1 4678 1234 1234 0.5 0.5 0.5 1.5 2.5 6
50 28171054 1.875 0 1234 3 0 0.5 0.125 0.625 2.5 6
51 28181046 1.25 0 23 123 0 0.25 0.375 0.625 1.875 5
52 28131012 0.75 2345 12 123 0.5 0.25 0.375 1.125 1.875 5
53 28181103 1.25 0 12 123 0 0.25 0.375 0.625 1.875 5
54 28171056 0.375 2345 1234 123 0.5 0.5 0.375 1.375 1.75 5
55 28181060 1 0 1234 1 0 0.5 0.125 0.625 1.625 5
56 28171095 0.75 12345 0 12 0.625 0 0.25 0.875 1.625 5
57 28191135 1.125 4 0 0 0.125 0 0 0.125 1.25 5
58 28181020 0.375 234 3 0 0.375 0.125 0 0.5 0.875 5
