27191101 20 10 8 4 42
28171007 12 12 15 1 40
28171067 20 25 20 8 73
28181009 20 23 11 8 62
28181012 15 16 4 1 36
28181016 15 25 21 5 66
28181033 20 25 15 3 63
28181080 12 25 19 16 72
28191003 15 12 8 5 40
28191004 15 12 4 2 33
28191006 20 25 18 20 83
28191007 15 17 9 4 45
28191011 15 22 18 14 69
28191012 20 24 16 14 74
28191016 20 24 25 9 78
28191017 20 24 14 5 63
28191019 20 24 17 15 76
28191020 20 20 24 22 86
28191021 20 24 15 14 73
28191022 14 21 14 7 56
28191026 10 10 8 4 32
28191027 20 24 15 8 67
28191029 15 24 16 5 60
28191030 20 24 10 3 57
28191031 15 24 6 5 50
28191033 19 25 18 15 77
28191036 6 25 15 3 49
28191037 14 10 12 5 41
28191038 20 25 16 5 66
28191041 20 22 8 10 60
28191042 20 22 10 8 60
28191043 20 25 11 15 71
28191045 20 21 10 2 53
28191046 19 25 15 20 79
28191047 18 10 9 1 38
28191048 15 24 18 10 67
28191050 14 15 18 6 53
28191053 20 24 21 18 83
28191055 7 18 10 3 38
28191056 20 25 25 20 90
28191057 12 25 5 4 46
28191058 19 18 22 12 71
28191059 18 14 15 10 57
28191060 20 25 12 0 57
28191061 6 12 0 2 20
28191062 20 21 8 8 57
28191064 20 24 7 2 53
28191066 20 25 18 0 63
28191067 20 24 21 10 75
28191068 20 25 15 18 78
28191069 15 25 15 8 63
28191072 20 25 24 24 93
28191075 15 20 18 8 61
28191076 20 25 25 19 89
28191079 20 25 23 14 82
28191080 18 23 15 16 72
28191081 20 25 21 18 84
28191082 18 23 14 2 57
28191083 20 23 7 5 55
28191084 20 24 7 2 53
28191085 20 15 10 10 55
28191086 20 20 12 3 55
28191087 20 24 19 9 72
28191090 20 17 12 3 52
28191091 14 25 19 3 61
28191092 18 25 25 25 93
28191093 20 25 16 6 67
28191094 20 24 10 1 55
28191095 20 12 10 5 47
28191096 15 22 11 12 60
28191097 19 25 18 5 67
28191101 18 20 8 0 46
28191104 0 6 4 0 10
28191105 20 25 19 20 84
28191106 20 25 22 10 77
28191107 12 25 11 6 54
28191108 15 24 16 10 65
28191109 20 23 17 8 68
28191112 20 23 19 10 72
28191113 20 23 17 4 64
28191114 15 25 19 8 67
28191115 20 24 16 15 75
28191120 16 21 20 9 66
28191121 12 10 10 10 42
28191125 5 10 0 1 16
28191138 20 21 23 3 67
