28181003 0
28161004 37
28141066 60
28181005 83
28161007 50
28131154 42
28181010 85
28181115 0
28181012 0
28171014 37
28181013 73
28181014 82
28181017 57
28171023 44
28181018 41
28181020 53
28181021 90
28171032 0
28181022 97
28171029 79
28181023 67
28181024 61
28171028 68
28181027 53
28181028 28
28181050 53
28181030 0
28181031 73
28151111 65
28191137 60
28181034 34
28181035 55
28171038 72
28181116 72
28181037 36
28181038 57
28171047 0
28171040 0
28181040 90
28171045 5
28171067 42
28181041 74
28171037 0
28181043 93
28161040 61
28181046 62
28171054 0
28181049 81
28171035 23
28171056 20
28181051 55
28181147 0
28181055 32
28181056 48
28171068 33
28181057 61
28181060 48
28161048 19
28181157 63
28181148 90
28171058 30
28151041 0
28171085 70
28171066 67
28171118 59
28161140 0
28171064 44
28171075 31
28181070 70
28171096 0
28171074 0
28171069 53
28171076 0
28181074 67
28181075 0
28181076 87
28171078 63
28171079 76
28181077 61
28181079 96
28171083 59
28171082 13
28171148 0
28181082 61
28171139 41
28161070 41
28181084 49
28181086 30
28181088 90
28181089 38
28171090 0
28161078 0
28171102 81
28181090 80
28181091 57
28181092 97
28171152 69
28090076 0
28181098 71
28161082 60
28191129 60
28171111 46
28181102 80
28181103 29
28171095 52
28161085 17
28151113 57