28141006 37 74
28141097 45 49
28161048 33 34
28161078 23 0
28161085 36 32
28171014 56 58
28171040 41 36
28171054 68 50
28171056 49 59
28171058 50 73
28171068 44 50
28171075 50 42
28171083 72 42
28171111 50 50
28171139 69 67
28181025 59 8
28181028 48 61
28181033 23 0
28181075 45 77
28181080 50 59
28181086 55 49
28181096 34 76
28181115 33 89
28181155 31 0
28191003 47 63
28191006 57 49
28191007 7 0
28191011 40 62
28191012 59 36
28191016 68 67
28191017 73 82
28191018 62 71
28191019 65 91
28191020 59 69
28191021 65 90
28191029 43 57
28191031 16 0
28191033 68 80
28191036 41 59
28191037 24 0
28191038 79 66
28191040 54 53
28191043 48 78
28191046 67 52
28191047 44 43
28191048 63 82
28191050 68 75
28191053 48 31
28191056 75 90
28191058 66 54
28191059 53 73
28191064 68 80
28191066 51 82
28191067 72 70
28191068 58 88
28191072 85 91
28191075 32 69
28191076 64 78
28191079 97 90
28191081 57 84
28191082 39 43
28191083 54 62
28191084 36 25
28191085 60 42
28191087 57 88
28191092 76 70
28191093 27 37
28191096 66 69
28191097 29 0
28191105 53 88
28191106 68 88
28191107 31 16
28191108 42 84
28191109 65 62
28191112 56 88
28191113 62 54
28191114 57 71
28191115 49 52
28191120 61 93
28201135 24 0
