0	0	-0.00671387	0
0.0131	0.012207	-0.30983	-0.00881774
0.0262	0.0244141	0.184402	-0.00751148
0.0393	0.037384	0.224991	-0.00580013
0.0524	0.0495911	0.195007	-0.00343363
0.0655	0.062561	0.153427	-0.000761639
0.0786	0.0747681	0.221558	0.00210052
0.0917	0.087738	0.221786	0.0050631
0.1048	0.0999451	0.217209	0.00779164
0.1179	0.112152	0.261002	0.00980275
0.131	0.125122	0.243149	0.0119396
0.1441	0.137329	0.199127	0.0140131
0.1572	0.149536	0.171967	0.016033
0.1703	0.162506	0.154114	0.0178657
0.1835	0.174713	0.149155	0.0196316
0.1966	0.18692	0.139694	0.0212684
0.2097	0.199127	0.126266	0.022801
0.2228	0.211334	0.104523	0.0241852
0.2359	0.223541	0.0854492	0.0254883
0.249	0.235748	0.0705719	0.0266921
0.2621	0.247955	0.062027	0.0278293
0.2752	0.260162	0.0668335	0.0288781
0.2883	0.272369	0.069809	0.0298963
0.3014	0.284576	0.0714874	0.0308488
0.3145	0.296783	0.0576019	0.031741
0.3276	0.308228	0.0602722	0.0325532
0.3407	0.320435	0.0653839	0.0333626
0.3538	0.332642	0.0577545	0.0340959
0.367	0.344086	0.0641632	0.0348161
0.3801	0.356293	0.0478363	0.0354582
0.3932	0.367737	0.0602722	0.0360904
0.4063	0.379181	0.0432587	0.0366794
0.4194	0.390625	0.0441742	0.0372525
0.4325	0.402832	0.0302124	0.0377727
0.4456	0.414276	0.0284576	0.0382807
0.4587	0.42572	0.0306702	0.0387738
0.4718	0.436401	0.0416565	0.0392505
0.4849	0.447845	0.0482941	0.0397045
0.498	0.45929	0.0445557	0.0401449
0.5111	0.469971	0.0275421	0.040587
0.5242	0.481415	0.0189972	0.0410238
0.5373	0.492096	0.0158691	0.0414509
0.5505	0.50354	0.0298309	0.0418525
0.5636	0.514221	0.050354	0.0422158
0.5767	0.524902	0.0382996	0.0425392
0.5898	0.535583	0.0100708	0.0428877
0.6029	0.546265	0.00923157	0.0432442
0.616	0.556183	0.0349426	0.0435522
0.6291	0.566864	0.037384	0.0438226
0.6422	0.576782	0.0147247	0.0441128
0.6553	0.587463	0.0177765	0.0444109
0.6684	0.597382	0.0289154	0.044652
0.6815	0.6073	0.0164032	0.0448966
0.6946	0.617218	0.0206757	0.0451468
0.7077	0.627136	0.0178528	0.0453642
0.7208	0.637054	0.0164032	0.0456017
0.734	0.646973	0.0196075	0.0458043
0.7471	0.656128	0.0166321	0.0460061
0.7602	0.665283	0.0163269	0.046214
0.7733	0.675201	0.00801086	0.0463954
0.7864	0.684357	0.0139618	0.0465854
0.7995	0.693512	0.010376	0.0467486
0.8126	0.701904	0.0131989	0.0469217
0.8257	0.71106	0.00656128	0.0470773
0.8388	0.720215	0.0139618	0.0472303
0.8519	0.728607	0.012207	0.0473805
0.865	0.737	0.0147247	0.0475254
0.8781	0.745392	0.0130463	0.0476721
0.8912	0.753784	0.00816345	0.0477975
0.9043	0.762177	0.0112152	0.0479227
0.9175	0.769806	0.00610352	0.0480566
0.9306	0.778198	0.0105286	0.0481699
0.9437	0.785828	0.0107574	0.0482808
0.9568	0.793457	0.0107574	0.0483952
0.9699	0.801086	0.00785828	0.0484926
0.983	0.808716	0.0087738	0.0485973
0.9961	0.815582	0.0050354	0.0486838
1.0092	0.823212	0.0126648	0.0487838
1.0223	0.830078	0.00663757	0.0488737
1.0354	0.836945	0.00968933	0.0489529
1.0485	0.843811	0.0062561	0.0490382
1.0616	0.850677	0.00602722	0.0491143
1.0747	0.856781	0.00770569	0.0491915
1.0878	0.863647	0.00404358	0.049259
1.101	0.869751	0.00312805	0.0493293
1.1141	0.875854	0.00198364	0.0493923
1.1272	0.881958	0.00335693	0.0494588
1.1403	0.888062	0.00289917	0.0495135
1.1534	0.893402	0.00953674	0.0495697
1.1665	0.898743	0.00282288	0.0496207
1.1796	0.904083	-0.000152588	0.0496772
1.1927	0.909424	0.00442505	0.0497202
1.2058	0.914764	0.00511169	0.0497621
1.2189	0.920105	0.00564575	0.0498098
1.232	0.924683	0.00152588	0.0498489
1.2451	0.92926	0.00495911	0.0498869
1.2582	0.933838	-0.000915527	0.0499228
1.2713	0.938416	0.000915527	0.049955
1.2845	0.94223	0	0.0499904
1.2976	0.946808	0.00587463	0.0500144
1.3107	0.950623	0.00221252	0.0500394
1.3238	0.954437	0.00480652	0.0500678
1.3369	0.958252	0.00205994	0.0500855
1.35	0.961304	-0.000228882	0.0501028
1.3631	0.965118	0.00328064	0.0501241
1.3762	0.96817	0.00534058	0.0501396
1.3893	0.971222	0.00495911	0.0501537
1.4024	0.974274	0.00648499	0.0501617
1.4155	0.976562	-0.00747681	0.0501803
1.4286	0.979614	0.00770569	0.0501805
1.4417	0.981903	0.0038147	0.0502004
1.4548	0.984192	-0.00930786	0.0502016
1.468	0.986481	-0.000305176	0.0501909
1.4811	0.988007	0.00144958	0.0501863
1.4942	0.990295	0.00350952	0.0501874
1.5073	0.991821	-0.0012207	0.0501808
1.5204	0.993347	0.001297	0.0501777
1.5335	0.994873	0.00366211	0.0501642
1.5466	0.995636	0.00335693	0.0501634
1.5597	0.996399	-0.00297546	0.0501458
1.5728	0.997925	0.00411987	0.0501308
1.5859	0.998688	0.00495911	0.0501136
1.599	0.998688	-0.00335693	0.0500952
1.6121	0.999451	-0.00221252	0.0500762
1.6252	0.999451	-0.000686646	0.050055
1.6384	0.999451	-0.00160217	0.0500305
1.6515	0.999451	-0.000839233	0.0500078
1.6646	0.999451	-0.00198364	0.0499832
1.6777	0.998688	-0.00541687	0.0499561
1.6908	0.998688	-0.00144958	0.0499301
1.7039	0.997925	-0.0025177	0.0499054
1.717	0.997162	-0.000915527	0.0498756
1.7301	0.995636	0.000228882	0.0498425
1.7432	0.994873	0.000762939	0.0498166
1.7563	0.993347	-0.0115204	0.0497838
1.7694	0.991821	0.00358582	0.0497472
1.7825	0.990295	-0.00526428	0.0497205
1.7956	0.988007	-0.00671387	0.0496808
1.8087	0.986481	-0.00221252	0.0496493
1.8219	0.984192	0.00343323	0.0496082
1.835	0.981903	0.00671387	0.0495701
1.8481	0.979614	0.0101471	0.0495361
1.8612	0.976562	-0.00938416	0.0495081
1.8743	0.974274	-0.0107574	0.049441
1.8874	0.971222	-0.00137329	0.0494175
1.9005	0.96817	-0.0106812	0.0493743
1.9136	0.965118	-0.00724792	0.0493264
1.9267	0.961304	0.000991821	0.0492836
1.9398	0.958252	-0.00740051	0.0492378
1.9529	0.954437	-0.00450134	0.0491927
1.966	0.950623	-0.00457764	0.0491418
1.9791	0.946808	-0.0063324	0.0490931
1.9922	0.942993	7.62939e-05	0.049039
2.0054	0.938416	-0.00389099	0.0489869
2.0185	0.933838	-0.00801086	0.0489364
2.0316	0.92926	-0.00869751	0.0488829
2.0447	0.924683	-0.00747681	0.0488221
2.0578	0.920105	-0.00770569	0.0487621
2.0709	0.914764	-0.00114441	0.0487036
2.084	0.909424	-0.000305176	0.0486474
2.0971	0.904846	-0.00747681	0.0485819
2.1102	0.898743	-0.00404358	0.0485214
2.1233	0.893402	-0.0038147	0.048453
2.1364	0.888062	-0.00534058	0.0483843
2.1495	0.881958	-0.00671387	0.0483165
2.1626	0.875854	-0.00869751	0.0482467
2.1757	0.869751	-0.00846863	0.0481729
2.1889	0.863647	-0.00999451	0.0480961
2.202	0.856781	-0.00671387	0.0480216
2.2151	0.850677	-0.0075531	0.0479389
2.2282	0.843811	-0.00595093	0.0478628
2.2413	0.836945	-0.00709534	0.0477798
2.2544	0.830078	-0.00679016	0.0476934
2.2675	0.823212	-0.00701904	0.0476044
2.2806	0.816345	-0.0106049	0.047511
2.2937	0.808716	-0.00785828	0.0474217
2.3068	0.801086	-0.00900269	0.0473281
2.3199	0.793457	-0.00907898	0.0472315
2.333	0.785828	-0.0113678	0.0471344
2.3461	0.778198	-0.00534058	0.0470284
2.3592	0.770569	-0.0111389	0.0469257
2.3724	0.762177	-0.00526428	0.0468137
2.3855	0.753784	-0.00968933	0.0466961
2.3986	0.745392	-0.0145721	0.0465895
2.4117	0.737	-0.00473022	0.0464699
2.4248	0.728607	-0.00648499	0.0463406
2.4379	0.720215	-0.0138855	0.0462159
2.451	0.71106	-0.0124359	0.0460881
2.4641	0.702667	-0.00923157	0.0459556
2.4772	0.693512	-0.0112152	0.0458153
2.4903	0.684357	-0.0112152	0.045682
2.5034	0.675201	-0.0124359	0.0455304
2.5165	0.666046	-0.0110626	0.04538
2.5296	0.656128	-0.0108337	0.0452237
2.5427	0.646973	-0.0151825	0.0450647
2.5559	0.637054	-0.0131226	0.0448969
2.569	0.627136	-0.00953674	0.0447238
2.5821	0.617218	-0.0166321	0.0445533
2.5952	0.6073	-0.0133514	0.0443607
2.6083	0.597382	-0.0148773	0.0441811
2.6214	0.587463	-0.016098	0.0439871
2.6345	0.577545	-0.00915527	0.0437773
2.6476	0.566864	-0.0189209	0.043573
2.6607	0.556183	-0.0121307	0.0433586
2.6738	0.546265	-0.0191498	0.0431276
2.6869	0.535583	-0.0270844	0.0428961
2.7	0.524902	-0.0246429	0.042657
2.7131	0.514221	-0.0146484	0.0424076
2.7262	0.50354	-0.0174713	0.0421398
2.7394	0.492096	-0.0203705	0.0418711
2.7525	0.481415	-0.0283813	0.0415974
2.7656	0.469971	-0.0202179	0.0413121
2.7787	0.45929	-0.0112152	0.0409988
2.7918	0.447845	-0.0183105	0.0406668
2.8049	0.436401	-0.03685	0.0403376
2.818	0.42572	-0.0469971	0.0400023
2.8311	0.414276	-0.0392914	0.0396638
2.8442	0.402832	-0.0218201	0.0392926
2.8573	0.391388	-0.00671387	0.0388889
2.8704	0.379181	-0.0177002	0.0384409
2.8835	0.367737	-0.0382233	0.0380014
2.8966	0.356293	-0.0506592	0.0375529
2.9097	0.344086	-0.0454712	0.0370877
2.9229	0.332642	-0.0487518	0.0365661
2.936	0.320435	-0.0439453	0.0360296
2.9491	0.30899	-0.0455475	0.0354599
2.9622	0.296783	-0.047226	0.0348595
2.9753	0.284576	-0.0507355	0.0342176
2.9884	0.272369	-0.0458527	0.0335334
3.0015	0.260162	-0.0499725	0.0328019
3.0146	0.248718	-0.0549316	0.0320254
3.0277	0.236511	-0.0563049	0.0311856
3.0408	0.224304	-0.0643158	0.0302992
3.0539	0.211334	-0.0673676	0.0293399
3.067	0.199127	-0.0731659	0.0283219
3.0801	0.18692	-0.0806427	0.0272024
3.0932	0.174713	-0.0811005	0.0259996
3.1064	0.162506	-0.0858307	0.0246925
3.1195	0.149536	-0.0950623	0.023305
3.1326	0.137329	-0.105591	0.0217308
3.1457	0.125122	-0.118866	0.020054
3.1588	0.112152	-0.135193	0.0182098
3.1719	0.0999451	-0.157394	0.0162395
3.185	0.087738	-0.190659	0.0140311
3.1981	0.0747681	-0.206375	0.0116541
3.2112	0.062561	-0.221405	0.00891273
3.2243	0.0495911	-0.236816	0.00587207
3.2374	0.037384	-0.28801	0.00230143
3.2505	0.025177	-0.327301	-0.00172477
3.2636	0.012207	-0.427628	-0.00672894
3.2768	0	-0.525589	-0.0129128
3.2899	-0.01297	-0.70816	-0.0214801
3.303	-0.025177	-0.703201	-0.0307274
3.3161	-0.038147	-0.696564	-0.039899
3.3292	-0.050354	-0.688553	-0.0489766
3.3423	-0.063324	-0.677643	-0.0579263
3.3554	-0.075531	-0.663834	-0.0667176
3.3685	-0.088501	-0.356064	-0.0747361
3.3816	-0.100708	-0.427475	-0.0776797
3.3947	-0.112915	-0.157776	-0.0817306
3.4078	-0.125885	-0.229492	-0.085348
3.4209	-0.138092	-0.267258	-0.0881755
3.434	-0.150299	-0.23262	-0.0907644
3.4471	-0.163269	-0.168304	-0.0933047
3.4603	-0.175476	-0.159149	-0.0956727
3.4734	-0.187683	-0.147171	-0.097816
3.4865	-0.19989	-0.159225	-0.099743
3.4996	-0.212097	-0.145493	-0.101583
3.5127	-0.224304	-0.14679	-0.10327
3.5258	-0.236511	-0.13649	-0.104832
3.5389	-0.248718	-0.137253	-0.106296
3.552	-0.260925	-0.120316	-0.107663
3.5651	-0.273132	-0.108948	-0.108921
3.5782	-0.285339	-0.0870514	-0.110078
3.5913	-0.297546	-0.0850677	-0.111146
3.6044	-0.30899	-0.0848389	-0.112185
3.6175	-0.321198	-0.0873566	-0.113168
3.6306	-0.333405	-0.0736237	-0.114085
3.6438	-0.344849	-0.0780487	-0.114942
3.6569	-0.357056	-0.0635529	-0.115769
3.67	-0.3685	-0.0685883	-0.116523
3.6831	-0.379944	-0.0539398	-0.117261
3.6962	-0.391388	-0.0507355	-0.117938
3.7093	-0.403595	-0.0434113	-0.118623
3.7224	-0.415039	-0.039444	-0.119247
3.7355	-0.426483	-0.0436401	-0.119865
3.7486	-0.437164	-0.0447845	-0.120413
3.7617	-0.448608	-0.0511932	-0.120966
3.7748	-0.460052	-0.0428009	-0.121466
3.7879	-0.470734	-0.0242615	-0.121966
3.801	-0.482178	-0.0243378	-0.122451
3.8141	-0.492859	-0.0305176	-0.12291
3.8273	-0.504303	-0.0466156	-0.123352
3.8404	-0.514984	-0.0544739	-0.123738
3.8535	-0.525665	-0.0282288	-0.124118
3.8666	-0.536346	-0.00694275	-0.124517
3.8797	-0.547028	-0.0214386	-0.124916
3.8928	-0.556946	-0.0389099	-0.125251
3.9059	-0.567627	-0.0344086	-0.125566
3.919	-0.577545	-0.0140381	-0.125907
3.9321	-0.588226	-0.0292969	-0.126225
3.9452	-0.598145	-0.0313568	-0.126519
3.9583	-0.608063	-0.0154877	-0.12682
3.9714	-0.617981	-0.0249481	-0.127113
3.9845	-0.627899	-0.0166321	-0.127369
3.9976	-0.637817	-0.0215912	-0.127649
4.0108	-0.647736	-0.0225067	-0.127899
4.0239	-0.656891	-0.0183868	-0.128147
4.037	-0.666046	-0.0202179	-0.128394
4.0501	-0.675964	-0.0100708	-0.128619
4.0632	-0.68512	-0.018158	-0.12884
4.0763	-0.694275	-0.0141144	-0.12906
4.0894	-0.702667	-0.0157166	-0.129278
4.1025	-0.711823	-0.0110626	-0.129483
4.1156	-0.720978	-0.0144958	-0.129674
4.1287	-0.72937	-0.0154877	-0.129868
4.1418	-0.737762	-0.0191498	-0.130053
4.1549	-0.746155	-0.0183868	-0.130244
4.168	-0.754547	-0.00999451	-0.130417
4.1811	-0.762939	-0.0163269	-0.130588
4.1943	-0.770569	-0.0115204	-0.130759
4.2074	-0.778961	-0.012207	-0.130918
4.2205	-0.786591	-0.0143433	-0.131074
4.2336	-0.79422	-0.0120544	-0.131231
4.2467	-0.801849	-0.016098	-0.131384
4.2598	-0.809479	-0.00419617	-0.131534
4.2729	-0.816345	-0.0151825	-0.131667
4.286	-0.823975	-0.0113678	-0.131815
4.2991	-0.830841	-0.00938416	-0.131941
4.3122	-0.837708	-0.0157928	-0.132079
4.3253	-0.844574	-0.00923157	-0.132213
4.3384	-0.85144	-0.00938416	-0.132332
4.3515	-0.857544	-0.00953674	-0.132454
4.3646	-0.86441	-0.00556946	-0.132573
4.3778	-0.870514	-0.00991821	-0.13269
4.3909	-0.876617	-0.00572205	-0.132796
4.404	-0.882721	-0.00816345	-0.13291
4.4171	-0.888824	-0.00701904	-0.133015
4.4302	-0.894165	-0.012207	-0.133118
4.4433	-0.899506	-0.00358582	-0.133221
4.4564	-0.904846	-0.00511169	-0.133323
4.4695	-0.910187	-0.00900269	-0.133416
4.4826	-0.915527	-0.0062561	-0.133505
4.4957	-0.920868	-0.00900269	-0.1336
4.5088	-0.925446	-0.00404358	-0.133686
4.5219	-0.930023	-0.00831604	-0.133772
4.535	-0.934601	-0.00465393	-0.133858
4.5481	-0.939178	-0.00320435	-0.133938
4.5613	-0.942993	-0.00434875	-0.134023
4.5744	-0.947571	-0.0114441	-0.134094
4.5875	-0.951385	-0.00434875	-0.134164
4.6006	-0.9552	-0.00938416	-0.134243
4.6137	-0.959015	-0.00465393	-0.134308
4.6268	-0.962067	-0.00320435	-0.134376
4.6399	-0.965881	-0.00854492	-0.134443
4.653	-0.968933	-0.00953674	-0.13451
4.6661	-0.971985	-0.00961304	-0.134572
4.6792	-0.975037	-0.00938416	-0.134625
4.6923	-0.977325	0.00305176	-0.134689
4.7054	-0.980377	-0.0118256	-0.134742
4.7185	-0.982666	-0.00770569	-0.13481
4.7316	-0.984955	0.00663757	-0.134865
4.7448	-0.987244	-0.00221252	-0.1349
4.7579	-0.98877	-0.0063324	-0.134944
4.771	-0.991058	-0.0075531	-0.134998
4.7841	-0.992584	-0.0025177	-0.135038
4.7972	-0.99411	-0.00419617	-0.135082
4.8103	-0.995636	-0.0050354	-0.135116
4.8234	-0.996399	-0.00839233	-0.135163
4.8365	-0.997162	-0.000686646	-0.135198
4.8496	-0.998688	-0.0062561	-0.13523
4.8627	-0.999451	-0.0107574	-0.135261
4.8758	-0.999451	-0.00160217	-0.135294
4.8889	-1.00021	0	-0.135323
4.902	-1.00021	-0.00343323	-0.135349
4.9152	-1.00021	-0.00198364	-0.135375
4.9283	-1.00021	-0.00205994	-0.135398
4.9414	-1.00021	-0.00175476	-0.135422
4.9545	-0.999451	0.00205994	-0.135444
4.9676	-0.999451	-0.000686646	-0.135466
4.9807	-0.998688	-0.00259399	-0.13549
4.9938	-0.997925	-0.00358582	-0.13551
5.0069	-0.996399	-0.0038147	-0.135526
5.02	-0.995636	-0.00556946	-0.135549
5.0331	-0.99411	0.00831604	-0.135566
5.0462	-0.992584	-0.00640869	-0.135578
5.0593	-0.991058	7.62939e-05	-0.1356
5.0724	-0.98877	0.00335693	-0.13561
5.0855	-0.987244	-0.00267029	-0.135627
5.0987	-0.984955	-0.00862122	-0.135637
5.1118	-0.982666	-0.00823975	-0.135646
5.1249	-0.980377	-0.0167084	-0.13566
5.138	-0.977325	0.00343323	-0.135683
5.1511	-0.975037	0.0101471	-0.135665
5.1642	-0.971985	-0.00556946	-0.135688
5.1773	-0.968933	0.00328064	-0.135698
5.1904	-0.965881	0.00404358	-0.135699
5.2035	-0.962067	-0.00419617	-0.135706
5.2166	-0.959015	0.00259399	-0.135709
5.2297	-0.9552	0.000839233	-0.135713
5.2428	-0.951385	0.001297	-0.135712
5.2559	-0.947571	0.00328064	-0.135714
5.269	-0.943756	-0.00190735	-0.13571
5.2822	-0.939178	-0.001297	-0.135707
5.2953	-0.934601	0.00312805	-0.135705
5.3084	-0.930023	0.00488281	-0.135699
5.3215	-0.925446	0.00495911	-0.135687
5.3346	-0.920868	0.00175476	-0.13568
5.3477	-0.915527	-0.00160217	-0.13567
5.3608	-0.910187	-0.00190735	-0.135664
5.3739	-0.905609	0.00259399	-0.135648
5.387	-0.899506	0.000228882	-0.135637
5.4001	-0.894165	0.000534058	-0.135617
5.4132	-0.888824	0.00175476	-0.135597
5.4263	-0.882721	0.0038147	-0.135578
5.4394	-0.876617	0.00541687	-0.135557
5.4525	-0.870514	0.00534058	-0.135535
5.4657	-0.86441	0.00617981	-0.13551
5.4788	-0.857544	0.00221252	-0.135483
5.4919	-0.85144	0.00152588	-0.135453
5.505	-0.844574	0.00259399	-0.135426
5.5181	-0.837708	0.0050354	-0.135392
5.5312	-0.830841	0.00404358	-0.135353
5.5443	-0.823975	0.000534058	-0.135316
5.5574	-0.817108	0.00259399	-0.135273
5.5705	-0.809479	0.00320435	-0.135229
5.5836	-0.801849	0.00450134	-0.135185
5.5967	-0.79422	0.00694275	-0.135136
5.6098	-0.786591	0.00526428	-0.135086
5.6229	-0.778961	0.0037384	-0.135028
5.636	-0.771332	0.00465393	-0.13498
5.6492	-0.762939	0.00183105	-0.134916
5.6623	-0.754547	0.0087738	-0.134856
5.6754	-0.746155	0.00450134	-0.134798
5.6885	-0.737762	0.00274658	-0.134722
5.7016	-0.72937	0.00465393	-0.134649
5.7147	-0.720978	0.0102234	-0.134575
5.7278	-0.711823	0.00564575	-0.134499
5.7409	-0.70343	0.00328064	-0.134415
5.754	-0.694275	0.00587463	-0.134324
5.7671	-0.68512	0.00724792	-0.134235
5.7802	-0.675964	0.00541687	-0.134139
5.7933	-0.666809	0.00602722	-0.134043
5.8064	-0.656891	0.00564575	-0.133934
5.8195	-0.647736	0.0123596	-0.133828
5.8327	-0.637817	0.0119781	-0.133709
5.8458	-0.627899	0.00350952	-0.133588
5.8589	-0.617981	0.0147247	-0.133467
5.872	-0.608063	0.00526428	-0.133326
5.8851	-0.598145	0.0128937	-0.133196
5.8982	-0.588226	0.0144196	-0.133049
5.9113	-0.578308	0.00541687	-0.132897
5.9244	-0.567627	0.013504	-0.132742
5.9375	-0.556946	0.0101471	-0.132584
5.9506	-0.547028	0.014801	-0.132404
5.9637	-0.536346	0.019989	-0.132215
5.9768	-0.525665	0.0219727	-0.132038
5.9899	-0.514984	0.0148773	-0.131843
6.003	-0.504303	0.010376	-0.131633
6.0162	-0.492859	0.0150299	-0.131408
6.0293	-0.482178	0.0243378	-0.131187
6.0424	-0.470734	0.0199127	-0.130959
6.0555	-0.460052	0.00984192	-0.130707
6.0686	-0.448608	0.00648499	-0.130432
6.0817	-0.437164	0.0190735	-0.130138
6.0948	-0.426483	0.0361633	-0.129856
6.1079	-0.415039	0.044632	-0.129567
6.121	-0.403595	0.0301361	-0.12926
6.1341	-0.392151	0.0107574	-0.12891
6.1472	-0.379944	0.00549316	-0.128536
6.1603	-0.3685	0.0226593	-0.128141
6.1734	-0.357056	0.042572	-0.127748
6.1865	-0.344849	0.0443268	-0.127342
6.1997	-0.333405	0.0462341	-0.126887
6.2128	-0.321198	0.0434113	-0.126418
6.2259	-0.309753	0.0479126	-0.125912
6.239	-0.297546	0.0455475	-0.125366
6.2521	-0.285339	0.0467682	-0.124797
6.2652	-0.273132	0.0485992	-0.124186
6.2783	-0.260925	0.0504303	-0.123533
6.2914	-0.249481	0.0541687	-0.122815
6.3045	-0.237274	0.0576782	-0.12206
6.3176	-0.225067	0.0654602	-0.121239
6.3307	-0.212097	0.0643158	-0.120354
6.3438	-0.19989	0.0762939	-0.119386
6.3569	-0.187683	0.0782776	-0.118362
6.37	-0.175476	0.0859833	-0.117247
6.3832	-0.163269	0.0852203	-0.11604
6.3963	-0.150299	0.0974274	-0.114733
6.4094	-0.138092	0.0936127	-0.113282
6.4225	-0.125885	0.106735	-0.111694
6.4356	-0.112915	0.109482	-0.109939
6.4487	-0.100708	0.128708	-0.107993
6.4618	-0.088501	0.138321	-0.105908
6.4749	-0.075531	0.169449	-0.103556
6.488	-0.063324	0.199509	-0.100962
6.5011	-0.050354	0.240707	-0.0979843
6.5142	-0.038147	0.255203	-0.0946944
6.5273	-0.0259399	0.309982	-0.090716
6.5404	-0.01297	0.389023	-0.0860963
6.5536	0	0.508804	-0.0801868
6.5667	0.012207	0.652847	-0.072542
6.5798	0.0244141	0.665359	-0.0638076
6.5929	0.037384	0.659561	-0.0551294
6.606	0.0495911	0.653076	-0.0465294
6.6191	0.062561	0.645599	-0.0380216
6.6322	0.0747681	0.634995	-0.0296371
6.6453	0.087738	0.621872	-0.0214012
6.6584	0.0999451	0.606155	-0.0133519
6.6715	0.112152	0.106049	-0.00733164
6.6846	0.125122	0.366135	-0.00391381
6.6977	0.137329	0.311356	-0.00113726
6.7108	0.149536	0.200729	0.00189231
6.7239	0.162506	0.164871	0.0046432
6.7371	0.174713	0.170746	0.00720214
6.7502	0.18692	0.178528	0.00944876
6.7633	0.199127	0.16983	0.0115163
6.7764	0.211334	0.157089	0.0133533
6.7895	0.223541	0.140915	0.0150978
6.8026	0.235748	0.125351	0.0166973
6.8157	0.247955	0.111771	0.0182145
6.8288	0.260162	0.09552	0.0195687
6.8419	0.272369	0.0835419	0.0208469
6.855	0.284576	0.0785065	0.0220201
6.8681	0.296783	0.0711823	0.0231243
6.8812	0.308228	0.0688171	0.0241379
6.8943	0.320435	0.0818634	0.025125
6.9074	0.332642	0.0682831	0.0260358
6.9206	0.344086	0.0705719	0.02691
6.9337	0.356293	0.0614929	0.0276919
6.9468	0.367737	0.0673676	0.0284527
6.9599	0.379181	0.0563049	0.0291739
6.973	0.390625	0.0510406	0.0298538
6.9861	0.402832	0.0392914	0.0304776
6.9992	0.414276	0.0391388	0.0310735
7.0123	0.42572	0.0392914	0.0316474
7.0254	0.436401	0.042038	0.0321884
7.0385	0.447845	0.0522614	0.0326944
7.0516	0.45929	0.0455475	0.0331571
7.0647	0.469971	0.029068	0.0336155
7.0778	0.481415	0.0217438	0.0340634
7.0909	0.492096	0.0141907	0.034501
7.1041	0.50354	0.0317383	0.0349047
7.1172	0.514221	0.0488281	0.0352647
7.1303	0.524902	0.0376129	0.0355953
7.1434	0.535583	0.0104523	0.0359482
7.1565	0.546265	0.00892639	0.0363051
7.1696	0.556183	0.0305176	0.0366195
7.1827	0.566864	0.036087	0.0368907
7.1958	0.576782	0.0121307	0.0371831
7.2089	0.587463	0.0218964	0.0374803
7.222	0.597382	0.029068	0.0377207
7.2351	0.6073	0.0163269	0.0379688
7.2482	0.617218	0.0182343	0.0382163
7.2613	0.627136	0.0188446	0.0384291
7.2744	0.637054	0.0140381	0.0386674
7.2876	0.646973	0.0176239	0.038872
7.3007	0.656128	0.0170135	0.0390728
7.3138	0.665283	0.0173187	0.0392782
7.3269	0.675201	0.00823975	0.0394583
7.34	0.684357	0.0125885	0.0396476
7.3531	0.693512	0.00946045	0.0398088
7.3662	0.701904	0.013504	0.0399794
7.3793	0.71106	0.00839233	0.0401354
7.3924	0.720215	0.0119781	0.0402889
7.4055	0.728607	0.00938416	0.0404339
7.4186	0.737	0.0144196	0.0405766
7.4317	0.745392	0.0131989	0.0407217
7.4448	0.753784	0.00953674	0.0408471
7.4579	0.762177	0.0113678	0.04097
7.4711	0.769806	0.00709534	0.0411013
7.4842	0.778198	0.00968933	0.041213
7.4973	0.785828	0.00976562	0.0413226
7.5104	0.793457	0.0110626	0.0414326
7.5235	0.801086	0.00709534	0.0415316
7.5366	0.808716	0.00648499	0.0416311
7.5497	0.815582	0.0063324	0.0417193
7.5628	0.823212	0.00846863	0.0418148
7.5759	0.830078	0.00564575	0.0419065
7.589	0.836945	0.00595093	0.0419823
7.6021	0.843811	0.00663757	0.0420681
7.6152	0.850677	0.00679016	0.0421393
7.6283	0.856781	0.00808716	0.0422178
7.6414	0.863647	0.001297	0.0422841
7.6546	0.869751	0.00419617	0.042355
7.6677	0.875854	0.000915527	0.0424178
7.6808	0.881958	0.00457764	0.0424822
7.6939	0.888062	0.00328064	0.0425339
7.707	0.893402	0.00778198	0.0425863
7.7201	0.898743	0.00228882	0.0426394
7.7332	0.904083	-0.000762939	0.0426927
7.7463	0.909424	0.000839233	0.0427371
7.7594	0.914764	0.00587463	0.0427788
7.7725	0.920105	0.0050354	0.042825
7.7856	0.924683	-0.000152588	0.0428641
7.7987	0.92926	0.00480652	0.0429034
7.8118	0.933838	-0.000991821	0.0429366
7.8249	0.938416	-0.000762939	0.0429683
7.8381	0.94223	0.00038147	0.0430017
7.8512	0.946808	0.00747681	0.0430249
7.8643	0.950623	-7.62939e-05	0.0430485
7.8774	0.954437	0.00450134	0.0430783
7.8905	0.958252	0.000534058	0.0430945
7.9036	0.961304	-0.000534058	0.0431113
7.9167	0.965118	0.00221252	0.0431327
7.9298	0.96817	0.00358582	0.0431476
7.9429	0.971222	0.00556946	0.043162
7.956	0.974274	0.00648499	0.0431686
7.9691	0.976562	-0.00839233	0.0431875
7.9822	0.979614	0.00801086	0.0431885
7.9953	0.981903	0.00221252	0.0432094
8.0084	0.984192	-0.0104523	0.0432089
8.0216	0.986481	-0.000991821	0.0431967
8.0347	0.988007	0.00297546	0.0431912
8.0478	0.990295	0.0025177	0.0431916
8.0609	0.991821	-0.00205994	0.0431848
8.074	0.993347	0.00328064	0.0431808
8.0871	0.994873	0.00152588	0.0431655
8.1002	0.995636	0.00343323	0.0431629
8.1133	0.996399	-0.00358582	0.0431465
8.1264	0.997925	0.00480652	0.0431314
8.1395	0.998688	0.00679016	0.0431143
8.1526	0.998688	-0.00190735	0.043097
8.1657	0.999451	-0.00221252	0.043077
8.1788	0.999451	0.000152588	0.0430561
8.192	0.999451	-0.00305176	0.0430308
8.2051	0.999451	-0.000534058	0.0430064
8.2182	0.999451	-0.0012207	0.0429839
8.2313	0.998688	-0.00656128	0.042956
8.2444	0.998688	-0.000839233	0.0429283
8.2575	0.997925	-0.00343323	0.0429052
8.2706	0.997162	-0.00175476	0.0428752
8.2837	0.995636	-0.00038147	0.0428421
8.2968	0.994873	0.00167847	0.0428168
8.3099	0.993347	-0.0113678	0.0427841
8.323	0.991821	0.00396729	0.0427486
8.3361	0.990295	-0.00480652	0.0427208
8.3492	0.988007	-0.00648499	0.0426805
8.3623	0.986481	0.000228882	0.0426501
8.3755	0.984192	0.00289917	0.042611
8.3886	0.981903	0.00404358	0.0425704
8.4017	0.979614	0.0139618	0.0425376
8.4148	0.976562	-0.00846863	0.0425123
8.4279	0.974274	-0.0126648	0.0424447
8.441	0.971222	7.62939e-05	0.04242
8.4541	0.96817	-0.00869751	0.0423786
8.4672	0.965118	-0.00747681	0.0423309
8.4803	0.961304	0.00183105	0.0422874
8.4934	0.958252	-0.00495911	0.0422441
8.5065	0.954437	-0.0050354	0.0421983
8.5196	0.950623	-0.00343323	0.0421484
8.5327	0.946808	-0.00488281	0.0421012
8.5458	0.942993	-0.001297	0.0420488
8.559	0.938416	-0.00297546	0.0419946
8.5721	0.933838	-0.00724792	0.0419436
8.5852	0.92926	-0.00785828	0.0418906
8.5983	0.924683	-0.00808716	0.0418305
8.6114	0.920105	-0.0088501	0.0417702
8.6245	0.914764	-0.00350952	0.0417116
8.6376	0.909424	-0.00106812	0.0416548
8.6507	0.904846	-0.00679016	0.0415904
8.6638	0.898743	-0.00389099	0.0415282
8.6769	0.893402	-0.00297546	0.0414597
8.69	0.888062	-0.00473022	0.0413919
8.7031	0.881958	-0.00617981	0.0413242
8.7162	0.875854	-0.00709534	0.0412549
8.7293	0.869751	-0.00846863	0.0411812
8.7425	0.863647	-0.0112915	0.041104
8.7556	0.856781	-0.00564575	0.0410286
8.7687	0.850677	-0.00785828	0.0409471
8.7818	0.843811	-0.00648499	0.0408703
8.7949	0.836945	-0.00686646	0.0407867
8.808	0.830078	-0.00801086	0.0407021
8.8211	0.823212	-0.00587463	0.0406119
8.8342	0.816345	-0.00839233	0.0405181
8.8473	0.808716	-0.0087738	0.0404278
8.8604	0.801086	-0.01091	0.0403367
8.8735	0.793457	-0.00961304	0.0402395
8.8866	0.785828	-0.0110626	0.0401416
8.8997	0.778198	-0.00602722	0.0400359
8.9128	0.770569	-0.00938416	0.0399329
8.926	0.762177	-0.00541687	0.039821
8.9391	0.753784	-0.0088501	0.0397029
8.9522	0.745392	-0.0132751	0.0395957
8.9653	0.737	-0.00404358	0.039477
8.9784	0.728607	-0.00572205	0.0393484
8.9915	0.720215	-0.01297	0.0392243
9.0046	0.71106	-0.0122833	0.0390972
9.0177	0.702667	-0.00976562	0.0389634
9.0308	0.693512	-0.011673	0.038825
9.0439	0.684357	-0.0112152	0.0386913
9.057	0.675201	-0.0108337	0.0385402
9.0701	0.666046	-0.0131989	0.038391
9.0832	0.656128	-0.0118256	0.0382346
9.0963	0.646973	-0.0153351	0.0380758
9.1095	0.637054	-0.014801	0.0379111
9.1226	0.627136	-0.00984192	0.0377338
9.1357	0.617218	-0.0167084	0.0375652
9.1488	0.6073	-0.014267	0.0373734
9.1619	0.597382	-0.0144196	0.0371968
9.175	0.587463	-0.0157928	0.037005
9.1881	0.577545	-0.0110626	0.0367968
9.2012	0.566864	-0.0179291	0.0365901
9.2143	0.556183	-0.0124359	0.0363788
9.2274	0.546265	-0.0185394	0.0361454
9.2405	0.535583	-0.0246429	0.0359175
9.2536	0.524902	-0.0236511	0.0356809
9.2667	0.514221	-0.0145721	0.035433
9.2798	0.50354	-0.0175476	0.0351682
9.293	0.492096	-0.0209808	0.0348999
9.3061	0.481415	-0.0266266	0.0346298
9.3192	0.469971	-0.019455	0.0343428
9.3323	0.45929	-0.0132751	0.0340335
9.3454	0.447845	-0.0165558	0.0337038
9.3585	0.436401	-0.03479	0.0333749
9.3716	0.42572	-0.0448608	0.033044
9.3847	0.414276	-0.0436401	0.0327074
9.3978	0.402832	-0.0228119	0.0323388
9.4109	0.391388	-0.00648499	0.0319372
9.424	0.379181	-0.0157928	0.0314947
9.4371	0.367737	-0.0349426	0.0310557
9.4502	0.356293	-0.0522614	0.0306086
9.4633	0.344086	-0.0452423	0.0301491
9.4765	0.332642	-0.0485229	0.0296314
9.4896	0.320435	-0.0463104	0.0290968
9.5027	0.30899	-0.0456238	0.0285357
9.5158	0.296783	-0.044632	0.0279338
9.5289	0.284576	-0.0467682	0.0272998
9.542	0.272369	-0.0532532	0.0266209
9.5551	0.260162	-0.0460815	0.0258879
9.5682	0.248718	-0.0550842	0.0251257
9.5813	0.236511	-0.0539398	0.0242877
9.5944	0.224304	-0.0608063	0.0234091
9.6075	0.211334	-0.067215	0.0224606
9.6206	0.199127	-0.0748444	0.021448
9.6337	0.18692	-0.0780487	0.0203332
9.6468	0.174713	-0.0826263	0.0191372
9.66	0.162506	-0.0873566	0.0178339
9.6731	0.149536	-0.0909424	0.0164537
9.6862	0.137329	-0.101776	0.0148879
9.6993	0.125122	-0.11467	0.013218
9.7124	0.112152	-0.13298	0.0113657
9.7255	0.0999451	-0.15213	0.0094118
9.7386	0.087738	-0.188675	0.00719204
9.7517	0.0747681	-0.206833	0.00479207
9.7648	0.062561	-0.227966	0.00206478
9.7779	0.0495911	-0.236282	-0.000974644
9.791	0.037384	-0.286179	-0.00456047
9.8041	0.025177	-0.331345	-0.00859512
9.8172	0.012207	-0.42717	-0.0136288
9.8304	0	-0.537949	-0.0198952
9.8435	-0.01297	-0.708542	-0.0285071
9.8566	-0.025177	-0.703125	-0.0377556
9.8697	-0.038147	-0.697174	-0.0469287
9.8828	-0.050354	-0.689011	-0.0560077
9.8959	-0.063324	-0.678329	-0.0649588
9.909	-0.075531	-0.663986	-0.0737515
9.9221	-0.088501	-0.369186	-0.0818223
9.9352	-0.100708	-0.419235	-0.0847299
9.9483	-0.112915	-0.153427	-0.0888202
9.9614	-0.125885	-0.235443	-0.0924121
9.9745	-0.138092	-0.270004	-0.0952189
9.9876	-0.150299	-0.23674	-0.0978095
10.0007	-0.163269	-0.169449	-0.100354
10.0139	-0.175476	-0.155792	-0.102723
10.027	-0.187683	-0.14595	-0.104865
10.0401	-0.19989	-0.158539	-0.106799
10.0532	-0.212097	-0.148849	-0.10863
10.0663	-0.224304	-0.145798	-0.110315
10.0794	-0.236511	-0.135117	-0.111877
10.0925	-0.248718	-0.13649	-0.113342
10.1056	-0.260925	-0.115509	-0.114709
10.1187	-0.273132	-0.106125	-0.115969
10.1318	-0.285339	-0.0871277	-0.117124
10.1449	-0.297546	-0.0858307	-0.118196
10.158	-0.30899	-0.0801849	-0.119234
10.1711	-0.321198	-0.0861359	-0.120214
10.1842	-0.333405	-0.0746155	-0.121129
10.1974	-0.344849	-0.0795746	-0.121992
10.2105	-0.357056	-0.0643921	-0.122814
10.2236	-0.3685	-0.0667572	-0.12357
10.2367	-0.379944	-0.0559235	-0.124314
10.2498	-0.391388	-0.0463104	-0.124985
10.2629	-0.403595	-0.0469208	-0.125671
10.276	-0.415039	-0.0376129	-0.126299
10.2891	-0.426483	-0.0467682	-0.126912
10.3022	-0.437164	-0.0447845	-0.12747
10.3153	-0.448608	-0.0519562	-0.128019
10.3284	-0.460052	-0.0424194	-0.128517
10.3415	-0.470734	-0.0237274	-0.12902
10.3546	-0.482178	-0.025177	-0.129505
10.3677	-0.492859	-0.0328064	-0.129964
10.3809	-0.504303	-0.0447083	-0.130402
10.394	-0.514984	-0.0499725	-0.130796
10.4071	-0.525665	-0.0267029	-0.131177
10.4202	-0.536346	-0.00778198	-0.131575
10.4333	-0.547028	-0.0243378	-0.131971
10.4464	-0.556946	-0.0411987	-0.13231
10.4595	-0.567627	-0.0322723	-0.132625
10.4726	-0.577545	-0.0109863	-0.132963
10.4857	-0.588226	-0.0260162	-0.133281
10.4988	-0.598145	-0.0282288	-0.133575
10.5119	-0.608063	-0.0156403	-0.133874
10.525	-0.617981	-0.0261688	-0.134166
10.5381	-0.627899	-0.0189972	-0.134425
10.5512	-0.637817	-0.0234222	-0.134704
10.5644	-0.647736	-0.0203705	-0.134956
10.5775	-0.656891	-0.014267	-0.1352
10.5906	-0.666046	-0.0191498	-0.135445
10.6037	-0.675964	-0.0121307	-0.135672
10.6168	-0.68512	-0.0170135	-0.135892
10.6299	-0.694275	-0.0132751	-0.136112
10.643	-0.702667	-0.0141907	-0.13633
10.6561	-0.711823	-0.00984192	-0.136533
10.6692	-0.720978	-0.0145721	-0.136727
10.6823	-0.72937	-0.0173187	-0.136921
10.6954	-0.737762	-0.0175476	-0.137109
10.7085	-0.746155	-0.0165558	-0.137297
10.7216	-0.754547	-0.011673	-0.137472
10.7347	-0.762939	-0.016861	-0.137641
10.7479	-0.770569	-0.0114441	-0.137811
10.761	-0.778961	-0.011673	-0.13797
10.7741	-0.786591	-0.0144196	-0.138126
10.7872	-0.79422	-0.0130463	-0.138283
10.8003	-0.801849	-0.0157166	-0.138435
10.8134	-0.809479	-0.00564575	-0.138582
10.8265	-0.816345	-0.0136566	-0.138719
10.8396	-0.823975	-0.01091	-0.138865
10.8527	-0.830841	-0.0110626	-0.138992
10.8658	-0.837708	-0.0153351	-0.139131
10.8789	-0.844574	-0.00801086	-0.139263
10.892	-0.85144	-0.00831604	-0.139383
10.9051	-0.857544	-0.00793457	-0.139503
10.9182	-0.86441	-0.00648499	-0.13962
10.9314	-0.870514	-0.00984192	-0.139737
10.9445	-0.876617	-0.00457764	-0.139843
10.9576	-0.882721	-0.00785828	-0.139956
10.9707	-0.888824	-0.00541687	-0.140061
10.9838	-0.894165	-0.0107574	-0.140163
10.9969	-0.899506	-0.0025177	-0.140266
11.01	-0.904846	-0.00495911	-0.140366
11.0231	-0.910187	-0.00801086	-0.140459
11.0362	-0.915527	-0.00823975	-0.140548
11.0493	-0.920868	-0.00846863	-0.140642
11.0624	-0.925446	-0.00419617	-0.140729
11.0755	-0.930023	-0.0075531	-0.140814
11.0886	-0.934601	-0.00366211	-0.140899
11.1017	-0.939178	-0.00236511	-0.140979
11.1149	-0.942993	-0.00495911	-0.141061
11.128	-0.947571	-0.0125122	-0.141133
11.1411	-0.951385	-0.00511169	-0.141203
11.1542	-0.9552	-0.00999451	-0.141281
11.1673	-0.959015	-0.00411987	-0.141345
11.1804	-0.962067	-0.00335693	-0.141411
11.1935	-0.965881	-0.0062561	-0.141479
11.2066	-0.968933	-0.00816345	-0.141543
11.2197	-0.971985	-0.00938416	-0.141605
11.2328	-0.975037	-0.0075531	-0.141659
11.2459	-0.977325	0.0025177	-0.141722
11.259	-0.980377	-0.0119019	-0.141776
11.2721	-0.982666	-0.00823975	-0.141846
11.2852	-0.984955	0.0063324	-0.141899
11.2984	-0.987244	-0.00282288	-0.141934
11.3115	-0.98877	-0.00663757	-0.141977
11.3246	-0.991058	-0.00686646	-0.14203
11.3377	-0.992584	-0.00282288	-0.14207
11.3508	-0.99411	-0.00495911	-0.142115
11.3639	-0.995636	-0.00564575	-0.142149
11.377	-0.996399	-0.00534058	-0.142197
11.3901	-0.997162	0.00137329	-0.142228
11.4032	-0.998688	-0.00579834	-0.142263
11.4163	-0.999451	-0.00801086	-0.142294
11.4294	-0.999451	-0.00106812	-0.142323
11.4425	-1.00021	-0.00198364	-0.142354
11.4556	-1.00021	-0.00404358	-0.142381
11.4688	-1.00021	-0.00167847	-0.142406
11.4819	-1.00021	0.000762939	-0.142429
11.495	-1.00021	-0.00190735	-0.142454
11.5081	-0.999451	0.00144958	-0.142476
11.5212	-0.999451	-0.00221252	-0.142498
11.5343	-0.998688	-0.00144958	-0.142522
11.5474	-0.997925	-0.00175476	-0.142542
11.5605	-0.996399	-0.00450134	-0.142559
11.5736	-0.995636	-0.00297546	-0.142582
11.5867	-0.99411	0.0087738	-0.142598
11.5998	-0.992584	-0.00556946	-0.142611
11.6129	-0.991058	0.000991821	-0.142632
11.626	-0.98877	0.00312805	-0.14264
11.6391	-0.987244	-0.00267029	-0.142659
11.6523	-0.984955	-0.00709534	-0.142668
11.6654	-0.982666	-0.00953674	-0.142676
11.6785	-0.980377	-0.016861	-0.142692
11.6916	-0.977325	0.00572205	-0.142714
11.7047	-0.975037	0.00923157	-0.142694
11.7178	-0.971985	-0.00480652	-0.142718
11.7309	-0.968933	0.00480652	-0.142728
11.744	-0.965881	0.00473022	-0.142728
11.7571	-0.962067	-0.00495911	-0.142736
11.7702	-0.959015	0.00320435	-0.14274
11.7833	-0.9552	-0.000305176	-0.142745
11.7964	-0.951385	-7.62939e-05	-0.142743
11.8095	-0.947571	0.00289917	-0.142745
11.8226	-0.943756	-0.00244141	-0.142742
11.8358	-0.939178	-0.00175476	-0.142737
11.8489	-0.934601	0.00328064	-0.142735
11.862	-0.930023	0.00434875	-0.14273
11.8751	-0.925446	0.00350952	-0.142719
11.8882	-0.920868	0.000991821	-0.14271
11.9013	-0.915527	-0.000991821	-0.1427
11.9144	-0.910187	-0.00236511	-0.142694
11.9275	-0.905609	0.001297	-0.142678
11.9406	-0.899506	-0.00259399	-0.142666
11.9537	-0.894165	-7.62939e-05	-0.142649
11.9668	-0.888824	-0.000152588	-0.142628
11.9799	-0.882721	0.00175476	-0.142608
11.993	-0.876617	0.00366211	-0.142586
12.0061	-0.870514	0.00434875	-0.142564
12.0193	-0.86441	0.00808716	-0.142536
12.0324	-0.857544	0.0037384	-0.14251
12.0455	-0.85144	0.0025177	-0.142479
12.0586	-0.844574	0.00396729	-0.142453
12.0717	-0.837708	0.00534058	-0.14242
12.0848	-0.830841	0.0037384	-0.14238
12.0979	-0.823975	0.00160217	-0.142341
12.111	-0.817108	0.0038147	-0.1423
12.1241	-0.809479	0.00434875	-0.142257
12.1372	-0.801849	0.00572205	-0.142214
12.1503	-0.79422	0.00801086	-0.142164
12.1634	-0.786591	0.00396729	-0.142114
12.1765	-0.778961	0.00312805	-0.142056
12.1896	-0.771332	0.00518799	-0.142008
12.2028	-0.762939	7.62939e-05	-0.141945
12.2159	-0.754547	0.00816345	-0.141883
12.229	-0.746155	0.00541687	-0.141826
12.2421	-0.737762	0.00190735	-0.141751
12.2552	-0.72937	0.0063324	-0.141677
12.2683	-0.720978	0.00938416	-0.141604
12.2814	-0.711823	0.0063324	-0.141526
12.2945	-0.70343	0.00320435	-0.141444
12.3076	-0.694275	0.00473022	-0.141352
12.3207	-0.68512	0.00724792	-0.141265
12.3338	-0.675964	0.00556946	-0.141167
12.3469	-0.666809	0.00526428	-0.141069
12.36	-0.656891	0.0050354	-0.140965
12.3731	-0.647736	0.0112152	-0.140858
12.3863	-0.637817	0.0132751	-0.140738
12.3994	-0.627899	0.00282288	-0.140617
12.4125	-0.617981	0.014267	-0.140498
12.4256	-0.608063	0.00541687	-0.140355
12.4387	-0.598145	0.0119781	-0.140225
12.4518	-0.588226	0.0125885	-0.14008
12.4649	-0.578308	0.00694275	-0.139926
12.478	-0.567627	0.0156403	-0.139773
12.4911	-0.556946	0.0120544	-0.139616
12.5042	-0.547028	0.0134277	-0.139436
12.5173	-0.536346	0.0214386	-0.139245
12.5304	-0.525665	0.0203705	-0.139068
12.5435	-0.514984	0.0154114	-0.138876
12.5566	-0.504303	0.0127411	-0.138663
12.5698	-0.492859	0.0144196	-0.138437
12.5829	-0.482178	0.022583	-0.138216
12.596	-0.470734	0.019989	-0.137991
12.6091	-0.460052	0.0115204	-0.137739
12.6222	-0.448608	0.00991821	-0.137464
12.6353	-0.437164	0.0200653	-0.13717
12.6484	-0.426483	0.0370789	-0.136886
12.6615	-0.415039	0.045929	-0.136598
12.6746	-0.403595	0.030899	-0.136292
12.6877	-0.392151	0.00923157	-0.135941
12.7008	-0.379944	0.00564575	-0.135566
12.7139	-0.3685	0.0205231	-0.135172
12.727	-0.357056	0.0424957	-0.134779
12.7401	-0.344849	0.047226	-0.13437
12.7533	-0.333405	0.0478363	-0.133925
12.7664	-0.321198	0.0429535	-0.133452
12.7795	-0.309753	0.0479889	-0.132944
12.7926	-0.297546	0.0493622	-0.132403
12.8057	-0.285339	0.0484467	-0.131825
12.8188	-0.273132	0.0487518	-0.131222
12.8319	-0.260925	0.0473785	-0.130559
12.845	-0.249481	0.0572968	-0.129847
12.8581	-0.237274	0.0543213	-0.129083
12.8712	-0.225067	0.0660706	-0.128271
12.8843	-0.212097	0.0682831	-0.12738
12.8974	-0.19989	0.0757599	-0.126418
12.9105	-0.187683	0.0754547	-0.125395
12.9236	-0.175476	0.083847	-0.124282
12.9368	-0.163269	0.0882721	-0.123075
12.9499	-0.150299	0.0983429	-0.121759
12.963	-0.138092	0.0963593	-0.12031
12.9761	-0.125885	0.111618	-0.118732
12.9892	-0.112915	0.114059	-0.116983
13.0023	-0.100708	0.129013	-0.115035
13.0154	-0.088501	0.134354	-0.112937
13.0285	-0.075531	0.167618	-0.11058
13.0416	-0.063324	0.204697	-0.107987
13.0547	-0.050354	0.24292	-0.105039
13.0678	-0.038147	0.251541	-0.101734
13.0809	-0.0259399	0.305328	-0.0977549
13.094	-0.01297	0.390625	-0.0931325
