0	0	-0.0104523	0
0.0065	0.0495911	0.168228	-0.00368491
0.0131	0.0999451	0.593033	2.43378e-05
0.0196	0.148773	0.600891	0.00395203
0.0262	0.198364	0.586014	0.00786881
0.0327	0.246429	0.571213	0.011629
0.0393	0.294495	0.552673	0.0153372
0.0458	0.341034	0.5336	0.0188711
0.0524	0.387573	0.512924	0.022327
0.0589	0.432587	0.489883	0.0255875
0.0655	0.476074	0.463715	0.0287367
0.072	0.518799	0.436325	0.0316618
0.0786	0.559998	0.404434	0.034435
0.0851	0.598907	0.370636	0.0369539
0.0917	0.637054	0.333939	0.0392798
0.0983	0.673676	0.296707	0.0413613
0.1048	0.708008	0.259628	0.0431678
0.1114	0.740814	0.0605011	0.0439239
0.1179	0.771332	0.0509644	0.0444163
0.1245	0.800323	0.0649261	0.044858
0.131	0.827026	0.0759125	0.0452693
0.1376	0.85144	0.0550842	0.0456369
0.1441	0.873566	0.0357056	0.0459309
0.1507	0.893402	0.0397491	0.0461798
0.1572	0.91095	0.0325775	0.0464112
0.1638	0.926971	0.0231171	0.0465936
0.1703	0.939941	0.0262451	0.0467484
0.1769	0.950623	0.0112152	0.0468719
0.1835	0.959015	0.012207	0.0469516
0.19	0.964355	0.0127411	0.0470188
0.1966	0.967407	-0.00396729	0.0470423
0.2031	0.96817	0.00663757	0.0470552
0.2097	0.966644	0.00785828	0.0470232
0.2162	0.96283	-0.0202179	0.0469983
0.2228	0.956726	-0.00038147	0.0469538
0.2293	0.947571	-0.00961304	0.0468807
0.2359	0.936127	-0.0214386	0.0468086
0.2424	0.923157	-0.014267	0.0467082
0.249	0.907135	-0.0205994	0.0465902
0.2555	0.888824	-0.0223541	0.0464554
0.2621	0.868225	-0.0285339	0.0462803
0.2686	0.8461	-0.0312805	0.0460994
0.2752	0.821686	-0.0427246	0.0458744
0.2818	0.79422	-0.0379181	0.045616
0.2883	0.765991	-0.0481415	0.0453321
0.2949	0.735474	-0.0523376	0.0449908
0.3014	0.70343	-0.0641632	0.0446134
0.308	0.669098	-0.0832367	0.0441617
0.3145	0.634003	-0.0775909	0.0436545
0.3211	0.596619	-0.0880432	0.0430768
0.3276	0.558472	-0.108261	0.042406
0.3342	0.518036	-0.132065	0.0416193
0.3407	0.4776	-0.151978	0.0407213
0.3473	0.434875	-0.175858	0.0396431
0.3538	0.392151	-0.207443	0.0383782
0.3604	0.3479	-0.253754	0.0368166
0.367	0.302887	-0.319824	0.0349153
0.3735	0.257111	-0.419083	0.032591
0.3801	0.210571	-0.521698	0.0295661
0.3866	0.164795	-0.703201	0.0256238
0.3932	0.117493	-0.762711	0.0206417
0.3997	0.0709534	-0.759659	0.0156946
0.4063	0.0236511	-0.755539	0.0106941
0.4128	-0.0236511	-0.752411	0.00579284
0.4194	-0.0709534	-0.74913	0.000837997
0.4259	-0.11673	-0.746231	-0.00402277
0.4325	-0.163269	-0.742416	-0.00893922
0.439	-0.209045	-0.710983	-0.0135969
0.4456	-0.254822	-0.709305	-0.0182815
0.4521	-0.298309	-0.706635	-0.0228831
0.4587	-0.34256	-0.703506	-0.0275381
0.4653	-0.385284	-0.700836	-0.0321741
0.4718	-0.426483	-0.697708	-0.03672
0.4784	-0.466919	-0.693359	-0.0413114
0.4849	-0.505829	-0.690384	-0.0458112
0.4915	-0.543976	-0.684357	-0.0503469
0.498	-0.579834	-0.679169	-0.0547795
0.5046	-0.614929	-0.673065	-0.059242
0.5111	-0.647736	-0.666122	-0.0635942
0.5177	-0.679779	-0.658035	-0.067965
0.5242	-0.708771	-0.64888	-0.072213
0.5308	-0.737	-0.637054	-0.0764609
0.5373	-0.762177	-0.625687	-0.080566
0.5439	-0.786591	-0.612183	-0.08465
0.5505	-0.808716	-0.597916	-0.0886425
0.557	-0.827789	-0.581589	-0.0924765
0.5636	-0.8461	-0.564117	-0.0962596
0.5701	-0.861359	-0.544739	-0.0998638
0.5767	-0.874329	-0.522003	-0.103385
0.5832	-0.885773	-0.497055	-0.106697
0.5898	-0.894165	-0.467911	-0.109883
0.5963	-0.900269	-0.436249	-0.112823
0.6029	-0.904846	-0.40123	-0.11559
0.6094	-0.906372	-0.364532	-0.11808
0.616	-0.906372	-0.323792	-0.120352
0.6225	-0.90332	-0.284195	-0.122329
0.6291	-0.898743	-0.24437	-0.124072
0.6356	-0.891113	-0.206375	-0.125536
0.6422	-0.881958	-0.172043	-0.126784
0.6488	-0.870514	-0.142288	-0.127817
0.6553	-0.856781	-0.00144958	-0.128197
0.6619	-0.839996	0.0502777	-0.128191
0.6684	-0.822449	-0.0147247	-0.128023
0.675	-0.801849	0.0525665	-0.127912
0.6815	-0.780487	0.0145721	-0.127711
0.6881	-0.756073	0.0302887	-0.127539
0.6946	-0.730133	0.0544739	-0.127278
0.7012	-0.702667	0.0373077	-0.126992
0.7077	-0.673676	0.0461578	-0.126676
0.7143	-0.642395	0.0667572	-0.12629
0.7208	-0.610352	0.080719	-0.125843
0.7274	-0.576019	0.0871277	-0.125303
0.734	-0.540161	0.0926971	-0.124694
0.7405	-0.50354	0.114822	-0.123989
0.7471	-0.465393	0.131378	-0.123153
0.7536	-0.427246	0.156174	-0.122159
0.7602	-0.38681	0.193253	-0.120957
0.7667	-0.346375	0.242996	-0.119558
0.7733	-0.304413	0.297852	-0.117828
0.7798	-0.262451	0.34996	-0.115703
0.7864	-0.219727	0.466309	-0.112935
0.7929	-0.176239	0.60936	-0.109494
0.7995	-0.132751	0.698013	-0.105049
0.806	-0.0892639	0.693665	-0.100528
0.8126	-0.0450134	0.687637	-0.0959703
0.8192	0	0.683365	-0.0914444
0.8257	0.0434875	0.679703	-0.0870148
0.8323	0.0869751	0.675735	-0.0825418
0.8388	0.130463	0.673676	-0.0781559
0.8454	0.173187	0.671768	-0.073717
0.8519	0.215912	0.671463	-0.0693547
0.8585	0.257874	0.669403	-0.0649314
0.865	0.298309	0.667343	-0.0605855
0.8716	0.338745	0.664749	-0.0561881
0.8781	0.377655	0.66185	-0.0518747
0.8847	0.415802	0.658951	-0.0475139
0.8912	0.453186	0.655975	-0.0432383
0.8978	0.489044	0.653152	-0.0389201
0.9043	0.523376	0.64888	-0.0346866
0.9109	0.556183	0.644455	-0.0304186
0.9175	0.588226	0.63942	-0.0261815
0.924	0.617981	0.634155	-0.0220422
0.9306	0.646973	0.627899	-0.0178765
0.9371	0.672913	0.621567	-0.0138148
0.9437	0.69809	0.613785	-0.00973753
0.9502	0.720978	0.605087	-0.0057754
0.9568	0.74234	0.594864	-0.00181313
0.9633	0.762177	0.584259	0.00201802
0.9699	0.778961	0.572052	0.00583297
0.9764	0.79422	0.559311	0.00951038
0.983	0.807953	0.545349	0.0131568
0.9895	0.819397	0.530777	0.0166541
0.9961	0.828552	0.513687	0.0200995
1.0027	0.835419	0.495071	0.0234271
1.0092	0.839996	0.474014	0.0265757
1.0158	0.843048	0.449982	0.0296269
1.0223	0.843811	0.424957	0.0324733
1.0289	0.842285	0.39711	0.0351871
1.0354	0.83847	0.366745	0.0376705
1.042	0.832367	0.334244	0.0399861
1.0485	0.824738	0.30159	0.0420521
1.0551	0.814819	0.266495	0.0439248
1.0616	0.803375	0.233307	0.0455462
1.0682	0.788879	0.200348	0.0469719
1.0747	0.772858	0.169678	0.0481704
1.0813	0.75531	0.101852	0.0491882
1.0878	0.735474	-0.0854492	0.0490031
1.0944	0.714111	0.00793457	0.0488495
1.101	0.69046	-0.069809	0.0486156
1.1075	0.666046	-0.0378418	0.0483194
1.1141	0.639343	-0.0289917	0.0480404
1.1206	0.611115	-0.067215	0.0476796
1.1272	0.58136	-0.0845337	0.0472362
1.1337	0.550842	-0.0901794	0.0467304
1.1403	0.518036	-0.0943756	0.0461382
1.1468	0.485229	-0.102997	0.0454716
1.1534	0.450134	-0.120468	0.0446729
1.1599	0.414276	-0.147781	0.0437407
1.1665	0.377655	-0.18425	0.0426349
1.173	0.340271	-0.21904	0.0413182
1.1796	0.301361	-0.26825	0.0397085
1.1862	0.262451	-0.340805	0.0377323
1.1927	0.223541	-0.416794	0.0353308
1.1993	0.183105	-0.519638	0.0322132
1.2058	0.14267	-0.702591	0.0282245
1.2124	0.101471	-0.760727	0.0232665
1.2189	0.0610352	-0.75737	0.0183328
1.2255	0.0198364	-0.75386	0.0133447
1.232	-0.0205994	-0.750656	0.00845417
1.2386	-0.0610352	-0.747757	0.00350843
1.2451	-0.101471	-0.745087	-0.00134519
1.2517	-0.141907	-0.712738	-0.00618962
1.2582	-0.180817	-0.71022	-0.0108121
1.2648	-0.22049	-0.708466	-0.0154919
1.2713	-0.258636	-0.705795	-0.0200863
1.2779	-0.296783	-0.703201	-0.0247324
1.2845	-0.333405	-0.699921	-0.0293596
1.291	-0.369263	-0.695877	-0.0338964
1.2976	-0.404358	-0.69191	-0.0384783
1.3041	-0.437927	-0.687256	-0.0429646
1.3107	-0.470734	-0.682755	-0.0474859
1.3172	-0.501251	-0.676498	-0.0519036
1.3238	-0.531769	-0.670242	-0.0563487
1.3303	-0.559998	-0.66246	-0.0606822
1.3369	-0.587463	-0.654449	-0.0650314
1.3434	-0.61264	-0.64476	-0.0692542
1.35	-0.637054	-0.632858	-0.0734696
1.3565	-0.658417	-0.620117	-0.0775412
1.3631	-0.679779	-0.60585	-0.081588
1.3697	-0.69809	-0.590973	-0.0855401
1.3762	-0.714874	-0.574417	-0.0893295
1.3828	-0.730133	-0.555801	-0.0930611
1.3893	-0.743103	-0.534515	-0.0966068
1.3959	-0.754547	-0.510483	-0.100059
1.4024	-0.763702	-0.48378	-0.103292
1.409	-0.771332	-0.453033	-0.106384
1.4155	-0.776672	-0.419998	-0.109221
1.4221	-0.780487	-0.382767	-0.111869
1.4286	-0.782013	-0.342789	-0.114228
1.4352	-0.78125	-0.302582	-0.116357
1.4417	-0.778961	-0.261765	-0.118188
1.4483	-0.774384	-0.221863	-0.119783
1.4548	-0.76828	-0.186157	-0.121109
1.4614	-0.759888	-0.0805664	-0.121548
1.468	-0.749207	0.0769043	-0.121512
1.4745	-0.737762	-0.0304413	-0.121423
1.4811	-0.723267	0.0479889	-0.121327
1.4876	-0.708008	0.0107574	-0.121181
1.4942	-0.69046	0.0241852	-0.121043
1.5007	-0.671387	0.0405121	-0.120849
1.5073	-0.650787	0.0323486	-0.120617
1.5138	-0.628662	0.0331879	-0.120366
1.5204	-0.604248	0.0498199	-0.120061
1.5269	-0.579071	0.0643158	-0.1197
1.5335	-0.552368	0.0699615	-0.119279
1.54	-0.524139	0.0738525	-0.118796
1.5466	-0.495148	0.0856781	-0.118228
1.5532	-0.463867	0.0996399	-0.117578
1.5597	-0.432587	0.125656	-0.11681
1.5663	-0.39978	0.147171	-0.115896
1.5728	-0.366974	0.162659	-0.114847
1.5794	-0.331879	0.199432	-0.113557
1.5859	-0.297546	0.256348	-0.112042
1.5925	-0.261688	0.316315	-0.110224
1.599	-0.225067	0.37468	-0.107959
1.6056	-0.188446	0.496674	-0.105103
1.6121	-0.151062	0.599442	-0.10165
1.6187	-0.113678	0.695038	-0.0971778
1.6252	-0.0762939	0.689774	-0.0926761
1.6318	-0.038147	0.685196	-0.0881378
1.6384	0	0.681076	-0.083629
1.6449	0.0366211	0.677643	-0.0792144
1.6515	0.0747681	0.67421	-0.0747538
1.658	0.111389	0.672073	-0.0703773
1.6646	0.148773	0.6707	-0.0659451
1.6711	0.184631	0.669785	-0.061586
1.6777	0.22049	0.668564	-0.0571689
1.6842	0.255585	0.66597	-0.0528316
1.6908	0.289917	0.663147	-0.0484447
1.6973	0.323486	0.660706	-0.0441425
1.7039	0.356293	0.657654	-0.039793
1.7104	0.387573	0.65361	-0.0355296
1.717	0.418091	0.650482	-0.031223
1.7235	0.447083	0.64621	-0.0270066
1.7301	0.475311	0.641251	-0.0227565
1.7367	0.502777	0.636215	-0.0185385
1.7432	0.527954	0.631256	-0.0144201
1.7498	0.552368	0.624313	-0.0102777
1.7563	0.575256	0.617294	-0.00624112
1.7629	0.596619	0.609512	-0.00219392
1.7694	0.615692	0.599747	0.00173669
1.776	0.634003	0.588913	0.0056579
1.7825	0.650024	0.577698	0.00944815
1.7891	0.665283	0.564804	0.0132185
1.7956	0.67749	0.551834	0.0168484
1.8022	0.688934	0.536652	0.0204423
1.8087	0.69809	0.52124	0.0238819
1.8153	0.706482	0.503311	0.0272622
1.8219	0.711823	0.48317	0.0305174
1.8284	0.715637	0.460587	0.0335852
1.835	0.717926	0.43602	0.0365453
1.8415	0.718689	0.409164	0.039292
1.8481	0.717163	0.378952	0.0418945
1.8546	0.714111	0.347672	0.0442589
1.8612	0.708771	0.314178	0.0464443
1.8677	0.701904	0.280075	0.0483757
1.8743	0.693512	0.245361	0.0501085
1.8808	0.682831	0.21225	0.0515939
1.8874	0.671387	-0.0370789	0.052748
1.8939	0.657654	-0.0296783	0.0525136
1.9005	0.642395	-0.0037384	0.0524443
1.907	0.62561	-0.0623322	0.052231
1.9136	0.606537	-0.0239563	0.052008
1.9202	0.5867	-0.0328827	0.0517743
1.9267	0.565338	-0.0554657	0.0514748
1.9333	0.543213	-0.064621	0.051116
1.9398	0.518799	-0.0647736	0.0507102
1.9464	0.493622	-0.0685883	0.0502434
1.9529	0.467682	-0.0844574	0.0496997
1.9595	0.439453	-0.0930023	0.0490599
1.966	0.411224	-0.1091	0.0483259
1.9726	0.38147	-0.136948	0.0474629
1.9791	0.351715	-0.163879	0.0464472
1.9857	0.320435	-0.204773	0.0452279
1.9922	0.288391	-0.237198	0.0438332
1.9988	0.255585	-0.285721	0.0421029
2.0054	0.222015	-0.36171	0.0400113
2.0119	0.189209	-0.415115	0.0375227
2.0185	0.154877	-0.553894	0.034261
2.025	0.120544	-0.680161	0.0303556
2.0316	0.0862122	-0.757141	0.0254339
2.0381	0.0518799	-0.755005	0.0205179
2.0447	0.0167847	-0.752029	0.0155461
2.0512	-0.0175476	-0.74852	0.0106697
2.0578	-0.0518799	-0.746155	0.00573709
2.0643	-0.0862122	-0.741653	0.000897339
2.0709	-0.119781	-0.711212	-0.00382959
2.0774	-0.153351	-0.709076	-0.00844368
2.084	-0.186157	-0.707016	-0.0131161
2.0905	-0.218201	-0.703354	-0.0177006
2.0971	-0.250244	-0.701141	-0.0223364
2.1037	-0.281525	-0.697708	-0.0269524
2.1102	-0.312042	-0.694046	-0.0314757
2.1168	-0.341034	-0.689697	-0.036045
2.1233	-0.369263	-0.684967	-0.0405133
2.1299	-0.396729	-0.679703	-0.0450164
2.1364	-0.423431	-0.673447	-0.0494131
2.143	-0.448608	-0.666962	-0.053835
2.1495	-0.47226	-0.658875	-0.0581434
2.1561	-0.495148	-0.649261	-0.0624607
2.1626	-0.51651	-0.638046	-0.0666477
2.1692	-0.536346	-0.626297	-0.0708203
2.1757	-0.554657	-0.612717	-0.0748473
2.1823	-0.572205	-0.598679	-0.0788452
2.1889	-0.588226	-0.582581	-0.082743
2.1954	-0.601959	-0.565186	-0.0864727
2.202	-0.614929	-0.54451	-0.0901355
2.2085	-0.62561	-0.522537	-0.0936042
2.2151	-0.634766	-0.496292	-0.0969663
2.2216	-0.642395	-0.467148	-0.100098
2.2282	-0.648499	-0.433121	-0.103074
2.2347	-0.653076	-0.398407	-0.105782
2.2413	-0.656128	-0.359344	-0.108285
2.2478	-0.656891	-0.318756	-0.11049
2.2544	-0.656128	-0.277023	-0.112457
2.2609	-0.653839	-0.236816	-0.114129
2.2675	-0.650024	-0.00587463	-0.114481
2.274	-0.644684	0.0354004	-0.114339
2.2806	-0.637817	-0.0208282	-0.114358
2.2872	-0.628662	0.0414276	-0.114254
2.2937	-0.618744	-0.00862122	-0.114162
2.3003	-0.606537	0.0206757	-0.11407
2.3068	-0.593567	0.0366211	-0.11391
2.3134	-0.579071	0.0218201	-0.113734
2.3199	-0.563049	0.0199127	-0.11355
2.3265	-0.544739	0.0510406	-0.113311
2.333	-0.526428	0.0556183	-0.113017
2.3396	-0.505829	0.0567627	-0.112673
2.3461	-0.485229	0.0618744	-0.112286
2.3527	-0.462341	0.0676727	-0.111841
2.3592	-0.43869	0.0822449	-0.111316
2.3658	-0.414276	0.105057	-0.11071
2.3724	-0.388336	0.123672	-0.109979
2.3789	-0.361633	0.145416	-0.109164
2.3855	-0.334167	0.167084	-0.108177
2.392	-0.306702	0.193634	-0.107037
2.3986	-0.27771	0.218811	-0.105667
2.4051	-0.248718	0.271835	-0.104052
2.4117	-0.218201	0.322876	-0.102108
2.4182	-0.188446	0.396042	-0.0997211
2.4248	-0.157166	0.491257	-0.0968901
2.4313	-0.126648	0.594254	-0.0933125
2.4379	-0.0946045	0.691299	-0.0889902
2.4444	-0.0640869	0.687332	-0.0845108
2.451	-0.0320435	0.681839	-0.0799928
2.4576	0	0.678177	-0.0755024
2.4641	0.0305176	0.67543	-0.0711032
2.4707	0.0617981	0.672836	-0.066655
2.4772	0.0930786	0.671082	-0.0622874
2.4838	0.123596	0.670013	-0.0578599
2.4903	0.153351	0.669327	-0.0535072
2.4969	0.183105	0.667038	-0.0490981
2.5034	0.212097	0.664062	-0.0447723
2.51	0.241089	0.661545	-0.0403976
2.5165	0.268555	0.658798	-0.0361084
2.5231	0.296021	0.654907	-0.0317721
2.5296	0.32196	0.652237	-0.0275245
2.5362	0.347137	0.647812	-0.0232327
2.5427	0.371552	0.643387	-0.0190363
2.5493	0.395203	0.638046	-0.0148069
2.5559	0.417328	0.632858	-0.0106121
2.5624	0.437927	0.627213	-0.00651829
2.569	0.458527	0.620041	-0.0024033
2.5755	0.476837	0.612106	0.0016018
2.5821	0.494385	0.603409	0.00561334
2.5886	0.510406	0.592346	0.00950058
2.5952	0.524902	0.581589	0.0133755
2.6017	0.538635	0.569077	0.0171164
2.6083	0.550842	0.556488	0.0208331
2.6148	0.56076	0.542068	0.0244055
2.6214	0.569916	0.526962	0.0279349
2.6279	0.577545	0.509262	0.0313042
2.6345	0.583649	0.489807	0.0346038
2.6411	0.588989	0.468063	0.0377675
2.6476	0.592041	0.444107	0.0407345
2.6542	0.593567	0.417557	0.0435802
2.6607	0.593567	0.389023	0.046202
2.6673	0.592041	0.357742	0.0486656
2.6738	0.588989	0.324783	0.0508811
2.6804	0.585175	0.290146	0.0529058
2.6869	0.579071	0.25444	0.054673
2.6935	0.572205	0.0598907	0.0552401
2.7	0.563049	-0.0182343	0.0552522
2.7066	0.553131	-0.0456238	0.055068
2.7131	0.541687	0.00389099	0.0549421
2.7197	0.528717	-0.0176239	0.0547884
2.7262	0.514984	-0.0426483	0.0545789
2.7328	0.499725	-0.0447845	0.0543263
2.7394	0.482941	-0.059433	0.0540447
2.7459	0.465393	-0.0621796	0.0537079
2.7525	0.44632	-0.0611877	0.0533203
2.759	0.426483	-0.0713348	0.0528732
2.7656	0.405884	-0.0882721	0.0523543
2.7721	0.383759	-0.106049	0.0517705
2.7787	0.36087	-0.121002	0.0510686
2.7852	0.337982	-0.130615	0.0502721
2.7918	0.313568	-0.13855	0.049309
2.7983	0.288391	-0.165329	0.0481997
2.8049	0.262451	-0.218201	0.0468748
2.8114	0.236511	-0.264816	0.0453956
2.818	0.209808	-0.289154	0.0435564
2.8246	0.182343	-0.368576	0.0413631
2.8311	0.154877	-0.439072	0.0387574
2.8377	0.126648	-0.544586	0.0355501
2.8442	0.0991821	-0.653305	0.0316565
2.8508	0.0701904	-0.754318	0.026902
2.8573	0.0427246	-0.751724	0.0220073
2.8639	0.0137329	-0.749435	0.0170548
2.8704	-0.0144958	-0.746078	0.012195
2.877	-0.0427246	-0.744019	0.00727715
2.8835	-0.0701904	-0.711441	0.00255074
2.8901	-0.0984192	-0.709763	-0.00213893
2.8966	-0.125122	-0.707474	-0.00674493
2.9032	-0.152588	-0.704956	-0.0114063
2.9097	-0.178528	-0.702133	-0.0159786
2.9163	-0.204468	-0.698624	-0.020602
2.9229	-0.229645	-0.695419	-0.0252041
2.9294	-0.254059	-0.692291	-0.0297133
2.936	-0.278473	-0.687637	-0.0342624
2.9425	-0.301361	-0.681839	-0.03871
2.9491	-0.323486	-0.675278	-0.0431895
2.9556	-0.344849	-0.66925	-0.0475609
2.9622	-0.365448	-0.661469	-0.051954
2.9687	-0.384521	-0.653	-0.0562283
2.9753	-0.402832	-0.642929	-0.0605066
2.9818	-0.42038	-0.630798	-0.0646453
2.9884	-0.436401	-0.617905	-0.0687668
2.9949	-0.450897	-0.60379	-0.0727389
3.0015	-0.465393	-0.58876	-0.0766761
3.0081	-0.4776	-0.571976	-0.0805061
3.0146	-0.489044	-0.551987	-0.0841598
3.0212	-0.498962	-0.530472	-0.0877345
3.0277	-0.507355	-0.505447	-0.0911029
3.0343	-0.514984	-0.477219	-0.0943471
3.0408	-0.521088	-0.445633	-0.0973463
3.0474	-0.525665	-0.409622	-0.10017
3.0539	-0.52948	-0.371628	-0.10271
3.0605	-0.531006	-0.330124	-0.105027
3.067	-0.531769	0.129776	-0.106444
3.0736	-0.531006	-0.0502777	-0.106416
3.0801	-0.52948	-0.016098	-0.10651
3.0867	-0.525665	0.0402832	-0.106433
3.0932	-0.521088	-0.0254059	-0.106407
3.0998	-0.515747	0.0162506	-0.106376
3.1064	-0.508118	0.0209808	-0.106279
3.1129	-0.499725	0.0193024	-0.106178
3.1195	-0.489807	0.0166321	-0.10605
3.126	-0.479126	0.0226593	-0.105909
3.1326	-0.466919	0.0336456	-0.105729
3.1391	-0.453949	0.0392151	-0.105512
3.1457	-0.439453	0.0489044	-0.105245
3.1522	-0.424194	0.0632477	-0.104938
3.1588	-0.40741	0.0682831	-0.104561
3.1653	-0.390625	0.0798798	-0.104139
3.1719	-0.372314	0.0917816	-0.103657
3.1784	-0.353241	0.099411	-0.103098
3.185	-0.333405	0.107269	-0.102418
3.1916	-0.312042	0.131607	-0.10163
3.1981	-0.29068	0.154343	-0.100735
3.2047	-0.268555	0.176468	-0.0996917
3.2112	-0.246429	0.196228	-0.0984541
3.2178	-0.222778	0.233536	-0.0969724
3.2243	-0.199127	0.291672	-0.0952652
3.2309	-0.175476	0.322113	-0.0932486
3.2374	-0.151062	0.402985	-0.0908527
3.244	-0.125885	0.460663	-0.0879931
3.2505	-0.101471	0.601501	-0.0845248
3.2571	-0.0762939	0.676041	-0.0803079
3.2636	-0.0511169	0.682449	-0.0758594
3.2702	-0.0259399	0.679092	-0.0713646
3.2768	0	0.675201	-0.0668939
3.2833	0.0244141	0.673599	-0.0625107
3.2899	0.0495911	0.671158	-0.0580743
3.2964	0.0740051	0.670395	-0.0537132
3.303	0.0984192	0.669632	-0.049292
3.3095	0.122833	0.667267	-0.0449477
3.3161	0.146484	0.664597	-0.0405522
3.3226	0.169373	0.66185	-0.0362406
3.3292	0.192261	0.659256	-0.0318815
3.3357	0.214386	0.656509	-0.0276067
3.3423	0.235748	0.652771	-0.0232887
3.3488	0.256348	0.64888	-0.0190566
3.3554	0.276184	0.644302	-0.0147899
3.3619	0.295258	0.63942	-0.0106176
3.3685	0.314331	0.633545	-0.00641452
3.3751	0.331879	0.627594	-0.00224871
3.3816	0.3479	0.620728	0.00181356
3.3882	0.363922	0.61409	0.00589162
3.3947	0.378418	0.605392	0.00985503
3.4013	0.392151	0.59494	0.0138174
3.4078	0.405121	0.583878	0.0176503
3.4144	0.416565	0.572357	0.0214671
3.4209	0.426483	0.559616	0.0251466
3.4275	0.436401	0.545731	0.0287947
3.434	0.444031	0.529938	0.0322925
3.4406	0.45166	0.512848	0.035737
3.4471	0.457001	0.494537	0.0390118
3.4537	0.461578	0.472794	0.042203
3.4603	0.465393	0.448074	0.0452436
3.4668	0.467682	0.421906	0.0480741
3.4734	0.468445	0.392609	0.0507643
3.4799	0.468445	0.36171	0.0532167
3.4865	0.466919	0.327148	0.055491
3.493	0.46463	-0.0115204	0.0563565
3.4996	0.460815	0.067215	0.0564291
3.5061	0.456238	-0.0397491	0.0563908
3.5127	0.450134	-0.0350952	0.0562499
3.5192	0.443268	-0.00190735	0.0561535
3.5258	0.435638	-0.00679016	0.0560274
3.5323	0.426483	-0.0130463	0.0558799
3.5389	0.415802	-0.0314331	0.0556911
3.5454	0.405121	-0.0403595	0.0554577
3.552	0.392151	-0.0455475	0.055189
3.5586	0.379181	-0.0473785	0.0548637
3.5651	0.365448	-0.0514221	0.0545025
3.5717	0.350189	-0.0614929	0.0540695
3.5782	0.33493	-0.0822449	0.0535726
3.5848	0.318146	-0.0913239	0.0529897
3.5913	0.300598	-0.111313	0.0523325
3.5979	0.283051	-0.138321	0.0515723
3.6044	0.263977	-0.144196	0.0506987
3.611	0.244904	-0.153427	0.049637
3.6175	0.22583	-0.205917	0.0484263
3.6241	0.205231	-0.236816	0.0470766
3.6306	0.184631	-0.259857	0.0454701
3.6372	0.163269	-0.313644	0.0435227
3.6438	0.141907	-0.361099	0.0413303
3.6503	0.120544	-0.434875	0.0386779
3.6569	0.0984192	-0.502014	0.0356255
3.6634	0.0770569	-0.640488	0.0319374
3.67	0.0549316	-0.749893	0.0273306
3.6765	0.0328064	-0.747833	0.022463
3.6831	0.0106812	-0.745621	0.0175331
3.6896	-0.0114441	-0.742798	0.0126923
3.6962	-0.0328064	-0.712509	0.00785094
3.7027	-0.0549316	-0.709686	0.00322973
3.7093	-0.0762939	-0.708084	-0.00144969
3.7158	-0.0968933	-0.705643	-0.00604407
3.7224	-0.118256	-0.702209	-0.0106906
3.7289	-0.138092	-0.70015	-0.0152482
3.7355	-0.158691	-0.696335	-0.0198562
3.7421	-0.178528	-0.692978	-0.0244401
3.7486	-0.196838	-0.687485	-0.0289281
3.7552	-0.215149	-0.68306	-0.0334527
3.7617	-0.232697	-0.677719	-0.0378738
3.7683	-0.250244	-0.67131	-0.0423233
3.7748	-0.266266	-0.664139	-0.0466623
3.7814	-0.282288	-0.655441	-0.0510169
3.7879	-0.296783	-0.64537	-0.055247
3.7945	-0.310516	-0.633926	-0.0594699
3.801	-0.323486	-0.62149	-0.0635502
3.8076	-0.336456	-0.607834	-0.0676069
3.8141	-0.347137	-0.593109	-0.0715093
3.8207	-0.357819	-0.57579	-0.0753674
3.8273	-0.367737	-0.556564	-0.0791062
3.8338	-0.376129	-0.535507	-0.0826569
3.8404	-0.382996	-0.510178	-0.0861089
3.8469	-0.389862	-0.482864	-0.0893364
3.8535	-0.395203	-0.449753	-0.0924146
3.86	-0.39978	-0.415039	-0.0952261
3.8666	-0.402832	0.125885	-0.096858
3.8731	-0.405121	-0.000991821	-0.096946
3.8797	-0.406647	-0.0519562	-0.0970762
3.8862	-0.40741	0.00549316	-0.0971466
3.8928	-0.406647	0.0160217	-0.0971292
3.8993	-0.404358	-0.00114441	-0.0971122
3.9059	-0.402069	-0.00694275	-0.0971
3.9124	-0.398254	0.00991821	-0.0970716
3.919	-0.392914	0.0166321	-0.0970035
3.9256	-0.387573	0.0115204	-0.0969119
3.9321	-0.380707	0.00740051	-0.0968144
3.9387	-0.373077	0.00953674	-0.0966943
3.9452	-0.364685	0.029068	-0.0965337
3.9518	-0.35553	0.033493	-0.0963371
3.9583	-0.344849	0.0440216	-0.0961106
3.9649	-0.334167	0.0413513	-0.0958339
3.9714	-0.32196	0.0453186	-0.0955059
3.978	-0.309753	0.0510406	-0.0950991
3.9845	-0.296021	0.0670624	-0.0946421
3.9911	-0.282288	0.079422	-0.0941205
3.9976	-0.267792	0.105362	-0.0935151
4.0042	-0.252533	0.122757	-0.092809
4.0108	-0.236511	0.130692	-0.0919416
4.0173	-0.219727	0.16655	-0.0909891
4.0239	-0.202942	0.17662	-0.089871
4.0304	-0.186157	0.201874	-0.0885254
4.037	-0.16861	0.27092	-0.0870743
4.0435	-0.150299	0.264511	-0.0853345
4.0501	-0.131989	0.343857	-0.0832722
4.0566	-0.113678	0.38002	-0.0809927
4.0632	-0.0946045	0.463181	-0.078187
4.0697	-0.0762939	0.510025	-0.0750691
4.0763	-0.0572205	0.649185	-0.0712475
4.0828	-0.038147	0.679016	-0.0668615
4.0894	-0.0190735	0.675583	-0.0623899
4.096	0	0.673141	-0.0579389
4.1025	0.0183105	0.671921	-0.05357
4.1091	0.037384	0.670471	-0.0491421
4.1156	0.0556946	0.669708	-0.0447883
4.1222	0.0740051	0.667496	-0.0403765
4.1287	0.0915527	0.664597	-0.0360468
4.1353	0.1091	0.66185	-0.0316678
4.1418	0.126648	0.659256	-0.0273735
4.1484	0.143433	0.656738	-0.0230316
4.1549	0.159454	0.652542	-0.0187769
4.1615	0.175476	0.649796	-0.0144775
4.168	0.190735	0.644073	-0.0102721
4.1746	0.205231	0.639877	-0.00603198
4.1811	0.219727	0.634537	-0.00188843
4.1877	0.233459	0.62912	0.00228273
4.1943	0.246429	0.622177	0.00641302
4.2008	0.257874	0.615387	0.0104362
4.2074	0.269318	0.606766	0.0144683
4.2139	0.279999	0.596237	0.018379
4.2205	0.289917	0.58548	0.0222797
4.227	0.299072	0.573959	0.0260493
4.2336	0.307465	0.561066	0.0297958
4.2401	0.315094	0.547409	0.0333992
4.2467	0.32196	0.53215	0.0369614
4.2532	0.327301	0.51445	0.0403624
4.2598	0.332642	0.49469	0.0436947
4.2663	0.336456	0.47287	0.0468423
4.2729	0.339508	0.448227	0.0498846
4.2795	0.341797	0.421066	0.0527539
4.286	0.343323	-0.0831604	0.054723
4.2926	0.344086	-0.0745392	0.0547339
4.2991	0.343323	-0.0279999	0.0547158
4.3057	0.34256	0.0200653	0.0547133
4.3122	0.340271	0.0144958	0.0547085
4.3188	0.337219	-0.0128174	0.0546628
4.3253	0.333405	-0.026474	0.0545751
4.3319	0.328827	-0.0302887	0.0544705
4.3384	0.323486	-0.0306702	0.0543492
4.345	0.317383	-0.0307465	0.054205
4.3515	0.310516	-0.0305939	0.0540291
4.3581	0.302887	-0.0402069	0.053818
4.3646	0.294495	-0.0431824	0.053574
4.3712	0.285339	-0.0468445	0.0532703
4.3778	0.275421	-0.0553894	0.0529178
4.3843	0.26474	-0.0747681	0.0525322
4.3909	0.254059	-0.0739288	0.0520734
4.3974	0.242615	-0.0746918	0.0515456
4.404	0.230408	-0.0884247	0.0508974
4.4105	0.217438	-0.123978	0.0501966
4.4171	0.204468	-0.130768	0.0493834
4.4236	0.190735	-0.153198	0.0484516
4.4302	0.177002	-0.177612	0.0473327
4.4367	0.162506	-0.211411	0.0461048
4.4433	0.14801	-0.224686	0.0446707
4.4498	0.132751	-0.275269	0.043037
4.4564	0.117493	-0.294342	0.0411954
4.463	0.102234	-0.354462	0.0390037
4.4695	0.0862122	-0.396576	0.0366471
4.4761	0.0709534	-0.476532	0.0337065
4.4826	0.0549316	-0.529861	0.0304574
4.4892	0.0389099	-0.663452	0.0265875
4.4957	0.0236511	-0.743027	0.0218897
4.5023	0.00762939	-0.742264	0.0169864
4.5088	-0.00839233	-0.712967	0.012192
4.5154	-0.0236511	-0.710068	0.00749779
4.5219	-0.0389099	-0.708694	0.00288798
4.5285	-0.0541687	-0.705719	-0.00177906
4.535	-0.0694275	-0.70343	-0.00635807
4.5416	-0.0839233	-0.700302	-0.0109889
4.5481	-0.0984192	-0.696945	-0.0155311
4.5547	-0.112915	-0.693359	-0.0201204
4.5613	-0.126648	-0.688248	-0.0246832
4.5678	-0.139618	-0.683746	-0.0291458
4.5744	-0.152588	-0.678177	-0.0336427
4.5809	-0.164795	-0.672913	-0.0380339
4.5875	-0.177002	-0.665054	-0.0424497
4.594	-0.187683	-0.657501	-0.0467507
4.6006	-0.199127	-0.648422	-0.0510601
4.6071	-0.209045	-0.636139	-0.0552345
4.6137	-0.218964	-0.624161	-0.059395
4.6202	-0.227356	-0.610123	-0.0634084
4.6268	-0.235748	-0.59494	-0.0673894
4.6333	-0.243378	-0.578842	-0.0712062
4.6399	-0.251007	-0.55954	-0.0749624
4.6465	-0.257111	-0.536804	-0.0785801
4.653	-0.262451	-0.511017	-0.0819876
4.6596	-0.267792	0.106583	-0.0837944
4.6661	-0.271606	0.0270081	-0.0841716
4.6727	-0.275421	-0.0309753	-0.0844686
4.6792	-0.278473	-0.0521088	-0.0846968
4.6858	-0.279999	-0.0267792	-0.084869
4.6923	-0.281525	-0.0126648	-0.0850455
4.6989	-0.282288	-0.00953674	-0.0851654
4.7054	-0.282288	-0.00473022	-0.0851903
4.712	-0.281525	-0.01091	-0.0851837
4.7185	-0.279999	-0.00602722	-0.0851838
4.7251	-0.27771	0.000991821	-0.0851634
4.7316	-0.274658	0.00808716	-0.0851202
4.7382	-0.270844	0.0101471	-0.0850581
4.7448	-0.267029	0.0128174	-0.0849604
4.7513	-0.261688	0.019455	-0.0848556
4.7579	-0.256348	0.0283051	-0.0847189
4.7644	-0.250244	0.0332642	-0.0845582
4.771	-0.243378	0.0400543	-0.0843491
4.7775	-0.236511	0.0382996	-0.0841132
4.7841	-0.228119	0.0385284	-0.083802
4.7906	-0.219727	0.0556946	-0.08345
4.7972	-0.211334	0.0711823	-0.0830606
4.8037	-0.202179	0.0728607	-0.0825771
4.8103	-0.192261	0.0988007	-0.0820103
4.8168	-0.18158	0.106964	-0.0814404
4.8234	-0.170898	0.103378	-0.0806788
4.83	-0.160217	0.136032	-0.0798239
4.8365	-0.148773	0.159531	-0.07888
4.8431	-0.137329	0.169525	-0.0777262
4.8496	-0.125885	0.221024	-0.0765288
4.8562	-0.113678	0.220108	-0.0750296
4.8627	-0.101471	0.28389	-0.0734482
4.8693	-0.0892639	0.280228	-0.0715415
4.8758	-0.0762939	0.347366	-0.069578
4.8824	-0.0640869	0.397339	-0.0670565
4.8889	-0.0511169	0.424271	-0.0644683
4.8955	-0.038147	0.533981	-0.0612508
4.902	-0.0259399	0.579147	-0.0576408
4.9086	-0.01297	0.672226	-0.0534459
4.9152	0	0.671234	-0.0490119
4.9217	0.012207	0.670166	-0.0446511
4.9283	0.0244141	0.669174	-0.0402317
4.9348	0.0366211	0.667496	-0.0358876
4.9414	0.0488281	0.664902	-0.0314909
4.9479	0.0602722	0.661926	-0.0271782
4.9545	0.0717163	0.659027	-0.0228171
4.961	0.0831604	0.657425	-0.0185396
4.9676	0.0946045	0.653458	-0.0142171
4.9741	0.104523	0.649338	-0.00998098
4.9807	0.115204	0.646133	-0.00570809
4.9872	0.125122	0.640411	-0.00152827
4.9938	0.134277	0.635452	0.00268378
5.0003	0.143433	0.629959	0.00679691
5.0069	0.152588	0.623932	0.010934
5.0135	0.160217	0.616455	0.0150254
5.02	0.167847	0.607681	0.0190034
5.0266	0.175476	0.597229	0.0229805
5.0331	0.182343	0.586548	0.0268295
5.0397	0.188446	0.574799	0.0306635
5.0462	0.193787	0.561905	0.0343589
5.0528	0.199127	0.547562	0.0380203
5.0593	0.203705	0.53093	0.0415259
5.0659	0.20752	0.509262	0.044969
5.0724	0.210571	-0.0101471	0.0459562
5.079	0.213623	-0.00297546	0.0463858
5.0855	0.215912	0.0614166	0.0467103
5.0921	0.217438	0.0426483	0.0468779
5.0987	0.218964	0.0087738	0.0470893
5.1052	0.218964	0.000839233	0.0472037
5.1118	0.218964	0.00862122	0.047222
5.1183	0.218964	0.00221252	0.047235
5.1249	0.217438	-0.016861	0.0472077
5.1314	0.215912	-0.0102997	0.0471622
5.138	0.213623	-0.0132751	0.0471007
5.1445	0.210571	-0.0119781	0.0470153
5.1511	0.20752	-0.0224304	0.0469169
5.1576	0.203705	-0.016098	0.0467788
5.1642	0.19989	-0.0237274	0.0466229
5.1707	0.19455	-0.031662	0.0464574
5.1773	0.189972	-0.0243378	0.0462253
5.1838	0.183868	-0.0315094	0.0459515
5.1904	0.177765	-0.0527191	0.0456314
5.197	0.171661	-0.0667572	0.0453173
5.2035	0.164795	-0.0569153	0.0448937
5.2101	0.157928	-0.0751495	0.0444291
5.2166	0.150299	-0.0817108	0.0439149
5.2232	0.141907	-0.114365	0.043294
5.2297	0.134277	-0.096283	0.0426088
5.2363	0.125885	-0.13443	0.0417755
5.2428	0.117493	-0.153275	0.0409513
5.2494	0.108337	-0.149612	0.0398684
5.2559	0.0991821	-0.18631	0.0388076
5.2625	0.0900269	-0.212708	0.0374748
5.269	0.0808716	-0.228577	0.0360721
5.2756	0.0717163	-0.260391	0.0344388
5.2822	0.0617981	-0.291214	0.0325965
5.2887	0.0526428	-0.321884	0.0306168
5.2953	0.0427246	-0.377655	0.0283696
5.3018	0.0328064	-0.428391	0.0257176
5.3084	0.0236511	-0.453568	0.0228148
5.3149	0.0137329	-0.565643	0.0195238
5.3215	0.00457764	-0.685883	0.0154047
5.328	-0.00534058	-0.710373	0.0107954
5.3346	-0.0144958	-0.708389	0.00611262
5.3411	-0.0236511	-0.706863	0.00151261
5.3477	-0.0328064	-0.704346	-0.00314203
5.3542	-0.0411987	-0.701065	-0.00770879
5.3608	-0.050354	-0.698624	-0.0123279
5.3673	-0.0587463	-0.694733	-0.0168569
5.3739	-0.0663757	-0.690079	-0.0214307
5.3805	-0.0747681	-0.685806	-0.0259742
5.387	-0.0823975	-0.680847	-0.0304174
5.3936	-0.0892639	-0.674973	-0.0348928
5.4001	-0.0961304	-0.668488	-0.0392607
5.4067	-0.102997	-0.660019	-0.0436483
5.4132	-0.109863	-0.651703	-0.0479147
5.4198	-0.115967	-0.639496	-0.0521756
5.4263	-0.121307	-0.627365	-0.0562957
5.4329	-0.126648	-0.590439	-0.0603884
5.4394	-0.131226	0.0353241	-0.0617173
5.446	-0.135803	-0.16098	-0.062511
5.4525	-0.139618	-0.105515	-0.0632869
5.4591	-0.143433	-0.139694	-0.0641388
5.4657	-0.146484	-0.07164	-0.0647769
5.4722	-0.149536	-0.127563	-0.0654899
5.4788	-0.151825	-0.0391388	-0.065959
5.4853	-0.154114	-0.0867462	-0.0664101
5.4919	-0.15564	-0.0350189	-0.0667767
5.4984	-0.157166	-0.0244141	-0.0669731
5.505	-0.157166	-0.0050354	-0.0672007
5.5115	-0.157928	-0.0122833	-0.0673301
5.5181	-0.157928	-0.00656128	-0.0673701
5.5246	-0.157166	0.00648499	-0.0673827
5.5312	-0.156403	0.0162506	-0.0673767
5.5377	-0.154877	0.0180817	-0.0673753
5.5443	-0.153351	0.0228119	-0.0673422
5.5508	-0.151062	0.0196075	-0.0672975
5.5574	-0.148773	0.0128937	-0.067239
5.564	-0.146484	0.0145721	-0.0671188
5.5705	-0.143433	0.010376	-0.0670131
5.5771	-0.139618	0.0234222	-0.0668539
5.5836	-0.135803	0.0367737	-0.0667048
5.5902	-0.131989	0.0301361	-0.0664833
5.5967	-0.127411	0.0518799	-0.0662449
5.6033	-0.122833	0.0440216	-0.0659854
5.6098	-0.118256	0.0305939	-0.0656069
5.6164	-0.112915	0.0861359	-0.0652401
5.6229	-0.107574	0.0743866	-0.0648488
5.6295	-0.102234	0.0783539	-0.0643232
5.636	-0.0961304	0.103836	-0.0637783
5.6426	-0.0900269	0.082016	-0.0631764
5.6492	-0.0839233	0.129395	-0.062459
5.6557	-0.0778198	0.106277	-0.0617024
5.6623	-0.0717163	0.174484	-0.0607936
5.6688	-0.0656128	0.124588	-0.0598096
5.6754	-0.0587463	0.209274	-0.0587763
5.6819	-0.0526428	0.182571	-0.0574638
5.6885	-0.0457764	0.233841	-0.0562046
5.695	-0.0396729	0.224609	-0.0546542
5.7016	-0.0328064	0.255203	-0.0531337
5.7081	-0.0259399	0.29953	-0.0512921
5.7147	-0.0198364	0.310898	-0.0492429
5.7212	-0.01297	0.334702	-0.0471713
5.7278	-0.00686646	0.420914	-0.0446509
5.7344	0	0.476837	-0.0416921
5.7409	0.00610352	0.520096	-0.0383763
5.7475	0.012207	0.5793	-0.0347866
5.754	0.0175476	0.66597	-0.0306115
5.7606	0.0236511	0.664673	-0.0262174
5.7671	0.0297546	0.661774	-0.0219052
5.7737	0.0350952	0.659409	-0.0175441
5.7802	0.0404358	0.656586	-0.0132662
5.7868	0.0457764	0.653839	-0.0089409
5.7933	0.050354	0.649796	-0.00470486
5.7999	0.0549316	0.645981	-0.000430199
5.8064	0.0595093	0.641251	0.00375168
5.813	0.0640869	0.635529	0.00796604
5.8195	0.0679016	0.629196	0.0120809
5.8261	0.0717163	0.420151	0.0158557
5.8327	0.0747681	0.0708771	0.0172294
5.8392	0.0778198	0.196152	0.0179625
5.8458	0.0808716	0.290451	0.0197195
5.8523	0.0839233	0.136032	0.0211888
5.8589	0.0862122	0.122375	0.0218613
5.8654	0.088501	0.167389	0.022873
5.872	0.0900269	0.0789642	0.0236621
5.8785	0.0915527	0.094986	0.0241731
5.8851	0.0930786	0.086441	0.0247948
5.8916	0.0938416	0.0554657	0.0252043
5.8982	0.0946045	0.0336456	0.025473
5.9047	0.0953674	0.0634003	0.0257002
5.9113	0.0953674	0.000228882	0.0259457
5.9179	0.0953674	0.0184631	0.025991
5.9244	0.0953674	0.00411987	0.0260622
5.931	0.0946045	0.0200653	0.0260387
5.9375	0.0938416	0.0128174	0.0260018
5.9441	0.0923157	0.00442505	0.0259458
5.9506	0.0915527	-0.0164032	0.0258713
5.9572	0.0900269	-0.0309753	0.0258037
5.9637	0.087738	-0.0140381	0.0257267
5.9703	0.0862122	-0.0167847	0.0255962
5.9768	0.0839233	-0.0341034	0.0254431
5.9834	0.0816345	-0.0221252	0.0252808
5.9899	0.0793457	-0.0392914	0.0250876
5.9965	0.0762939	-0.0389862	0.0248752
6.003	0.0740051	-0.0322723	0.0246468
6.0096	0.0709534	-0.0609589	0.0243011
6.0162	0.0679016	-0.0408173	0.0240514
6.0227	0.0648499	-0.0632477	0.0236223
6.0293	0.0610352	-0.0509644	0.0233317
6.0358	0.0579834	-0.0892639	0.0227822
6.0424	0.0541687	-0.0543976	0.0224443
6.0489	0.0511169	-0.101089	0.0218109
6.0555	0.0473022	-0.0782013	0.0213954
6.062	0.0434875	-0.12001	0.0205964
6.0686	0.0404358	-0.0798798	0.0200335
6.0751	0.0366211	-0.135956	0.0192842
6.0817	0.0328064	-0.125198	0.0183995
6.0882	0.0289917	-0.123825	0.0176663
6.0948	0.025177	-0.152664	0.0166939
6.1014	0.0221252	-0.1577	0.0157095
6.1079	0.0183105	-0.172501	0.0146055
6.1145	0.0144958	-0.175858	0.0134858
6.121	0.0114441	-0.18425	0.0123371
6.1276	0.00762939	-0.221634	0.0109612
6.1341	0.00457764	-0.210037	0.00956451
6.1407	0.00152588	-0.21286	0.00817052
6.1472	-0.00228882	-0.258789	0.00665566
6.1538	-0.00534058	-0.290527	0.00478922
6.1603	-0.00762939	-0.305252	0.00285241
6.1669	-0.0106812	-0.326538	0.000751797
6.1734	-0.0137329	-0.33577	-0.00137502
6.18	-0.0160217	-0.401993	-0.00385147
6.1865	-0.0183105	-0.393829	-0.00644561
6.1931	-0.0205994	-0.36171	-0.00892417
6.1997	-0.0228882	-0.312576	-0.0111729
6.2062	-0.0244141	-0.27092	-0.0130497
6.2128	-0.0267029	-0.316238	-0.0149433
6.2193	-0.0282288	-0.31723	-0.017042
6.2259	-0.0297546	-0.233994	-0.0188502
6.2324	-0.0312805	-0.165634	-0.0201065
6.239	-0.0320435	-0.165176	-0.0211587
6.2455	-0.0335693	-0.189819	-0.0223206
6.2521	-0.0343323	-0.148544	-0.023491
6.2586	-0.0350952	-0.0780487	-0.0241379
6.2652	-0.0358582	-0.0601196	-0.0245326
6.2717	-0.0358582	-0.0548553	-0.0249528
6.2783	-0.0366211	-0.0765991	-0.0253031
6.2849	-0.0366211	-0.0563812	-0.0258006
6.2914	-0.0366211	-0.0102234	-0.0259713
6.298	-0.0366211	-0.0225067	-0.0260971
6.3045	-0.0358582	-0.0038147	-0.0262199
6.3111	-0.0358582	-0.0240326	-0.0262097
6.3176	-0.0350952	0.0156403	-0.0262343
6.3242	-0.0350952	-0.00793457	-0.026254
6.3307	-0.0343323	-0.0315094	-0.0261728
6.3373	-0.0335693	-0.00297546	-0.0261401
6.3438	-0.0320435	0.00740051	-0.0261372
6.3504	-0.0312805	0.0156403	-0.0260749
6.3569	-0.0305176	0.00862122	-0.025977
6.3635	-0.0289917	0.0184631	-0.0258992
6.37	-0.0282288	0.0190735	-0.0257817
6.3766	-0.0267029	0.0237274	-0.0257189
6.3832	-0.025177	0.0148773	-0.0255267
6.3897	-0.0244141	0.0348663	-0.0253753
6.3963	-0.0228882	0.0136566	-0.0252015
6.4028	-0.0213623	0.0350189	-0.0250463
6.4094	-0.0198364	0.0269318	-0.0248846
6.4159	-0.0183105	0.0340271	-0.0246518
6.4225	-0.0175476	0.0237274	-0.024463
6.429	-0.0160217	0.050354	-0.0242202
6.4356	-0.0144958	0.0180817	-0.0240422
6.4421	-0.01297	0.056839	-0.0237976
6.4487	-0.012207	0.0318146	-0.0234404
6.4552	-0.0106812	0.0322723	-0.0232844
6.4618	-0.00915527	0.0502014	-0.0229745
6.4684	-0.00839233	0.0197601	-0.0228088
6.4749	-0.00686646	0.0505829	-0.0225657
6.4815	-0.00610352	0.0346375	-0.0222208
6.488	-0.00534058	0.032196	-0.022087
6.4946	-0.00457764	0.0418854	-0.0218065
6.5011	-0.0038147	0.0211334	-0.0215767
6.5077	-0.00305176	0.00389099	-0.0215072
6.5142	-0.00228882	0.0536346	-0.0212889
6.5208	-0.00152588	0.021286	-0.0211078
6.5273	-0.00152588	-0.00602722	-0.0210638
6.5339	-0.000762939	0.0566864	-0.0208018
6.5404	-0.000762939	-0.0132751	-0.0207451
6.547	-0.000762939	-0.0127411	-0.0207215
