0	0	-0.0130463	0
0.0131	0.0999451	0.591888	7.4604e-05
0.0262	0.198364	0.583191	0.0078949
0.0393	0.294495	0.549011	0.0153213
0.0524	0.387573	0.508423	0.0222553
0.0655	0.476074	0.458527	0.0285971
0.0786	0.559998	0.399094	0.0342231
0.0917	0.637054	0.339279	0.0390324
0.1048	0.708008	0.278473	0.0430976
0.1179	0.771332	0.0524139	0.0444714
0.131	0.827026	0.0733185	0.0453702
0.1441	0.873566	0.0469208	0.0460949
0.1572	0.91095	0.0318146	0.046593
0.1703	0.939941	0.0257111	0.0469559
0.1835	0.959015	0.0156403	0.0471693
0.1966	0.967407	-0.00473022	0.0472666
0.2097	0.966644	0.00495911	0.0472489
0.2228	0.956726	-0.00114441	0.0471782
0.2359	0.936127	-0.0202179	0.0470348
0.249	0.907135	-0.0211334	0.0468168
0.2621	0.868225	-0.0254059	0.04651
0.2752	0.821686	-0.0414276	0.046104
0.2883	0.765991	-0.0485992	0.0455643
0.3014	0.70343	-0.0630951	0.0448516
0.3145	0.634003	-0.0778198	0.043893
0.3276	0.558472	-0.104446	0.0426528
0.3407	0.4776	-0.153122	0.0409729
0.3538	0.392151	-0.204697	0.0386372
0.367	0.302887	-0.319519	0.0351724
0.3801	0.210571	-0.523376	0.0298289
0.3932	0.117493	-0.763474	0.0208952
0.4063	0.0236511	-0.756149	0.0109377
0.4194	-0.0709534	-0.749435	0.00107648
0.4325	-0.163269	-0.742722	-0.00870304
0.4456	-0.254822	-0.708847	-0.0180453
0.4587	-0.34256	-0.703354	-0.0272977
0.4718	-0.426483	-0.697098	-0.0364741
0.4849	-0.505829	-0.689697	-0.0455602
0.498	-0.579834	-0.678482	-0.0545231
0.5111	-0.647736	-0.665817	-0.0633319
0.5242	-0.708771	-0.64888	-0.0719456
0.5373	-0.762177	-0.625229	-0.0802931
0.5505	-0.808716	-0.597382	-0.0883635
0.5636	-0.8461	-0.563431	-0.0959735
0.5767	-0.874329	-0.521317	-0.103092
0.5898	-0.894165	-0.467758	-0.109584
0.6029	-0.904846	-0.400009	-0.115286
0.616	-0.906372	-0.323944	-0.120042
0.6291	-0.898743	-0.244675	-0.123758
0.6422	-0.881958	-0.172272	-0.126469
0.6553	-0.856781	0.0926971	-0.128046
0.6684	-0.822449	0.0371552	-0.127833
0.6815	-0.780487	0.0436401	-0.127534
0.6946	-0.730133	0.0513458	-0.127109
0.7077	-0.673676	0.0392914	-0.126487
0.7208	-0.610352	0.083313	-0.125665
0.734	-0.540161	0.0961304	-0.124509
0.7471	-0.465393	0.13298	-0.122971
0.7602	-0.38681	0.195389	-0.120779
0.7733	-0.304413	0.297012	-0.117649
0.7864	-0.219727	0.464859	-0.112754
0.7995	-0.132751	0.699005	-0.104864
0.8126	-0.0450134	0.688858	-0.0957739
0.8257	0.0434875	0.680008	-0.0868112
0.8388	0.130463	0.673752	-0.0779475
0.8519	0.215912	0.670929	-0.0691438
0.865	0.298309	0.66803	-0.0603745
0.8781	0.377655	0.662155	-0.0516645
0.8912	0.453186	0.656433	-0.0430302
0.9043	0.523376	0.649185	-0.0344819
0.9175	0.588226	0.63942	-0.0259813
0.9306	0.646973	0.628128	-0.0176829
0.9437	0.69809	0.613708	-0.00955121
0.9568	0.74234	0.594254	-0.00163558
0.9699	0.778961	0.570526	0.00599862
0.983	0.807953	0.544968	0.0133076
0.9961	0.828552	0.511475	0.020232
1.0092	0.839996	0.472031	0.026687
1.0223	0.843811	0.423355	0.032562
1.0354	0.83847	0.365524	0.0377373
1.0485	0.824738	0.300293	0.0421017
1.0616	0.803375	0.23201	0.0455853
1.0747	0.772858	0.169296	0.048205
1.0878	0.735474	-0.0800323	0.0492007
1.101	0.69046	-0.0465393	0.0487911
1.1141	0.639343	-0.0242615	0.0481803
1.1272	0.58136	-0.0855255	0.0474116
1.1403	0.518036	-0.102921	0.0463017
1.1534	0.450134	-0.122375	0.0448351
1.1665	0.377655	-0.189056	0.0428043
1.1796	0.301361	-0.266953	0.0398906
1.1927	0.223541	-0.421982	0.035504
1.2058	0.14267	-0.700607	0.0284048
1.2189	0.0610352	-0.75798	0.0185153
1.232	-0.0205994	-0.751114	0.00863232
1.2451	-0.101471	-0.745163	-0.00116824
1.2582	-0.180817	-0.709152	-0.0106328
1.2713	-0.258636	-0.705261	-0.0199021
1.2845	-0.333405	-0.6987	-0.0291696
1.2976	-0.404358	-0.691757	-0.0382815
1.3107	-0.470734	-0.682297	-0.0472817
1.3238	-0.531769	-0.669098	-0.0561354
1.3369	-0.587463	-0.653839	-0.0648075
1.35	-0.637054	-0.63179	-0.0732352
1.3631	-0.679779	-0.605392	-0.0813413
1.3762	-0.714874	-0.573807	-0.0890684
1.3893	-0.743103	-0.533829	-0.096331
1.4024	-0.763702	-0.483017	-0.103002
1.4155	-0.776672	-0.418777	-0.108919
1.4286	-0.782013	-0.342636	-0.113915
1.4417	-0.778961	-0.261078	-0.11787
1.4548	-0.76828	-0.186081	-0.120789
1.468	-0.749207	0.039444	-0.121361
1.4811	-0.723267	0.0231171	-0.121156
1.4942	-0.69046	0.0112152	-0.120852
1.5073	-0.650787	0.0414276	-0.120431
1.5204	-0.604248	0.0457001	-0.119879
1.5335	-0.552368	0.0720978	-0.119099
1.5466	-0.495148	0.0879669	-0.118049
1.5597	-0.432587	0.127258	-0.11663
1.5728	-0.366974	0.161209	-0.114672
1.5859	-0.297546	0.253983	-0.11186
1.599	-0.225067	0.37323	-0.107789
1.6121	-0.151062	0.608139	-0.101475
1.6252	-0.0762939	0.690689	-0.0924776
1.6384	0	0.681381	-0.0834225
1.6515	0.0747681	0.674896	-0.0745425
1.6646	0.148773	0.671158	-0.0657315
1.6777	0.22049	0.66925	-0.0569542
1.6908	0.289917	0.663452	-0.0482302
1.7039	0.356293	0.657654	-0.0395799
1.717	0.418091	0.65033	-0.0310126
1.7301	0.475311	0.640945	-0.0225501
1.7432	0.527954	0.630112	-0.0142183
1.7563	0.575256	0.617142	-0.00604619
1.7694	0.615692	0.599594	0.0019228
1.7825	0.650024	0.576401	0.00962429
1.7956	0.67749	0.550156	0.0170109
1.8087	0.69809	0.52002	0.0240289
1.8219	0.711823	0.481033	0.0306453
1.835	0.717926	0.434341	0.0366522
1.8481	0.717163	0.377426	0.0419809
1.8612	0.708771	0.312424	0.0465133
1.8743	0.693512	0.244904	0.0501659
1.8874	0.671387	0.0666046	0.0528963
1.9005	0.642395	0.0215912	0.0525912
1.9136	0.606537	-0.0411224	0.0521722
1.9267	0.565338	-0.0431824	0.0516536
1.9398	0.518799	-0.0733948	0.0508878
1.9529	0.467682	-0.0886536	0.0498718
1.966	0.411224	-0.112152	0.0485028
1.9791	0.351715	-0.16777	0.0466338
1.9922	0.288391	-0.231934	0.0440245
2.0054	0.222015	-0.364151	0.0402026
2.0185	0.154877	-0.549622	0.034447
2.0316	0.0862122	-0.758133	0.0256338
2.0447	0.0167847	-0.752258	0.0157406
2.0578	-0.0518799	-0.746231	0.00592892
2.0709	-0.119781	-0.710678	-0.00363645
2.084	-0.186157	-0.706406	-0.0129183
2.0971	-0.250244	-0.701065	-0.022133
2.1102	-0.312042	-0.693512	-0.0312658
2.1233	-0.369263	-0.684586	-0.0402963
2.1364	-0.423431	-0.672531	-0.0491879
2.1495	-0.47226	-0.658188	-0.0579079
2.1626	-0.51651	-0.637894	-0.0664021
2.1757	-0.554657	-0.61203	-0.0745895
2.1889	-0.588226	-0.581436	-0.0824715
2.202	-0.614929	-0.544052	-0.0898494
2.2151	-0.634766	-0.494766	-0.0966646
2.2282	-0.648499	-0.432816	-0.102759
2.2413	-0.656128	-0.359268	-0.10796
2.2544	-0.656128	-0.277328	-0.112127
2.2675	-0.650024	-0.0804138	-0.11426
2.2806	-0.637817	-0.0410461	-0.114141
2.2937	-0.618744	0.00106812	-0.113962
2.3068	-0.593567	0.0363922	-0.113729
2.3199	-0.563049	0.0218201	-0.113354
2.333	-0.526428	0.0485992	-0.112828
2.3461	-0.485229	0.0617218	-0.112103
2.3592	-0.43869	0.0847626	-0.11113
2.3724	-0.388336	0.124588	-0.109789
2.3855	-0.334167	0.166702	-0.107988
2.3986	-0.27771	0.21904	-0.105472
2.4117	-0.218201	0.325165	-0.101926
2.4248	-0.157166	0.490494	-0.0967064
2.4379	-0.0946045	0.691681	-0.0887978
2.451	-0.0320435	0.682907	-0.0797924
2.4641	0.0305176	0.67543	-0.0708971
2.4772	0.0930786	0.67131	-0.0620783
2.4903	0.153351	0.669327	-0.0532966
2.5034	0.212097	0.664291	-0.0445616
2.5165	0.268555	0.658188	-0.0358995
2.5296	0.32196	0.652084	-0.0273179
2.5427	0.371552	0.643539	-0.0188334
2.5559	0.417328	0.632248	-0.0104141
2.569	0.458527	0.619431	-0.00221216
2.5821	0.494385	0.602646	0.00579623
2.5952	0.524902	0.580826	0.0135489
2.6083	0.550842	0.555801	0.0209943
2.6214	0.569916	0.525818	0.0280815
2.6345	0.583649	0.488663	0.0347326
2.6476	0.592041	0.442734	0.0408443
2.6607	0.593567	0.387726	0.0462934
2.6738	0.588989	0.322647	0.0509563
2.6869	0.579071	0.253448	0.0547372
2.7	0.563049	0.0210571	0.0554231
2.7131	0.541687	-0.00289917	0.0551105
2.7262	0.514984	-0.037384	0.0547665
2.7394	0.482941	-0.0666046	0.0542237
2.7525	0.44632	-0.0613403	0.0534981
2.7656	0.405884	-0.0856781	0.0525389
2.7787	0.36087	-0.120087	0.0512557
2.7918	0.313568	-0.141678	0.0495011
2.8049	0.262451	-0.213547	0.0470701
2.818	0.209808	-0.293198	0.0437558
2.8311	0.154877	-0.441666	0.0389551
2.8442	0.0991821	-0.657425	0.0318555
2.8573	0.0427246	-0.752106	0.0222036
2.8704	-0.0144958	-0.746384	0.0123885
2.8835	-0.0701904	-0.711136	0.00274487
2.8966	-0.125122	-0.707321	-0.00654671
2.9097	-0.178528	-0.701675	-0.0157744
2.9229	-0.229645	-0.695114	-0.0249936
2.936	-0.278473	-0.686874	-0.0340446
2.9491	-0.323486	-0.674973	-0.0429637
2.9622	-0.365448	-0.660782	-0.0517186
2.9753	-0.402832	-0.642014	-0.0602602
2.9884	-0.436401	-0.617142	-0.0685088
3.0015	-0.465393	-0.587082	-0.0764044
3.0146	-0.489044	-0.551376	-0.0838731
3.0277	-0.507355	-0.504303	-0.0908011
3.0408	-0.521088	-0.444565	-0.0970303
3.0539	-0.52948	-0.370102	-0.102382
3.067	-0.531769	0.100479	-0.106306
3.0801	-0.52948	-0.0478363	-0.106299
3.0932	-0.521088	-0.0172424	-0.106202
3.1064	-0.508118	0.0256348	-0.106094
3.1195	-0.489807	0.0147247	-0.105849
3.1326	-0.466919	0.0284576	-0.105539
3.1457	-0.439453	0.0508881	-0.105057
3.1588	-0.40741	0.0696564	-0.104371
3.1719	-0.372314	0.0906372	-0.103464
3.185	-0.333405	0.107193	-0.102225
3.1981	-0.29068	0.156784	-0.100543
3.2112	-0.246429	0.19783	-0.0982652
3.2243	-0.199127	0.291367	-0.0950691
3.2374	-0.151062	0.397263	-0.0906621
3.2505	-0.101471	0.595703	-0.0843281
3.2636	-0.0511169	0.68367	-0.0756748
3.2768	0	0.676804	-0.0667029
3.2899	0.0495911	0.671616	-0.0578796
3.303	0.0984192	0.668869	-0.0490953
3.3161	0.146484	0.664902	-0.0403554
3.3292	0.192261	0.658951	-0.0316857
3.3423	0.235748	0.652618	-0.023095
3.3554	0.276184	0.643463	-0.0145987
3.3685	0.314331	0.63385	-0.00622743
3.3816	0.3479	0.621414	0.0019948
3.3947	0.378418	0.604706	0.0100292
3.4078	0.405121	0.583115	0.0178161
3.4209	0.426483	0.558395	0.0253012
3.434	0.444031	0.529556	0.0324337
3.4471	0.457001	0.493393	0.0391374
3.4603	0.465393	0.447311	0.0453524
3.4734	0.468445	0.391464	0.0508566
3.4865	0.466919	0.326157	0.0555695
3.4996	0.460815	0.0684357	0.0565895
3.5127	0.450134	-0.0485229	0.0564464
3.5258	0.435638	-0.00457764	0.0562126
3.5389	0.415802	-0.0267792	0.0558825
3.552	0.392151	-0.0437927	0.0553829
3.5651	0.365448	-0.0502777	0.0546984
3.5782	0.33493	-0.0796509	0.0537696
3.5913	0.300598	-0.107651	0.052525
3.6044	0.263977	-0.149612	0.0508969
3.6175	0.22583	-0.202026	0.0486174
3.6306	0.184631	-0.260696	0.045678
3.6438	0.141907	-0.365219	0.0415397
3.6569	0.0984192	-0.505981	0.0358378
3.67	0.0549316	-0.749969	0.0275392
3.6831	0.0106812	-0.745163	0.0177385
3.6962	-0.0328064	-0.712357	0.00805621
3.7093	-0.0762939	-0.707169	-0.00124046
3.7224	-0.118256	-0.702591	-0.0104764
3.7355	-0.158691	-0.69603	-0.0196359
3.7486	-0.196838	-0.687103	-0.0287008
3.7617	-0.232697	-0.676422	-0.0376381
3.7748	-0.266266	-0.663376	-0.0464167
3.7879	-0.296783	-0.644913	-0.054991
3.801	-0.323486	-0.619812	-0.0632828
3.8141	-0.347137	-0.591583	-0.0712285
3.8273	-0.367737	-0.555878	-0.0788107
3.8404	-0.382996	-0.509491	-0.0857984
3.8535	-0.395203	-0.449295	-0.0920902
3.8666	-0.402832	0.127945	-0.0967171
3.8797	-0.406647	-0.0460815	-0.0968624
3.8928	-0.406647	0.0151062	-0.096936
3.9059	-0.402069	-0.00846863	-0.0968976
3.919	-0.392914	0.0169373	-0.0968039
3.9321	-0.380707	0.00740051	-0.0966141
3.9452	-0.364685	0.0268555	-0.0963342
3.9583	-0.344849	0.0424194	-0.0959113
3.9714	-0.32196	0.0444794	-0.0953051
3.9845	-0.296021	0.065918	-0.0944404
3.9976	-0.267792	0.106964	-0.093319
4.0108	-0.236511	0.130157	-0.0917405
4.0239	-0.202942	0.175095	-0.0896731
4.037	-0.16861	0.268402	-0.0868823
4.0501	-0.131989	0.344315	-0.083069
4.0632	-0.0946045	0.465088	-0.0779806
4.0763	-0.0572205	0.649261	-0.0710518
4.0894	-0.0190735	0.675888	-0.062183
4.1025	0.0183105	0.671539	-0.0533598
4.1156	0.0556946	0.669327	-0.0445764
4.1287	0.0915527	0.664444	-0.0358349
4.1418	0.126648	0.659103	-0.0271624
4.1549	0.159454	0.652161	-0.0185673
4.168	0.190735	0.643921	-0.0100653
4.1811	0.219727	0.634918	-0.00168576
4.1943	0.246429	0.621719	0.00661015
4.2074	0.269318	0.605774	0.014658
4.2205	0.289917	0.583954	0.0224608
4.2336	0.307465	0.56015	0.0299657
4.2467	0.32196	0.530319	0.0371181
4.2598	0.332642	0.493088	0.0438361
4.2729	0.339508	0.447006	0.0500098
4.286	0.343323	-0.059967	0.0549421
4.2991	0.343323	-0.0373077	0.0549223
4.3122	0.340271	0.0178528	0.0549072
4.3253	0.333405	-0.0273895	0.0547839
4.3384	0.323486	-0.0292969	0.0545555
4.3515	0.310516	-0.0286102	0.0542328
4.3646	0.294495	-0.0413513	0.0537762
4.3778	0.275421	-0.0533295	0.0531239
4.3909	0.254059	-0.0725555	0.0522797
4.404	0.230408	-0.0885773	0.0510997
4.4171	0.204468	-0.131912	0.0495893
4.4302	0.177002	-0.18013	0.0475394
4.4433	0.14801	-0.224609	0.0448795
4.4564	0.117493	-0.28801	0.0413992
4.4695	0.0862122	-0.395279	0.0368483
4.4826	0.0549316	-0.538254	0.0306711
4.4957	0.0236511	-0.743027	0.0221235
4.5088	-0.00839233	-0.712814	0.0124242
4.5219	-0.0389099	-0.70816	0.00312394
4.535	-0.0694275	-0.702209	-0.0061177
4.5481	-0.0984192	-0.696182	-0.0152846
4.5613	-0.126648	-0.6884	-0.0244295
4.5744	-0.152588	-0.677872	-0.0333809
4.5875	-0.177002	-0.664902	-0.0421784
4.6006	-0.199127	-0.646896	-0.0507789
4.6137	-0.218964	-0.62355	-0.0591028
4.6268	-0.235748	-0.594711	-0.0670852
4.6399	-0.251007	-0.55809	-0.0746458
4.653	-0.262451	-0.510712	-0.0816572
4.6661	-0.271606	0.0242615	-0.0839916
4.6792	-0.278473	-0.0547791	-0.084494
4.6923	-0.281525	-0.0151062	-0.0848417
4.7054	-0.282288	-0.00465393	-0.084987
4.7185	-0.279999	-0.00389099	-0.0849805
4.7316	-0.274658	0.00663757	-0.0849163
4.7448	-0.267029	0.0123596	-0.0847554
4.7579	-0.256348	0.0306702	-0.0845138
4.771	-0.243378	0.0437164	-0.0841443
4.7841	-0.228119	0.0351715	-0.0835981
4.7972	-0.211334	0.0719452	-0.0828509
4.8103	-0.192261	0.100021	-0.0818078
4.8234	-0.170898	0.103302	-0.0804712
4.8365	-0.148773	0.158463	-0.0786688
4.8496	-0.125885	0.224075	-0.0763111
4.8627	-0.101471	0.286713	-0.0732414
4.8758	-0.0762939	0.347061	-0.0693653
4.8889	-0.0511169	0.426178	-0.0642454
4.902	-0.0259399	0.5793	-0.0574312
4.9152	0	0.670929	-0.0487897
4.9283	0.0244141	0.669479	-0.0400083
4.9414	0.0488281	0.664749	-0.0312678
4.9545	0.0717163	0.659866	-0.0225945
4.9676	0.0946045	0.652847	-0.0139962
4.9807	0.115204	0.645676	-0.00549006
4.9938	0.134277	0.635147	0.00289793
5.0069	0.152588	0.623245	0.0111418
5.02	0.167847	0.6073	0.0192044
5.0331	0.182343	0.585861	0.0270221
5.0462	0.193787	0.561523	0.0345408
5.0593	0.203705	0.529861	0.0416945
5.0724	0.210571	-0.0205231	0.0461722
5.0855	0.215912	0.0639343	0.0469211
5.0987	0.218964	0.00801086	0.0473009
5.1118	0.218964	0.00801086	0.0474305
5.1249	0.217438	-0.0157166	0.0474169
5.138	0.213623	-0.0151825	0.0473094
5.1511	0.20752	-0.021286	0.0471277
5.1642	0.19989	-0.02388	0.0468361
5.1773	0.189972	-0.0210571	0.0464375
5.1904	0.177765	-0.0534821	0.0458443
5.2035	0.164795	-0.0577545	0.0451146
5.2166	0.150299	-0.0852203	0.0441227
5.2297	0.134277	-0.0974274	0.042823
5.2428	0.117493	-0.15274	0.0411688
5.2559	0.0991821	-0.188828	0.0390207
5.269	0.0808716	-0.232468	0.0362784
5.2822	0.0617981	-0.296478	0.0328193
5.2953	0.0427246	-0.378036	0.0286094
5.3084	0.0236511	-0.447159	0.0230465
5.3215	0.00457764	-0.689316	0.0156367
5.3346	-0.0144958	-0.708084	0.00634805
5.3477	-0.0328064	-0.703201	-0.00290171
5.3608	-0.050354	-0.69809	-0.012081
5.3739	-0.0663757	-0.689774	-0.0211769
5.387	-0.0823975	-0.680771	-0.0301561
5.4001	-0.0961304	-0.667191	-0.0389903
5.4132	-0.109863	-0.650864	-0.0476343
5.4263	-0.121307	-0.626984	-0.0560051
5.4394	-0.131226	0.0397491	-0.0615199
5.4525	-0.139618	-0.101547	-0.0630586
5.4657	-0.146484	-0.0694275	-0.0645566
5.4788	-0.151825	-0.041275	-0.0657355
5.4919	-0.15564	-0.0336456	-0.0665467
5.505	-0.157166	-0.00579834	-0.066968
5.5181	-0.157928	-0.00976562	-0.0671488
5.5312	-0.156403	0.0165558	-0.0671552
5.5443	-0.153351	0.0247955	-0.0671199
5.5574	-0.148773	0.0150299	-0.0670188
5.5705	-0.143433	0.00846863	-0.0667892
5.5836	-0.135803	0.03685	-0.0664806
5.5967	-0.127411	0.0527191	-0.0660217
5.6098	-0.118256	0.0267029	-0.0653868
5.6229	-0.107574	0.0765228	-0.064624
5.636	-0.0961304	0.103302	-0.0635469
5.6492	-0.0839233	0.129471	-0.0622277
5.6623	-0.0717163	0.176544	-0.0605693
5.6754	-0.0587463	0.20546	-0.0585517
5.6885	-0.0457764	0.229874	-0.0559711
5.7016	-0.0328064	0.259705	-0.0528723
5.7147	-0.0198364	0.323257	-0.0490298
5.7278	-0.00686646	0.409012	-0.0444131
5.7409	0.00610352	0.524597	-0.0381002
5.754	0.0175476	0.666428	-0.0303467
5.7671	0.0297546	0.661392	-0.0216419
5.7802	0.0404358	0.656738	-0.0130044
5.7933	0.050354	0.649414	-0.00444536
5.8064	0.0595093	0.641022	0.0040079
5.8195	0.0679016	0.629959	0.0123313
5.8327	0.0747681	0.0715637	0.0174465
5.8458	0.0808716	0.291443	0.0199426
5.8589	0.0862122	0.118179	0.0221002
5.872	0.0900269	0.0811005	0.0238998
5.8851	0.0930786	0.0907135	0.0250178
5.8982	0.0946045	0.0322723	0.0257029
5.9113	0.0953674	0.00144958	0.0261793
5.9244	0.0953674	0.0025177	0.0262886
5.9375	0.0938416	0.0115967	0.0262235
5.9506	0.0915527	-0.0146484	0.0261004
5.9637	0.087738	-0.014267	0.0259524
5.9768	0.0839233	-0.0360107	0.0256742
5.9899	0.0793457	-0.0408173	0.0253115
6.003	0.0740051	-0.0304413	0.0248633
6.0162	0.0679016	-0.0376892	0.0242726
6.0293	0.0610352	-0.0462341	0.0235578
6.0424	0.0541687	-0.0531769	0.0226711
6.0555	0.0473022	-0.0763702	0.0216074
6.0686	0.0404358	-0.0852203	0.0202474
6.0817	0.0328064	-0.130463	0.0186435
6.0948	0.025177	-0.14946	0.0169328
6.1079	0.0183105	-0.162354	0.0148275
6.121	0.0114441	-0.193863	0.0125511
6.1341	0.00457764	-0.208511	0.00983323
6.1472	-0.00228882	-0.251999	0.00686173
6.1603	-0.00762939	-0.306854	0.00315017
6.1734	-0.0137329	-0.338364	-0.00113577
6.1865	-0.0183105	-0.392075	-0.00620554
6.1997	-0.0228882	-0.312576	-0.0108815
6.2128	-0.0267029	-0.315323	-0.0146411
6.2259	-0.0297546	-0.232162	-0.0185886
6.239	-0.0320435	-0.159607	-0.0208646
6.2521	-0.0343323	-0.152817	-0.0232072
6.2652	-0.0358582	-0.0616455	-0.0242824
6.2783	-0.0366211	-0.0753021	-0.0250294
6.2914	-0.0366211	-0.0108337	-0.0256892
6.3045	-0.0358582	-0.00183105	-0.0259255
6.3176	-0.0350952	0.0170135	-0.0259487
6.3307	-0.0343323	-0.0311279	-0.0258839
6.3438	-0.0320435	0.00785828	-0.0258475
6.3569	-0.0305176	0.00724792	-0.0256897
6.37	-0.0282288	0.0229645	-0.0254957
6.3832	-0.025177	0.0197601	-0.0252371
6.3963	-0.0228882	0.0196075	-0.0249111
6.4094	-0.0198364	0.0258636	-0.0246031
6.4225	-0.0175476	0.0241852	-0.0241608
6.4356	-0.0144958	0.0273132	-0.023738
6.4487	-0.012207	0.0340271	-0.0231682
6.4618	-0.00915527	0.0452423	-0.0227091
6.4749	-0.00686646	0.0417328	-0.022276
6.488	-0.00534058	0.0318909	-0.0217771
6.5011	-0.0038147	0.0296783	-0.0212867
6.5142	-0.00228882	0.054245	-0.0210124
6.5273	-0.00152588	-0.00823975	-0.0207656
6.5404	-0.000762939	-0.0128937	-0.0204409
6.5536	0	0.0196838	-0.0204146
6.5667	0.0999451	0.66246	-0.0128321
6.5798	0.198364	0.657425	-0.00417467
6.5929	0.294495	0.644989	0.0043662
6.606	0.387573	0.627441	0.0127081
6.6191	0.476074	0.608597	0.0208042
6.6322	0.559998	0.590897	0.0286575
6.6453	0.637054	0.56488	0.0362363
6.6584	0.708008	0.531235	0.0434213
6.6715	0.771332	0.492935	0.0501245
6.6846	0.827026	0.446701	0.0562905
6.6977	0.873566	0.389252	0.0617631
6.7108	0.91095	0.324173	0.0664448
6.7239	0.939941	0.256119	0.0702447
6.7371	0.959015	0.190811	0.073183
6.7502	0.967407	0.134964	0.0753015
6.7633	0.966644	0.091095	0.0767721
6.7764	0.956726	0.0598907	0.0777539
6.7895	0.936127	0.00724792	0.0779524
6.8026	0.907135	-0.0131226	0.0777537
6.8157	0.868225	-0.0222015	0.0774514
6.8288	0.821686	-0.0367737	0.07705
6.8419	0.765991	-0.0454712	0.0765158
6.855	0.70343	-0.0656891	0.0758154
6.8681	0.634003	-0.0737	0.0748642
6.8812	0.558472	-0.105209	0.0736308
6.8943	0.4776	-0.151596	0.071959
6.9074	0.392151	-0.204544	0.0696293
6.9206	0.302887	-0.319748	0.0661713
6.9337	0.210571	-0.520706	0.0608384
6.9468	0.117493	-0.764389	0.0519008
6.9599	0.0236511	-0.756302	0.0419367
6.973	-0.0709534	-0.750122	0.0320682
6.9861	-0.163269	-0.743103	0.0222814
6.9992	-0.254822	-0.709152	0.0129301
7.0123	-0.34256	-0.703354	0.00367703
7.0254	-0.426483	-0.697556	-0.00550023
7.0385	-0.505829	-0.689926	-0.0145871
7.0516	-0.579834	-0.679016	-0.0235507
7.0647	-0.647736	-0.665741	-0.0323607
7.0778	-0.708771	-0.648422	-0.0409756
7.0909	-0.762177	-0.624924	-0.0493239
7.1041	-0.808716	-0.596695	-0.0573937
7.1172	-0.8461	-0.563126	-0.0650016
7.1303	-0.874329	-0.520554	-0.0721147
7.1434	-0.894165	-0.466385	-0.0785962
7.1565	-0.904846	-0.400085	-0.0842841
7.1696	-0.906372	-0.322723	-0.0890232
7.1827	-0.898743	-0.243454	-0.0927226
7.1958	-0.881958	-0.17128	-0.095422
7.2089	-0.856781	0.0873566	-0.0969676
7.222	-0.822449	0.0318909	-0.0967591
7.2351	-0.780487	0.0416565	-0.0964575
7.2482	-0.730133	0.0556183	-0.0960358
7.2613	-0.673676	0.0370789	-0.0954159
7.2744	-0.610352	0.0856781	-0.094592
7.2876	-0.540161	0.0947571	-0.0934342
7.3007	-0.465393	0.132446	-0.0918927
7.3138	-0.38681	0.19783	-0.0897015
7.3269	-0.304413	0.297012	-0.0865727
7.34	-0.219727	0.468063	-0.0816695
7.3531	-0.132751	0.699234	-0.0737779
7.3662	-0.0450134	0.688858	-0.064689
7.3793	0.0434875	0.679703	-0.0557289
7.3924	0.130463	0.673447	-0.0468673
7.4055	0.215912	0.670395	-0.0380655
7.4186	0.298309	0.667648	-0.0292972
7.4317	0.377655	0.662231	-0.020589
7.4448	0.453186	0.656052	-0.0119557
7.4579	0.523376	0.648956	-0.00340879
7.4711	0.588226	0.638657	0.00509079
7.4842	0.646973	0.627594	0.0133887
7.4973	0.69809	0.61348	0.0215196
7.5104	0.74234	0.593643	0.0294339
7.5235	0.778961	0.570908	0.037069
7.5366	0.807953	0.543671	0.0443788
7.5497	0.828552	0.511932	0.0513044
7.5628	0.839996	0.471954	0.057761
7.5759	0.843811	0.423431	0.0636377
7.589	0.83847	0.365448	0.0688122
7.6021	0.824738	0.299606	0.0731732
7.6152	0.803375	0.230942	0.0766495
7.6283	0.772858	0.168686	0.0792623
7.6414	0.735474	-0.0824738	0.0802373
7.6546	0.69046	-0.0509644	0.0798297
7.6677	0.639343	-0.0225067	0.0792221
7.6808	0.58136	-0.0888824	0.0784495
7.6939	0.518036	-0.101776	0.0773377
7.707	0.450134	-0.121841	0.0758742
7.7201	0.377655	-0.186386	0.07384
7.7332	0.301361	-0.268707	0.0709257
7.7463	0.223541	-0.418701	0.0665398
7.7594	0.14267	-0.700531	0.0594413
7.7725	0.0610352	-0.758438	0.0495433
7.7856	-0.0205994	-0.75119	0.039659
7.7987	-0.101471	-0.745468	0.0298576
7.8118	-0.180817	-0.710144	0.0203924
7.8249	-0.258636	-0.70488	0.011123
7.8381	-0.333405	-0.699234	0.00185547
7.8512	-0.404358	-0.691757	-0.00725635
7.8643	-0.470734	-0.681992	-0.0162566
7.8774	-0.531769	-0.669632	-0.0251104
7.8905	-0.587463	-0.653763	-0.0337831
7.9036	-0.637054	-0.63179	-0.0422112
7.9167	-0.679779	-0.605316	-0.0503175
7.9298	-0.714874	-0.573959	-0.0580445
7.9429	-0.743103	-0.533524	-0.0653055
7.956	-0.763702	-0.482254	-0.0719734
7.9691	-0.776672	-0.417938	-0.0778854
7.9822	-0.782013	-0.342178	-0.0828756
7.9953	-0.778961	-0.260925	-0.0868248
8.0084	-0.76828	-0.18692	-0.0897386
8.0216	-0.749207	0.0428772	-0.0903
8.0347	-0.723267	0.0247955	-0.0900965
8.0478	-0.69046	0.00968933	-0.0897915
8.0609	-0.650787	0.0452423	-0.0893719
8.074	-0.604248	0.0443268	-0.0888176
8.0871	-0.552368	0.0671387	-0.0880365
8.1002	-0.495148	0.0867462	-0.086989
8.1133	-0.432587	0.124969	-0.0855684
8.1264	-0.366974	0.162811	-0.0836073
8.1395	-0.297546	0.255508	-0.0808013
8.1526	-0.225067	0.374603	-0.0767223
8.1657	-0.151062	0.604935	-0.0704108
8.1788	-0.0762939	0.691147	-0.0614204
8.192	0	0.681458	-0.0523657
8.2051	0.0747681	0.67482	-0.0434858
8.2182	0.148773	0.670547	-0.0346758
8.2313	0.22049	0.668411	-0.0258989
8.2444	0.289917	0.663681	-0.0171759
8.2575	0.356293	0.657425	-0.0085265
8.2706	0.418091	0.651169	4.0184e-05
8.2837	0.475311	0.641098	0.00850347
8.2968	0.527954	0.629959	0.0168345
8.3099	0.575256	0.616837	0.0250065
8.323	0.615692	0.599365	0.0329757
8.3361	0.650024	0.576248	0.040678
8.3492	0.67749	0.550308	0.0480657
8.3623	0.69809	0.519562	0.0550845
8.3755	0.711823	0.481644	0.0617023
8.3886	0.717926	0.434341	0.067711
8.4017	0.717163	0.378036	0.0730399
8.4148	0.708771	0.312881	0.0775707
8.4279	0.693512	0.243912	0.0812197
8.441	0.671387	0.0565338	0.0839402
8.4541	0.642395	0.0189972	0.0836325
8.4672	0.606537	-0.0382233	0.0832111
8.4803	0.565338	-0.0461578	0.0826919
8.4934	0.518799	-0.0711823	0.0819248
8.5065	0.467682	-0.0856781	0.0809104
8.5196	0.411224	-0.108261	0.0795408
8.5327	0.351715	-0.166855	0.077669
8.5458	0.288391	-0.23262	0.0750601
8.559	0.222015	-0.364075	0.0712345
8.5721	0.154877	-0.548325	0.0654802
8.5852	0.0862122	-0.758057	0.0566613
8.5983	0.0167847	-0.752029	0.0467674
8.6114	-0.0518799	-0.746384	0.0369558
8.6245	-0.119781	-0.711136	0.02739
8.6376	-0.186157	-0.706558	0.0181081
8.6507	-0.250244	-0.700302	0.00889345
8.6638	-0.312042	-0.693359	-0.000239452
8.6769	-0.369263	-0.684738	-0.00926981
8.69	-0.423431	-0.672836	-0.0181613
8.7031	-0.47226	-0.657959	-0.0268815
8.7162	-0.51651	-0.636902	-0.0353758
8.7293	-0.554657	-0.611954	-0.0435637
8.7425	-0.588226	-0.581665	-0.0514451
8.7556	-0.614929	-0.543594	-0.0588223
8.7687	-0.634766	-0.494843	-0.0656362
8.7818	-0.648499	-0.432892	-0.0717274
8.7949	-0.656128	-0.358429	-0.0769239
8.808	-0.656128	-0.276794	-0.0810869
8.8211	-0.650024	-0.0748444	-0.0832098
8.8342	-0.637817	-0.0386047	-0.0830896
8.8473	-0.618744	-0.00106812	-0.0829087
8.8604	-0.593567	0.0371552	-0.0826726
8.8735	-0.563049	0.0211334	-0.0823012
8.8866	-0.526428	0.0520325	-0.081777
8.8997	-0.485229	0.066452	-0.0810462
8.9128	-0.43869	0.0853729	-0.0800736
8.926	-0.388336	0.125046	-0.0787381
8.9391	-0.334167	0.163345	-0.0769321
8.9522	-0.27771	0.219498	-0.0744202
8.9653	-0.218201	0.325089	-0.0708601
8.9784	-0.157166	0.487213	-0.0656487
8.9915	-0.0946045	0.69252	-0.0577362
9.0046	-0.0320435	0.682526	-0.048731
9.0177	0.0305176	0.675201	-0.0398362
9.0308	0.0930786	0.671158	-0.0310178
9.0439	0.153351	0.669937	-0.0222362
9.057	0.212097	0.664062	-0.0135011
9.0701	0.268555	0.658035	-0.00483823
9.0832	0.32196	0.652618	0.00374344
9.0963	0.371552	0.643387	0.012228
9.1095	0.417328	0.632782	0.0206475
9.1226	0.458527	0.619278	0.0288496
9.1357	0.494385	0.602188	0.0368579
9.1488	0.524902	0.580368	0.0446107
9.1619	0.550842	0.555191	0.0520567
9.175	0.569916	0.525589	0.0591444
9.1881	0.583649	0.488663	0.0657957
9.2012	0.592041	0.442276	0.0719075
9.2143	0.593567	0.387802	0.0773556
9.2274	0.588989	0.323029	0.0820155
9.2405	0.579071	0.253448	0.0857927
9.2536	0.563049	0.0164032	0.0864684
9.2667	0.541687	-0.00144958	0.0861551
9.2798	0.514984	-0.0383759	0.0858084
9.293	0.482941	-0.0644684	0.085269
9.3061	0.44632	-0.0630951	0.0845436
9.3192	0.405884	-0.0875092	0.0835818
9.3323	0.36087	-0.117111	0.0822992
9.3454	0.313568	-0.138092	0.0805378
9.3585	0.262451	-0.216293	0.0781115
9.3716	0.209808	-0.291214	0.0747938
9.3847	0.154877	-0.439072	0.069992
9.3978	0.0991821	-0.652161	0.0628949
9.4109	0.0427246	-0.752335	0.0532467
9.424	-0.0144958	-0.746994	0.0434316
9.4371	-0.0701904	-0.71167	0.0337871
9.4502	-0.125122	-0.707321	0.0244956
9.4633	-0.178528	-0.702057	0.0152675
9.4765	-0.229645	-0.694656	0.00604792
9.4896	-0.278473	-0.686569	-0.00300318
9.5027	-0.323486	-0.675049	-0.0119221
9.5158	-0.365448	-0.660934	-0.0206775
9.5289	-0.402832	-0.642166	-0.0292195
9.542	-0.436401	-0.616989	-0.0374687
9.5551	-0.465393	-0.587616	-0.0453651
9.5682	-0.489044	-0.551147	-0.0528336
9.5813	-0.507355	-0.504227	-0.0597604
9.5944	-0.521088	-0.444183	-0.0659878
9.6075	-0.52948	-0.370331	-0.0713378
9.6206	-0.531769	0.103836	-0.0752496
9.6337	-0.52948	-0.044632	-0.0752471
9.6468	-0.521088	-0.014267	-0.0751488
9.66	-0.508118	0.0234222	-0.0750401
9.6731	-0.489807	0.0156403	-0.074797
9.6862	-0.466919	0.029068	-0.0744846
9.6993	-0.439453	0.0496674	-0.0740013
9.7124	-0.40741	0.0717163	-0.0733206
9.7255	-0.372314	0.0918579	-0.0724162
9.7386	-0.333405	0.106583	-0.0711734
9.7517	-0.29068	0.157089	-0.0694889
9.7648	-0.246429	0.195389	-0.0672126
9.7779	-0.199127	0.29213	-0.0640231
9.791	-0.151062	0.400162	-0.0596158
9.8041	-0.101471	0.597534	-0.0532796
9.8172	-0.0511169	0.683136	-0.0446188
9.8304	0	0.675583	-0.0356468
9.8435	0.0495911	0.671844	-0.0268239
9.8566	0.0984192	0.669327	-0.0180399
9.8697	0.146484	0.664597	-0.0092999
9.8828	0.192261	0.658951	-0.000629921
9.8959	0.235748	0.652313	0.00796077
9.909	0.276184	0.643463	0.016457
9.9221	0.314331	0.634079	0.0248286
9.9352	0.3479	0.620804	0.0330509
9.9483	0.378418	0.60463	0.0410853
9.9614	0.405121	0.583572	0.0488723
9.9745	0.426483	0.558243	0.0563578
9.9876	0.444031	0.528946	0.0634912
10.0007	0.457001	0.493088	0.0701953
10.0139	0.465393	0.447464	0.0764103
10.027	0.468445	0.391922	0.081914
10.0401	0.466919	0.32608	0.0866251
10.0532	0.460815	0.069809	0.0876396
10.0663	0.450134	-0.046463	0.0874922
10.0794	0.435638	-0.00427246	0.0872608
10.0925	0.415802	-0.0292969	0.0869288
10.1056	0.392151	-0.0458527	0.0864301
10.1187	0.365448	-0.0524139	0.0857447
10.1318	0.33493	-0.0774384	0.084816
10.1449	0.300598	-0.10849	0.0835695
10.158	0.263977	-0.148468	0.0819445
10.1711	0.22583	-0.206985	0.0796666
10.1842	0.184631	-0.258713	0.0767187
10.1974	0.141907	-0.363388	0.0725806
10.2105	0.0984192	-0.504761	0.0668801
10.2236	0.0549316	-0.750732	0.0585929
10.2367	0.0106812	-0.745773	0.0487923
10.2498	-0.0328064	-0.712433	0.039109
10.2629	-0.0762939	-0.707397	0.0298117
10.276	-0.118256	-0.701981	0.020576
10.2891	-0.158691	-0.695496	0.0114166
10.3022	-0.196838	-0.68718	0.00235195
10.3153	-0.232697	-0.676346	-0.00658543
10.3284	-0.266266	-0.663071	-0.0153645
10.3415	-0.296783	-0.645676	-0.0239393
10.3546	-0.323486	-0.620804	-0.0322317
10.3677	-0.347137	-0.591354	-0.0401782
10.3809	-0.367737	-0.555649	-0.0477605
10.394	-0.382996	-0.508957	-0.0547478
10.4071	-0.395203	-0.448837	-0.0610385
10.4202	-0.402832	0.127487	-0.0656532
10.4333	-0.406647	-0.0458527	-0.0658054
10.4464	-0.406647	0.016861	-0.0658789
10.4595	-0.402069	-0.00892639	-0.0658386
10.4726	-0.392914	0.0170898	-0.065747
10.4857	-0.380707	0.00541687	-0.0655555
10.4988	-0.364685	0.0273895	-0.065274
10.5119	-0.344849	0.0434875	-0.0648507
10.525	-0.32196	0.0441742	-0.0642437
10.5381	-0.296021	0.0699615	-0.0633848
10.5512	-0.267792	0.107193	-0.0622655
10.5644	-0.236511	0.129242	-0.0606785
10.5775	-0.202942	0.170517	-0.0586202
10.5906	-0.16861	0.269089	-0.0558319
10.6037	-0.131989	0.346527	-0.0520212
10.6168	-0.0946045	0.467987	-0.0469295
10.6299	-0.0572205	0.64888	-0.0400061
10.643	-0.0190735	0.676193	-0.0311381
10.6561	0.0183105	0.67131	-0.0223147
10.6692	0.0556946	0.669479	-0.0135303
10.6823	0.0915527	0.664825	-0.00478857
10.6954	0.126648	0.659103	0.00388361
10.7085	0.159454	0.652695	0.0124782
10.7216	0.190735	0.644379	0.0209798
10.7347	0.219727	0.634537	0.0293596
10.7479	0.246429	0.622253	0.0376558
10.761	0.269318	0.606308	0.0457041
10.7741	0.289917	0.584869	0.0535076
10.7872	0.307465	0.560379	0.0610137
10.8003	0.32196	0.530624	0.068167
10.8134	0.332642	0.493851	0.0748861
10.8265	0.339508	0.447159	0.0810597
10.8396	0.343323	-0.0591278	0.0859924
10.8527	0.343323	-0.0373077	0.0859729
10.8658	0.340271	0.0171661	0.0859566
10.8789	0.333405	-0.0260925	0.085832
10.892	0.323486	-0.0315094	0.085603
10.9051	0.310516	-0.0309753	0.0852797
10.9182	0.294495	-0.0417328	0.0848269
10.9314	0.275421	-0.0563049	0.0841745
10.9445	0.254059	-0.0735474	0.0833275
10.9576	0.230408	-0.087204	0.0821515
10.9707	0.204468	-0.134277	0.0806436
10.9838	0.177002	-0.183792	0.0785823
10.9969	0.14801	-0.222321	0.0759243
11.01	0.117493	-0.289536	0.0724532
11.0231	0.0862122	-0.396423	0.0678906
11.0362	0.0549316	-0.54184	0.0617152
11.0493	0.0236511	-0.743942	0.0531786
11.0624	-0.00839233	-0.712814	0.0434777
11.0755	-0.0389099	-0.707855	0.0341774
11.0886	-0.0694275	-0.702286	0.0249359
11.1017	-0.0984192	-0.696487	0.0157684
11.1149	-0.126648	-0.687943	0.00662289
11.128	-0.152588	-0.677414	-0.00232861
11.1411	-0.177002	-0.665207	-0.0111272
11.1542	-0.199127	-0.647964	-0.019728
11.1673	-0.218964	-0.622864	-0.0280525
11.1804	-0.235748	-0.594635	-0.0360349
11.1935	-0.251007	-0.558243	-0.0435949
11.2066	-0.262451	-0.509872	-0.0506063
11.2197	-0.271606	0.0240326	-0.0529402
11.2328	-0.278473	-0.0531006	-0.0534361
11.2459	-0.281525	-0.0148773	-0.0537855
11.259	-0.282288	-0.00480652	-0.053933
11.2721	-0.279999	-0.00602722	-0.0539255
11.2852	-0.274658	0.00999451	-0.0538613
11.2984	-0.267029	0.0128937	-0.0537016
11.3115	-0.256348	0.0313568	-0.0534621
11.3246	-0.243378	0.0403595	-0.0530907
11.3377	-0.228119	0.0365448	-0.0525371
11.3508	-0.211334	0.0696564	-0.0518001
11.3639	-0.192261	0.100098	-0.0507497
11.377	-0.170898	0.103683	-0.0494158
11.3901	-0.148773	0.1577	-0.0476137
11.4032	-0.125885	0.219574	-0.0452634
11.4163	-0.101471	0.282516	-0.0421944
11.4294	-0.0762939	0.342026	-0.0383224
11.4425	-0.0511169	0.42305	-0.0331915
11.4556	-0.0259399	0.583115	-0.0263789
11.4688	0	0.671158	-0.0177302
11.4819	0.0244141	0.669098	-0.00894837
11.495	0.0488281	0.664444	-0.000207222
11.5081	0.0717163	0.659332	0.00846561
11.5212	0.0946045	0.652695	0.0170643
11.5343	0.115204	0.644455	0.0255707
11.5474	0.134277	0.635071	0.0339583
11.5605	0.152588	0.623245	0.042203
11.5736	0.167847	0.607224	0.050266
11.5867	0.182343	0.585938	0.0580839
11.5998	0.193787	0.561142	0.0656026
11.6129	0.203705	0.52948	0.0727566
11.626	0.210571	-0.0189972	0.0772227
11.6391	0.215912	0.0636292	0.0779743
11.6523	0.218964	0.00671387	0.0783549
11.6654	0.218964	0.00526428	0.0784873
11.6785	0.217438	-0.0164795	0.0784718
11.6916	0.213623	-0.0138855	0.0783653
11.7047	0.20752	-0.0183868	0.0781785
11.7178	0.19989	-0.0283051	0.0778883
11.7309	0.189972	-0.0254059	0.0774999
11.744	0.177765	-0.0527191	0.0768988
11.7571	0.164795	-0.0588226	0.076175
11.7702	0.150299	-0.0884247	0.075183
11.7833	0.134277	-0.0953674	0.0738755
11.7964	0.117493	-0.149155	0.072222
11.8095	0.0991821	-0.181274	0.0700781
11.8226	0.0808716	-0.227432	0.0673288
11.8358	0.0617981	-0.295792	0.0638631
11.8489	0.0427246	-0.381165	0.0596588
11.862	0.0236511	-0.446777	0.0541056
11.8751	0.00457764	-0.688553	0.046668
11.8882	-0.0144958	-0.708923	0.037379
11.9013	-0.0328064	-0.703354	0.0281294
11.9144	-0.050354	-0.697937	0.0189499
11.9275	-0.0663757	-0.689697	0.00985379
11.9406	-0.0823975	-0.680161	0.00087529
11.9537	-0.0961304	-0.667648	-0.00795859
11.9668	-0.109863	-0.650787	-0.0166024
11.9799	-0.121307	-0.626068	-0.0249722
11.993	-0.131226	0.0392151	-0.030454
12.0061	-0.139618	-0.101471	-0.0320011
12.0193	-0.146484	-0.0683594	-0.0335011
12.0324	-0.151825	-0.0392151	-0.0346772
12.0455	-0.15564	-0.033493	-0.0354898
12.0586	-0.157166	-0.00343323	-0.0359159
12.0717	-0.157928	-0.0101471	-0.036094
12.0848	-0.156403	0.0143433	-0.0360974
12.0979	-0.153351	0.0240326	-0.0360626
12.111	-0.148773	0.0151825	-0.035963
12.1241	-0.143433	0.00663757	-0.0357311
12.1372	-0.135803	0.03685	-0.0354284
12.1503	-0.127411	0.0532532	-0.0349631
12.1634	-0.118256	0.0242615	-0.03433
12.1765	-0.107574	0.0749969	-0.0335697
12.1896	-0.0961304	0.0986481	-0.0324974
12.2028	-0.0839233	0.125427	-0.0311784
12.2159	-0.0717163	0.169067	-0.0295193
12.229	-0.0587463	0.205231	-0.0274938
12.2421	-0.0457764	0.23262	-0.0249082
12.2552	-0.0328064	0.257187	-0.0218344
12.2683	-0.0198364	0.320511	-0.0179583
12.2814	-0.00686646	0.412216	-0.0133716
12.2945	0.00610352	0.518265	-0.00704217
12.3076	0.0175476	0.666428	0.000694519
12.3207	0.0297546	0.662613	0.00940018
12.3338	0.0404358	0.656509	0.0180377
12.3469	0.050354	0.649796	0.0265965
12.36	0.0595093	0.641022	0.0350502
12.3731	0.0679016	0.629044	0.0433745
12.3863	0.0747681	0.0725555	0.0484969
12.3994	0.0808716	0.292435	0.0509984
12.4125	0.0862122	0.122223	0.0531365
12.4256	0.0900269	0.0802612	0.0549494
12.4387	0.0930786	0.0876617	0.0560711
12.4518	0.0946045	0.0351715	0.0567624
12.4649	0.0953674	0.00190735	0.0572376
12.478	0.0953674	0.00289917	0.0573456
12.4911	0.0938416	0.0138092	0.0572832
12.5042	0.0915527	-0.0154877	0.0571588
12.5173	0.087738	-0.0135803	0.0570096
12.5304	0.0839233	-0.0338745	0.0567301
12.5435	0.0793457	-0.0375366	0.056371
12.5566	0.0740051	-0.0341797	0.0559241
12.5698	0.0679016	-0.0392914	0.0553249
12.5829	0.0610352	-0.0462341	0.0546115
12.596	0.0541687	-0.0533295	0.0537257
12.6091	0.0473022	-0.0789642	0.0526668
12.6222	0.0404358	-0.0865936	0.0513147
12.6353	0.0328064	-0.12825	0.0497031
12.6484	0.025177	-0.147247	0.0480051
12.6615	0.0183105	-0.164642	0.0458751
12.6746	0.0114441	-0.190353	0.0436142
12.6877	0.00457764	-0.205078	0.0408818
12.7008	-0.00228882	-0.257797	0.0379336
12.7139	-0.00762939	-0.30426	0.0341782
12.727	-0.0137329	-0.343094	0.0299217
12.7401	-0.0183105	-0.389328	0.0248486
12.7533	-0.0228882	-0.312729	0.020185
12.7664	-0.0267029	-0.316315	0.016394
12.7795	-0.0297546	-0.230026	0.0124754
12.7926	-0.0320435	-0.164566	0.0101698
12.8057	-0.0343323	-0.149765	0.00783802
12.8188	-0.0358582	-0.0637054	0.00678838
12.8319	-0.0366211	-0.0761414	0.00602933
12.845	-0.0366211	-0.010376	0.00536152
12.8581	-0.0358582	-0.00213623	0.00512175
12.8712	-0.0350952	0.0166321	0.00510717
12.8843	-0.0343323	-0.0292969	0.00516697
12.8974	-0.0320435	0.00869751	0.00521267
12.9105	-0.0305176	0.00465393	0.00536674
12.9236	-0.0282288	0.0214386	0.00555641
12.9368	-0.025177	0.0201416	0.00580579
12.9499	-0.0228882	0.0164795	0.00613877
12.963	-0.0198364	0.0219727	0.00644967
12.9761	-0.0175476	0.0177002	0.00690013
12.9892	-0.0144958	0.0229645	0.00733069
13.0023	-0.012207	0.0405121	0.00788966
13.0154	-0.00915527	0.0469208	0.00835214
13.0285	-0.00686646	0.0479889	0.00878754
13.0416	-0.00534058	0.0339508	0.00926559
13.0547	-0.0038147	0.0241089	0.00976587
13.0678	-0.00228882	0.054245	0.0100502
13.0809	-0.00152588	-0.00724792	0.0102784
13.094	-0.000762939	-0.0141144	0.0106072
