28120154 0.5 0.375 0 0 0.875
28161078 0.125 0.25 0.125 0 0.5
28161133 0.625 0.125 0.375 0 1.125
28171014 0.375 0.5 0 0 0.875
28171032 0.125 0.875 0.125 0 1.125
28171068 0.375 0.375 0.125 0.125 1
28181003 0.125 1 0.25 0 1.375
28181016 0.375 0 0.125 0 0.5
28181025 0.125 1 0.5 0.625 2.25
28181028 0 0.25 0.375 0 0.625
28181037 0.25 1 0.125 0.25 1.625
28181075 0.25 0.125 0.375 0 0.75
28181080 0 1 0 0 1
28181096 0.125 0.5 0.375 0.25 1.25
28181098 0.25 0.375 0 0.5 1.125
28181115 0.625 1 0.375 0.125 2.125
28181117 0.125 0.125 0.375 0 0.625
28181120 0.25 0.25 0.125 0 0.625
28181147 0.5 0.25 0 0 0.75
28181152 0.125 0.375 0 0.25 0.75
28191003 0.625 0.75 0.25 0 1.625
28191004 0 0 0 0 0
28191006 0.25 1 0.125 0.25 1.625
28191007 0.375 0.125 1 0 1.5
28191011 0.25 0.75 0.25 0.125 1.375
28191012 0.625 0.875 0.875 0.75 3.125
28191013 0.25 0 0.125 0 0.375
28191015 0 0 0 0 0
28191016 0.375 0.125 0 0.25 0.75
28191017 0.25 0.25 0 0.125 0.625
28191018 0.5 0.25 0 0 0.75
28191019 0.5 1 0.125 0 1.625
28191020 0.25 0.875 1 0.625 2.75
28191021 0.625 1 0.5 0 2.125
28191022 0 0.75 0 0 0.75
28191025 0 0 0 0 0
28191026 0.375 0 0.25 0 0.625
28191027 0.375 0.375 0.125 0 0.875
28191029 0.25 1 0.625 0 1.875
28191030 0 0.375 0 0 0.375
28191033 0.375 0.875 0.25 0 1.5
28191034 0 0 0.125 0 0.125
28191036 0.375 0 0.375 0 0.75
28191037 0 0.625 0.125 0 0.75
28191038 0.25 0.375 0.125 0.25 1
28191040 0.25 0.375 0.25 0 0.875
28191042 0.125 0.5 0.25 0 0.875
28191043 0.125 0.125 0.125 0 0.375
28191045 0.25 0.375 0.125 0.25 1
28191046 0.25 1 0.375 0 1.625
28191047 0.125 0.75 0 0 0.875
28191050 0 0.875 0.125 0.125 1.125
28191051 0.25 0.125 0.125 0 0.5
28191053 0.625 0 0.25 0.75 1.625
28191055 0.375 0.25 0 0 0.625
28191056 0.5 1 1 0.5 3
28191057 0.125 0 0.75 0 0.875
28191058 0 0.375 0.125 0.125 0.625
28191059 0 0.25 0.625 0.375 1.25
28191060 0.5 0.875 0 0 0.875
28191061 0 0.125 0 0 0.125
28191062 0.125 0.125 0.125 0 0.375
28191064 0.375 0.25 0 0 0.625
28191066 0.25 0.375 0 0 0.625
28191067 0.5 0.875 0.25 0.125 1.75
28191068 0 0.75 0.375 0 1.125
28191069 0.125 0 0 0 0.125
28191072 0.125 1 0 0.875 2
28191075 0.25 0.125 0.125 0.25 0.75
28191076 0.125 1 0.125 0 1.25
28191079 0.625 0.875 0.375 0.625 2.5
28191080 0 0.125 0.125 0 0.25
28191081 0.5 0.375 0.25 0.125 1.25
28191082 0.5 0 0.125 0 0.625
28191083 0.5 0.125 0.125 0 0.75
28191084 0.25 1 0.125 0 1.375
28191085 0.125 0.25 0 0 0.375
28191086 0.125 0.25 0.125 0 0.5
28191087 0.625 1 1 0.625 3.25
28191089 0.125 0.625 0.125 0 0.875
28191090 0.5 0.25 0 0 0.75
28191091 0 0 0.125 0 0.125
28191092 0.75 0.875 0.375 0.75 2.75
28191093 0.625 0.25 0.375 0 1.25
28191094 0.25 0 0 0 0.25
28191095 0.125 0.75 0.125 0 1
28191096 0.125 1 0.125 0.125 1.375
28191097 0.25 0.125 0.125 0 0.5
28191098 0.625 0.875 0.75 0.375 2.625
28191101 0 0.125 0 0 0.125
28191105 0.625 0.125 0.625 0 1.375
28191106 0.375 0.75 0.375 0.125 1.625
28191107 0.25 0.125 0 0 0.375
28191108 0.5 0.75 0 0 1.25
28191109 0.375 1 0 0.25 1.625
28191112 0.5 0 0.25 0.25 1
28191113 0.25 0.875 0 0 1.125
28191114 0.125 0.875 0.5 0 1.5
28191115 0.375 1 0.5 0 1.875
28191119 0 0 0 0 0
28191120 0.625 0.875 0.375 0.125 2
28191121 0 0.25 0.125 0 0.375
28191125 0 0 0.125 0 0.125
28191138 0 0.5 0 0 0.5