Total counts: 323834
Active taps: 163
Average width: 17.53 ps
Temperature: 60.9 °C

Bin	Counts	Count ratio	Bin width [ps]	Time [ps]	DNL [LSB]	INL [LSB]
1	4391	0.0135594	38.74	19.37	1.2102	1.210
2	4695	0.0144982	41.42	59.45	1.3632	2.573
3	5304	0.0163788	46.80	103.56	1.6697	4.243
4	3355	0.0103602	29.60	141.76	0.6887	4.932
5	647	0.00199794	5.71	159.42	-0.6743	4.258
6	3473	0.0107246	30.64	177.59	0.7481	5.006
7	143	0.000441584	1.26	193.54	-0.9280	4.078
8	2561	0.00790837	22.60	205.47	0.2891	4.367
9	915	0.00282552	8.07	220.81	-0.5394	3.827
10	3645	0.0112558	32.16	240.92	0.8347	4.662
11	96	0.000296448	0.85	257.42	-0.9517	3.710
12	3772	0.0116479	33.28	274.49	0.8986	4.609
13	82	0.000253216	0.72	291.49	-0.9587	3.650
14	3932	0.012142	34.69	309.20	0.9791	4.629
15	420	0.00129696	3.71	328.40	-0.7886	3.841
16	7083	0.0218723	62.49	361.49	2.5652	6.406
17	118	0.000364384	1.04	393.26	-0.9406	5.465
18	4031	0.0124477	35.56	411.56	1.0290	6.494
19	162	0.000500256	1.43	430.06	-0.9185	5.576
20	109	0.000336592	0.96	431.26	-0.9451	4.631
21	389	0.00120123	3.43	433.45	-0.8042	3.826
22	3346	0.0103325	29.52	449.93	0.6842	4.511
23	977	0.00301698	8.62	469.00	-0.5082	4.002
24	3616	0.0111662	31.90	489.26	0.8201	4.823
25	668	0.00206279	5.89	508.16	-0.6638	4.159
26	2723	0.00840863	24.02	523.12	0.3706	4.529
27	1065	0.00328872	9.40	539.83	-0.4639	4.065
28	627	0.00193618	5.53	547.30	-0.6844	3.381
29	128	0.000395264	1.13	550.63	-0.9356	2.445
30	3512	0.0108451	30.99	566.68	0.7677	3.213
31	1257	0.00388162	11.09	587.72	-0.3673	2.846
32	7871	0.0243057	69.44	627.99	2.9618	5.808
33	753	0.00232527	6.64	666.03	-0.6210	5.187
34	3418	0.0105548	30.16	684.43	0.7204	5.907
35	872	0.00269274	7.69	703.36	-0.5611	5.346
36	1971	0.00608645	17.39	715.90	-0.0079	5.338
37	856	0.00264333	7.55	728.37	-0.5691	4.769
38	4238	0.013087	37.39	750.84	1.1332	5.902
39	156	0.000481728	1.38	770.23	-0.9215	4.981
40	148	0.000457024	1.31	771.57	-0.9255	4.055
41	146	0.000450848	1.29	772.87	-0.9265	3.129
42	3587	0.0110767	31.65	789.33	0.8055	3.934
43	1583	0.00488831	13.97	812.14	-0.2032	3.731
44	6961	0.0214956	61.42	849.83	2.5038	6.235
45	1941	0.00599381	17.13	889.10	-0.0230	6.212
46	3063	0.00945855	27.02	911.18	0.5417	6.754
47	716	0.00221101	6.32	927.85	-0.6396	6.114
48	311	0.000960369	2.74	932.38	-0.8435	5.270
49	1078	0.00332887	9.51	938.51	-0.4574	4.813
50	2524	0.00779412	22.27	954.40	0.2704	5.083
51	113	0.000348944	1.00	966.03	-0.9431	4.140
52	1568	0.00484199	13.83	973.44	-0.2108	3.930
53	498	0.00153782	4.39	982.56	-0.7493	3.180
54	1792	0.0055337	15.81	992.66	-0.0980	3.082
55	801	0.00247349	7.07	1004.10	-0.5968	2.485
56	8402	0.0259454	74.13	1044.70	3.2291	5.715
57	764	0.00235923	6.74	1085.13	-0.6154	5.099
58	3915	0.0120895	34.54	1105.77	0.9706	6.070
59	50	0.0001544	0.44	1123.27	-0.9748	5.095
60	3337	0.0103047	29.44	1138.21	0.6797	5.775
61	934	0.00288419	8.24	1157.05	-0.5299	5.245
62	3631	0.0112125	32.04	1177.19	0.8276	6.072
63	569	0.00175707	5.02	1195.71	-0.7136	5.359
64	3959	0.0122254	34.93	1215.69	0.9927	6.351
65	346	0.00106845	3.05	1234.68	-0.8258	5.526
66	1434	0.00442819	12.65	1242.53	-0.2782	5.247
67	975	0.0030108	8.60	1253.16	-0.5092	4.738
68	1097	0.00338754	9.68	1262.30	-0.4478	4.290
69	308	0.000951105	2.72	1268.50	-0.8450	3.445
70	1459	0.00450539	12.87	1276.29	-0.2656	3.180
71	1371	0.00423365	12.10	1288.78	-0.3099	2.870
72	3586	0.0110736	31.64	1310.65	0.8050	3.675
73	333	0.0010283	2.94	1327.93	-0.8324	2.842
74	3783	0.0116819	33.38	1346.09	0.9042	3.747
75	282	0.000870817	2.49	1364.02	-0.8581	2.889
76	4601	0.0142079	40.59	1385.56	1.3159	4.204
77	105	0.00032424	0.93	1406.32	-0.9471	3.257
78	3872	0.0119567	34.16	1423.87	0.9489	4.206
79	207	0.000639216	1.83	1441.86	-0.8958	3.310
80	954	0.00294595	8.42	1446.98	-0.5198	2.791
81	480	0.00148224	4.23	1453.31	-0.7584	2.032
82	3592	0.0110921	31.69	1471.27	0.8080	2.840
83	1259	0.00388779	11.11	1492.67	-0.3663	2.474
84	3707	0.0114472	32.71	1514.58	0.8659	3.340
85	860	0.00265568	7.59	1534.73	-0.5671	2.773
86	2428	0.00749767	21.42	1549.23	0.2221	2.995
87	1087	0.00335666	9.59	1564.74	-0.4529	2.542
88	4364	0.013476	38.50	1588.79	1.1966	3.739
89	321	0.000991249	2.83	1609.45	-0.8384	2.900
90	3462	0.0106907	30.54	1626.14	0.7426	3.643
91	1334	0.00411939	11.77	1647.30	-0.3285	3.314
92	1251	0.00386309	11.04	1658.70	-0.3703	2.944
93	444	0.00137107	3.92	1666.18	-0.7765	2.167
94	3346	0.0103325	29.52	1682.90	0.6842	2.851
95	135	0.00041688	1.19	1698.26	-0.9320	1.919
96	4535	0.0140041	40.01	1718.86	1.2827	3.202
97	182	0.000562016	1.61	1739.67	-0.9084	2.294
98	2794	0.00862788	24.65	1752.79	0.4063	2.700
99	1386	0.00427997	12.23	1771.23	-0.3024	2.398
100	3683	0.0113731	32.49	1793.60	0.8538	3.252
101	134	0.000413792	1.18	1810.43	-0.9326	2.319
102	3515	0.0108543	31.01	1826.53	0.7693	3.088
103	806	0.00248893	7.11	1845.59	-0.5943	2.494
104	4148	0.012809	36.60	1867.45	1.0879	3.582
105	215	0.00066392	1.90	1886.69	-0.8918	2.690
106	3516	0.0108574	31.02	1903.15	0.7698	3.460
107	999	0.00308491	8.81	1923.07	-0.4972	2.963
108	2057	0.00635202	18.15	1936.55	0.0354	2.998
109	567	0.0017509	5.00	1948.13	-0.7146	2.283
110	3719	0.0114843	32.81	1967.04	0.8719	3.155
111	392	0.0012105	3.46	1985.17	-0.8027	2.353
112	3610	0.0111477	31.85	2002.83	0.8171	3.170
113	82	0.000253216	0.72	2019.11	-0.9587	2.211
114	3513	0.0108482	30.99	2034.97	0.7682	2.979
115	944	0.00291507	8.33	2054.63	-0.5248	2.454
116	1735	0.00535768	15.31	2066.45	-0.1267	2.328
117	356	0.00109933	3.14	2075.68	-0.8208	1.507
118	3655	0.0112866	32.25	2093.37	0.8397	2.347
119	616	0.00190221	5.43	2112.21	-0.6899	1.657
120	6276	0.0193803	55.37	2142.61	2.1590	3.816
121	731	0.00225733	6.45	2173.53	-0.6321	3.184
122	3219	0.00994028	28.40	2190.95	0.6203	3.804
123	382	0.00117962	3.37	2206.84	-0.8077	2.996
124	3615	0.0111631	31.89	2224.47	0.8196	3.816
125	386	0.00119197	3.41	2242.12	-0.8057	3.010
126	3520	0.0108698	31.06	2259.35	0.7718	3.782
127	719	0.00222027	6.34	2278.05	-0.6381	3.144
128	2542	0.0078497	22.43	2292.44	0.2795	3.423
129	151	0.000466288	1.33	2304.32	-0.9240	2.499
130	3592	0.0110921	31.69	2320.83	0.8080	3.307
131	236	0.000728768	2.08	2337.71	-0.8812	2.426
132	2923	0.00902623	25.79	2351.65	0.4713	2.897
133	825	0.0025476	7.28	2368.18	-0.5847	2.313
134	3804	0.0117468	33.56	2388.60	0.9147	3.227
135	227	0.000700976	2.00	2406.39	-0.8857	2.342
136	4558	0.0140751	40.21	2427.50	1.2942	3.636
137	288	0.000889345	2.54	2448.87	-0.8550	2.781
138	3636	0.011228	32.08	2466.18	0.8302	3.611
139	145	0.00044776	1.28	2482.86	-0.9270	2.684
140	5914	0.0182624	52.18	2509.59	1.9768	4.661
141	186	0.000574368	1.64	2536.50	-0.9064	3.754
142	2844	0.00878228	25.09	2549.87	0.4315	4.186
143	1402	0.00432938	12.37	2568.60	-0.2943	3.891
144	2128	0.00657127	18.78	2584.17	0.0711	3.963
145	557	0.00172002	4.91	2596.02	-0.7196	3.243
146	2692	0.0083129	23.75	2610.35	0.3550	3.598
147	887	0.00273906	7.83	2626.14	-0.5535	3.044
148	3282	0.0101348	28.96	2644.53	0.6520	3.696
149	315	0.000972721	2.78	2660.40	-0.8414	2.855
150	3634	0.0112218	32.06	2677.82	0.8292	3.684
151	726	0.00224189	6.41	2697.05	-0.6346	3.050
152	2200	0.0067936	19.41	2709.96	0.1074	3.157
153	864	0.00266803	7.62	2723.48	-0.5651	2.592
154	3134	0.0096778	27.65	2741.11	0.5775	3.169
155	843	0.00260319	7.44	2758.66	-0.5757	2.594
156	4063	0.0125466	35.85	2780.30	1.0451	3.639
157	102	0.000314976	0.90	2798.67	-0.9487	2.690
158	3839	0.0118548	33.87	2816.06	0.9323	3.622
159	687	0.00212146	6.06	2836.03	-0.6542	2.968
160	1107	0.00341842	9.77	2843.94	-0.4428	2.525
161	442	0.0013649	3.90	2850.77	-0.7775	1.748
162	500	0.001544	4.41	2854.93	-0.7483	0.999
163	1	3.088e-06	0.01	2857.14	-0.9995	0.000
164	0	0	0.00	2857.14	0.0000	0.000
165	0	0	0.00	2857.14	0.0000	0.000
166	0	0	0.00	2857.14	0.0000	0.000
167	0	0	0.00	2857.14	0.0000	0.000
168	0	0	0.00	2857.14	0.0000	0.000
169	0	0	0.00	2857.14	0.0000	0.000
170	0	0	0.00	2857.14	0.0000	0.000
171	0	0	0.00	2857.14	0.0000	0.000
172	0	0	0.00	2857.14	0.0000	0.000
173	0	0	0.00	2857.14	0.0000	0.000
174	0	0	0.00	2857.14	0.0000	0.000
175	0	0	0.00	2857.14	0.0000	0.000
176	0	0	0.00	2857.14	0.0000	0.000
177	0	0	0.00	2857.14	0.0000	0.000
178	0	0	0.00	2857.14	0.0000	0.000
179	0	0	0.00	2857.14	0.0000	0.000
180	0	0	0.00	2857.14	0.0000	0.000
181	0	0	0.00	2857.14	0.0000	0.000
182	0	0	0.00	2857.14	0.0000	0.000
183	0	0	0.00	2857.14	0.0000	0.000
184	0	0	0.00	2857.14	0.0000	0.000
185	0	0	0.00	2857.14	0.0000	0.000
186	0	0	0.00	2857.14	0.0000	0.000
187	0	0	0.00	2857.14	0.0000	0.000
188	0	0	0.00	2857.14	0.0000	0.000
189	0	0	0.00	2857.14	0.0000	0.000
190	0	0	0.00	2857.14	0.0000	0.000
191	0	0	0.00	2857.14	0.0000	0.000
192	0	0	0.00	2857.14	0.0000	0.000
