START: TDC 0
STOP: TDC 1
1st stop option: Off
From: -48 ms
To: 48 ms
START counts: 12618
STOP counts: 13850
Time intervals: 27674
Elapsed time: 30.1 s
Offset: 0 ms

Time [ms]	Counts	PDF [1/ms]
-48	0	0
-47.52	0	0
-47.04	0	0
-46.56	0	0
-46.08	0	0
-45.6	0	0
-45.12	0	0
-44.64	0	0
-44.16	0	0
-43.68	0	0
-43.2	0	0
-42.72	0	0
-42.24	0	0
-41.76	0	0
-41.28	0	0
-40.8	0	0
-40.32	0	0
-39.84	0	0
-39.36	0	0
-38.88	0	0
-38.4	0	0
-37.92	0	0
-37.44	0	0
-36.96	0	0
-36.48	0	0
-36	0	0
-35.52	0	0
-35.04	0	0
-34.56	0	0
-34.08	0	0
-33.6	0	0
-33.12	0	0
-32.64	0	0
-32.16	0	0
-31.68	0	0
-31.2	0	0
-30.72	0	0
-30.24	0	0
-29.76	0	0
-29.28	0	0
-28.8	0	0
-28.32	0	0
-27.84	0	0
-27.36	0	0
-26.88	0	0
-26.4	0	0
-25.92	0	0
-25.44	0	0
-24.96	0	0
-24.48	0	0
-24	0	0
-23.52	0	0
-23.04	0	0
-22.56	0	0
-22.08	0	0
-21.6	0	0
-21.12	0	0
-20.64	0	0
-20.16	0	0
-19.68	0	0
-19.2	0	0
-18.72	0	0
-18.24	1	7.52813e-05
-17.76	4	0.000301125
-17.28	0	0
-16.8	1	7.52813e-05
-16.32	2	0.000150563
-15.84	4	0.000301125
-15.36	2	0.000150563
-14.88	3	0.000225844
-14.4	4	0.000301125
-13.92	9	0.000677531
-13.44	10	0.000752813
-12.96	5	0.000376406
-12.48	17	0.00127978
-12	17	0.00127978
-11.52	22	0.00165619
-11.04	21	0.00158091
-10.56	31	0.00233372
-10.08	28	0.00210788
-9.6	37	0.00278541
-9.12	59	0.00444159
-8.64	79	0.00594722
-8.16	74	0.00557081
-7.68	130	0.00978656
-7.2	150	0.0112922
-6.72	168	0.0126473
-6.24	204	0.0153574
-5.76	270	0.0203259
-5.28	324	0.0243911
-4.8	420	0.0316181
-4.32	520	0.0391463
-3.84	583	0.043889
-3.36	780	0.0587194
-2.88	908	0.0683554
-2.4	1145	0.086197
-1.92	1342	0.101027
-1.44	1701	0.128053
-0.96	1991	0.149885
-0.48	2776	0.208981
0	4205	0.316558
0.48	1773	0.133474
0.96	1415	0.106523
1.44	1174	0.0883802
1.92	1025	0.0771633
2.4	762	0.0573643
2.88	643	0.0484058
3.36	502	0.0377912
3.84	457	0.0344035
4.32	338	0.0254451
4.8	303	0.0228102
5.28	251	0.0188956
5.76	197	0.0148304
6.24	171	0.0128731
6.72	121	0.00910903
7.2	96	0.007227
7.68	79	0.00594722
8.16	63	0.00474272
8.64	47	0.00353822
9.12	49	0.00368878
9.6	30	0.00225844
10.08	20	0.00150563
10.56	19	0.00143034
11.04	23	0.00173147
11.52	8	0.00060225
12	13	0.000978656
12.48	13	0.000978656
12.96	10	0.000752813
13.44	4	0.000301125
13.92	6	0.000451688
14.4	5	0.000376406
14.88	5	0.000376406
15.36	0	0
15.84	2	0.000150563
16.32	1	7.52813e-05
16.8	1	7.52813e-05
17.28	1	7.52813e-05
17.76	0	0
18.24	0	0
18.72	0	0
19.2	0	0
19.68	0	0
20.16	0	0
20.64	0	0
21.12	0	0
21.6	0	0
22.08	0	0
22.56	0	0
23.04	0	0
23.52	0	0
24	0	0
24.48	0	0
24.96	0	0
25.44	0	0
25.92	0	0
26.4	0	0
26.88	0	0
27.36	0	0
27.84	0	0
28.32	0	0
28.8	0	0
29.28	0	0
29.76	0	0
30.24	0	0
30.72	0	0
31.2	0	0
31.68	0	0
32.16	0	0
32.64	0	0
33.12	0	0
33.6	0	0
34.08	0	0
34.56	0	0
35.04	0	0
35.52	0	0
36	0	0
36.48	0	0
36.96	0	0
37.44	0	0
37.92	0	0
38.4	0	0
38.88	0	0
39.36	0	0
39.84	0	0
40.32	0	0
40.8	0	0
41.28	0	0
41.76	0	0
42.24	0	0
42.72	0	0
43.2	0	0
43.68	0	0
44.16	0	0
44.64	0	0
45.12	0	0
45.6	0	0
46.08	0	0
46.56	0	0
47.04	0	0
47.52	0	0
