#Naboj 
1.6198061451928665
1.634208249759549
4.904628287788734
1.685252616313241
3.4767879245666515
8.087628261738084
8.188636552563734
4.786420104639453
8.126177769337971
6.295065232527714
3.0609627223743057
8.061383115455563
6.610272991077311
4.565095108823933
4.906676389489804
6.578883064324378
8.035025604174683
3.514507724278631
8.121221359701881
5.040824050211175
3.309926733762481
9.640603955546814
1.5674319263778964
3.249376843034165
3.193011442485009
8.202661665035446
8.205822417637075
3.3613781105442473
7.93633669479185
8.064936864726668
7.82162571902584
4.729225987607912
3.064382461802654
1.7740391320667042
4.808404417878567
4.672753210438108
3.431897632934154
6.62868756965062
7.920278183523251
9.483988350319798
8.165216877399079
3.3006456871934136
1.4226917784397932
3.4266286811063416
6.436519509522846
3.2350509459326453
3.0601668939899667
4.732555827435789
9.692467116807238
9.66062386833442