7.776004979382284e-07
6.669774093548522e-07
7.77044870501838e-07
7.957185770562006e-07
8.271230062605772e-07
7.084277687575763e-07
4.838292892875021e-07
4.1978082209024144e-07
6.344544799921785e-07
5.435262994854895e-07
3.338123230987259e-07
4.952981205695843e-07
4.856113553177834e-07
5.363269577853859e-07
4.609725487037008e-07
3.1242568576153833e-07
7.94088561188648e-07
5.124415094925599e-07
5.199716658012014e-07
6.418990006288633e-07
2.749232925730786e-07
7.748183763250379e-07
6.303567763249399e-07
5.972862758278735e-07
6.92395125208296e-07
4.882722593750971e-07
6.303567763249399e-07
8.426426146964152e-07
6.037591638040731e-07
7.078178437467337e-07
5.929317613089684e-07
6.262322602161238e-07
6.973675059656223e-07
4.4378736517420143e-07
5.653382523835985e-07
6.591609978927451e-07
5.082098804118241e-07
9.289455403531369e-07
6.747032740668009e-07
8.929113851772907e-07
4.775396903174768e-07
1.0010055943163111e-06
5.878107248298704e-07
7.359380884916306e-07
6.385258874200175e-07
4.891560107939232e-07
7.371108989384434e-07
6.115774421147182e-07
4.66560298762937e-07
7.01073648128417e-07


#Povprečen radij je 6.20E-07