0	0	-0.00582583	0
0.0065	0.0495911	0.273486	-0.00116054
0.0131	0.0999451	0.473834	0.000682146
0.0196	0.148773	0.540439	0.00412926
0.0262	0.198364	0.529224	0.00766175
0.0327	0.246429	0.517627	0.011064
0.0393	0.294495	0.50336	0.0144323
0.0458	0.341034	0.490619	0.0176614
0.0524	0.387573	0.477496	0.0208551
0.0589	0.432587	0.463611	0.0239144
0.0655	0.476074	0.448352	0.026926
0.072	0.518799	0.433398	0.0297932
0.0786	0.559998	0.416614	0.0326009
0.0851	0.598907	0.401813	0.0352636
0.0917	0.637054	0.386859	0.0378686
0.0983	0.673676	0.370227	0.0403681
0.1048	0.708008	0.354663	0.0427231
0.1114	0.740814	0.0400268	0.0433737
0.1179	0.771332	0.046817	0.0436799
0.1245	0.800323	0.0490295	0.0439877
0.131	0.827026	0.0454437	0.0442849
0.1376	0.85144	0.0410949	0.0445696
0.1441	0.873566	0.0400268	0.0448323
0.1507	0.893402	0.0380432	0.0450733
0.1572	0.91095	0.0294983	0.0452881
0.1638	0.926971	0.0293457	0.0454858
0.1703	0.939941	0.0224792	0.0456543
0.1769	0.950623	0.0183593	0.0458024
0.1835	0.959015	0.0185119	0.0459285
0.19	0.964355	0.0143921	0.0460271
0.1966	0.967407	0.00722043	0.0461051
0.2031	0.96817	0.00645749	0.046164
0.2097	0.966644	0.00874631	0.0461912
0.2162	0.96283	-0.000866728	0.0462
0.2228	0.956726	-0.00346072	0.046191
0.2293	0.947571	-0.00445254	0.0461645
0.2359	0.936127	-0.00803836	0.0461207
0.2424	0.923157	-0.012616	0.0460635
0.249	0.907135	-0.012616	0.0459878
0.2555	0.888824	-0.0167359	0.0458934
0.2621	0.868225	-0.0191773	0.0457762
0.2686	0.8461	-0.0238312	0.0456387
0.2752	0.821686	-0.0290955	0.0454746
0.2818	0.79422	-0.031308	0.0452805
0.2883	0.765991	-0.0366486	0.0450547
0.2949	0.735474	-0.041684	0.0447906
0.3014	0.70343	-0.052594	0.0444893
0.308	0.669098	-0.055951	0.0441414
0.3145	0.634003	-0.0608338	0.0437532
0.3211	0.596619	-0.0735749	0.043301
0.3276	0.558472	-0.0799073	0.042797
0.3342	0.518036	-0.0985993	0.042209
0.3407	0.4776	-0.110425	0.0415519
0.3473	0.434875	-0.122784	0.0407785
0.3538	0.392151	-0.145215	0.0399007
0.3604	0.3479	-0.169858	0.0388593
0.367	0.302887	-0.202435	0.0376266
0.3735	0.257111	-0.247144	0.03617
0.3801	0.210571	-0.300244	0.0343722
0.3866	0.164795	-0.36662	0.0322291
0.3932	0.117493	-0.441464	0.0295778
0.3997	0.0709534	-0.525769	0.0264446
0.4063	0.0236511	-0.616406	0.0226795
0.4128	-0.0236511	-0.644482	0.018519
0.4194	-0.0709534	-0.635403	0.0142919
0.4259	-0.11673	-0.62785	0.0101837
0.4325	-0.163269	-0.619839	0.00606656
0.439	-0.209045	-0.612286	0.00206256
0.4456	-0.254822	-0.60603	-0.00195687
0.4521	-0.298309	-0.599469	-0.00587451
0.4587	-0.34256	-0.592603	-0.00980737
0.4653	-0.385284	-0.585049	-0.0136917
0.4718	-0.426483	-0.577191	-0.0174706
0.4784	-0.466919	-0.569714	-0.0212589
0.4849	-0.505829	-0.563001	-0.0249418
0.4915	-0.543976	-0.555447	-0.0286325
0.498	-0.579834	-0.548123	-0.0322192
0.5046	-0.614929	-0.540799	-0.0358129
0.5111	-0.647736	-0.533475	-0.0393047
0.5177	-0.679779	-0.526379	-0.0428014
0.5242	-0.708771	-0.518674	-0.0461974
0.5308	-0.737	-0.511349	-0.0495973
0.5373	-0.762177	-0.504407	-0.0528975
0.5439	-0.786591	-0.496472	-0.0561992
0.5505	-0.808716	-0.488385	-0.0594501
0.557	-0.827789	-0.480985	-0.0626017
0.5636	-0.8461	-0.47305	-0.0657496
0.5701	-0.861359	-0.464581	-0.0687976
0.5767	-0.874329	-0.455731	-0.0718379
0.5832	-0.885773	-0.448102	-0.0747781
0.5898	-0.894165	-0.439099	-0.0777075
0.5963	-0.900269	-0.430554	-0.0805362
0.6029	-0.904846	-0.422467	-0.0833511
0.6094	-0.906372	-0.413693	-0.086066
0.616	-0.906372	-0.403851	-0.0887635
0.6225	-0.90332	-0.39523	-0.0913612
0.6291	-0.898743	-0.38577	-0.0939385
0.6356	-0.891113	-0.376386	-0.0964159
0.6422	-0.881958	-0.366467	-0.0988677
0.6488	-0.870514	-0.356702	-0.101254
0.6553	-0.856781	-0.346021	-0.103538
0.6619	-0.839996	-0.335645	-0.105789
0.6684	-0.822449	-0.324582	-0.107935
0.675	-0.801849	-0.313748	-0.110042
0.6815	-0.780487	-0.30177	-0.112042
0.6881	-0.756073	-0.289868	-0.113994
0.6946	-0.730133	-0.277203	-0.115838
0.7012	-0.702667	-0.161771	-0.11756
0.7077	-0.673676	-0.143765	-0.118585
0.7143	-0.642395	-0.107755	-0.119412
0.7208	-0.610352	-0.0689972	-0.119977
0.7274	-0.576019	-0.0475586	-0.120354
0.734	-0.540161	-0.0193299	-0.120569
0.7405	-0.50354	0.00142209	-0.120634
0.7471	-0.465393	0.0178253	-0.120576
0.7536	-0.427246	0.0382721	-0.120391
0.7602	-0.38681	0.0593292	-0.120071
0.7667	-0.346375	0.0850403	-0.119604
0.7733	-0.304413	0.117541	-0.118949
0.7798	-0.262451	0.150348	-0.11809
0.7864	-0.219727	0.195972	-0.11695
0.7929	-0.176239	0.247394	-0.115499
0.7995	-0.132751	0.323993	-0.113616
0.806	-0.0892639	0.44118	-0.111171
0.8126	-0.0450134	0.593158	-0.107777
0.8192	0	0.629855	-0.103658
0.8257	0.0434875	0.624438	-0.0995793
0.8323	0.0869751	0.61658	-0.0954848
0.8388	0.130463	0.609637	-0.0915001
0.8454	0.173187	0.602618	-0.0874997
0.8519	0.215912	0.597125	-0.0836008
0.8585	0.257874	0.591785	-0.0796785
0.865	0.298309	0.585071	-0.0758535
0.8716	0.338745	0.579272	-0.0720117
0.8781	0.377655	0.572711	-0.0682695
0.8847	0.415802	0.565921	-0.064512
0.8912	0.453186	0.559283	-0.0608536
0.8978	0.489044	0.553104	-0.0571819
0.9043	0.523376	0.546237	-0.053608
0.9109	0.556183	0.540363	-0.0500215
0.9175	0.588226	0.533725	-0.046478
0.924	0.617981	0.526935	-0.0430305
0.9306	0.646973	0.520755	-0.0395733
0.9371	0.672913	0.514117	-0.036211
0.9437	0.69809	0.507327	-0.0328411
0.9502	0.720978	0.500537	-0.0295653
0.9568	0.74234	0.493289	-0.0262846
0.9633	0.762177	0.486652	-0.023099
0.9699	0.778961	0.47948	-0.0199113
0.9764	0.79422	0.472079	-0.0168191
0.983	0.807953	0.464984	-0.0137282
0.9895	0.819397	0.456744	-0.0107336
0.9961	0.828552	0.449268	-0.00774429
1.0027	0.835419	0.440875	-0.00480707
1.0092	0.839996	0.432712	-0.00196699
1.0158	0.843048	0.424167	0.000863376
1.0223	0.843811	0.416537	0.00359713
1.0289	0.842285	0.407535	0.00631729
1.0354	0.83847	0.398837	0.00893994
1.042	0.832367	0.390292	0.0115442
1.0485	0.824738	0.381137	0.0140494
1.0551	0.814819	0.370837	0.0165296
1.0616	0.803375	0.361148	0.0189075
1.0682	0.788879	0.349704	0.0212521
1.0747	0.772858	0.338184	0.0234898
1.0813	0.75531	0.326739	0.0256854
1.0878	0.735474	0.314227	0.0277686
1.0944	0.714111	0.301715	0.0298
1.101	0.69046	0.286838	0.0317427
1.1075	0.666046	0.273791	0.0335651
1.1141	0.639343	0.237323	0.0353149
1.1206	0.611115	0.111972	0.0363252
1.1272	0.58136	0.0927459	0.0370319
1.1337	0.550842	0.0450622	0.0374682
1.1403	0.518036	0.0250732	0.0377026
1.1468	0.485229	-0.00193484	0.0377738
1.1534	0.450134	-0.0199402	0.0377026
1.1599	0.414276	-0.0361908	0.0375113
1.1665	0.377655	-0.0628174	0.0371875
1.173	0.340271	-0.0817383	0.0367109
1.1796	0.301361	-0.113324	0.0360648
1.1862	0.262451	-0.143231	0.0352178
1.1927	0.223541	-0.184735	0.0341504
1.1993	0.183105	-0.231808	0.0327955
1.2058	0.14267	-0.293454	0.0310902
1.2124	0.101471	-0.396069	0.0288341
1.2189	0.0610352	-0.510663	0.0258815
1.2255	0.0198364	-0.624036	0.0221459
1.232	-0.0205994	-0.655621	0.0179023
1.2386	-0.0610352	-0.647305	0.0136038
1.2451	-0.101471	-0.639294	0.00942245
1.2517	-0.141907	-0.632123	0.00522644
1.2582	-0.180817	-0.625562	0.00113927
1.2648	-0.22049	-0.619305	-0.00296878
1.2713	-0.258636	-0.611371	-0.00697057
1.2779	-0.296783	-0.60481	-0.0109851
1.2845	-0.333405	-0.597028	-0.0149508
1.291	-0.369263	-0.590466	-0.0188078
1.2976	-0.404358	-0.582303	-0.0226743
1.3041	-0.437927	-0.574902	-0.0264334
1.3107	-0.470734	-0.566815	-0.0302001
1.3172	-0.501251	-0.559949	-0.0338608
1.3238	-0.531769	-0.551556	-0.0375279
1.3303	-0.559998	-0.544232	-0.0410899
1.3369	-0.587463	-0.53645	-0.0446567
1.3434	-0.61264	-0.528745	-0.0481193
1.35	-0.637054	-0.521039	-0.0515842
1.3565	-0.658417	-0.513257	-0.0549447
1.3631	-0.679779	-0.50517	-0.0583034
1.3697	-0.69809	-0.495709	-0.0616083
1.3762	-0.714874	-0.488004	-0.0648082
1.3828	-0.730133	-0.479611	-0.0680012
1.3893	-0.743103	-0.47099	-0.0710884
1.3959	-0.754547	-0.461377	-0.0741641
1.4024	-0.763702	-0.452222	-0.0771334
1.409	-0.771332	-0.442456	-0.0800873
1.4155	-0.776672	-0.433759	-0.0829354
1.4221	-0.780487	-0.423383	-0.0857639
1.4286	-0.782013	-0.413464	-0.0884857
1.4352	-0.78125	-0.403088	-0.0911824
1.4417	-0.778961	-0.392865	-0.0937698
1.4483	-0.774384	-0.381116	-0.0963251
1.4548	-0.76828	-0.370206	-0.0987675
1.4614	-0.759888	-0.35777	-0.10117
1.468	-0.749207	-0.345258	-0.103489
1.4745	-0.737762	-0.331372	-0.105688
1.4811	-0.723267	-0.318021	-0.107832
1.4876	-0.708008	-0.303754	-0.10985
1.4942	-0.69046	-0.28819	-0.111801
1.5007	-0.671387	-0.174054	-0.113423
1.5073	-0.650787	-0.165128	-0.114589
1.5138	-0.628662	-0.109586	-0.115451
1.5204	-0.604248	-0.0863922	-0.116105
1.5269	-0.579071	-0.0550354	-0.116558
1.5335	-0.552368	-0.0336731	-0.116846
1.54	-0.524139	-0.0147522	-0.11699
1.5466	-0.495148	0.00554196	-0.117017
1.5532	-0.463867	0.0185119	-0.116945
1.5597	-0.432587	0.0340759	-0.116775
1.5663	-0.39978	0.048648	-0.116506
1.5728	-0.366974	0.0684845	-0.11613
1.5794	-0.331879	0.0882446	-0.115615
1.5859	-0.297546	0.111514	-0.114969
1.5925	-0.261688	0.143634	-0.114144
1.599	-0.225067	0.173007	-0.113122
1.6056	-0.188446	0.216418	-0.111838
1.6121	-0.151062	0.26723	-0.110291
1.6187	-0.113678	0.339709	-0.108327
1.6252	-0.0762939	0.438129	-0.10579
1.6318	-0.038147	0.549518	-0.102508
1.6384	0	0.627109	-0.0985446
1.6449	0.0366211	0.621005	-0.0944815
1.6515	0.0747681	0.61391	-0.0904061
1.658	0.111389	0.606586	-0.0864405
1.6646	0.148773	0.599719	-0.0824596
1.6711	0.184631	0.593921	-0.0785805
1.6777	0.22049	0.588428	-0.0746786
1.6842	0.255585	0.582172	-0.0708735
1.6908	0.289917	0.57561	-0.0670525
1.6973	0.323486	0.569659	-0.0633304
1.7039	0.356293	0.563022	-0.0595932
1.7104	0.387573	0.556232	-0.0559549
1.717	0.418091	0.549518	-0.0523032
1.7235	0.447083	0.543872	-0.0487491
1.7301	0.475311	0.536929	-0.0451831
1.7367	0.502777	0.530368	-0.0416602
1.7432	0.527954	0.523959	-0.0382326
1.7498	0.552368	0.51778	-0.0347958
1.7563	0.575256	0.510684	-0.0314533
1.7629	0.596619	0.504199	-0.0281029
1.7694	0.615692	0.497485	-0.0248469
1.776	0.634003	0.49039	-0.021586
1.7825	0.650024	0.483752	-0.0184193
1.7891	0.665283	0.476428	-0.0152509
1.7956	0.67749	0.469867	-0.012177
1.8022	0.688934	0.461398	-0.00910459
1.8087	0.69809	0.454303	-0.00612749
1.8153	0.706482	0.446216	-0.00315541
1.8219	0.711823	0.438739	-0.000235382
1.8284	0.715637	0.430652	0.00258839
1.835	0.717926	0.422565	0.00540295
1.8415	0.718689	0.413867	0.00812131
1.8481	0.717163	0.405933	0.0108264
1.8546	0.714111	0.397082	0.0134354
1.8612	0.708771	0.388232	0.0160268
1.8677	0.701904	0.379611	0.0185201
1.8743	0.693512	0.369464	0.0209898
1.8808	0.682831	0.359393	0.0233583
1.8874	0.671387	0.34917	0.0256961
1.8939	0.657654	0.338031	0.0279296
1.9005	0.642395	0.326587	0.0301241
1.907	0.62561	0.315066	0.0322094
1.9136	0.606537	0.302478	0.0342465
1.9202	0.5867	0.204364	0.0361376
1.9267	0.565338	0.165988	0.0373542
1.9333	0.543213	0.128528	0.0383276
1.9398	0.518799	0.0903808	0.0390266
1.9464	0.493622	0.0611602	0.0395198
1.9529	0.467682	0.0327789	0.0398126
1.9595	0.439453	0.0101196	0.039948
1.966	0.411224	-0.00841983	0.0399489
1.9726	0.38147	-0.0291718	0.0398356
1.9791	0.351715	-0.0454224	0.0396039
1.9857	0.320435	-0.0627411	0.0392482
1.9922	0.288391	-0.0831879	0.0387665
1.9988	0.255585	-0.115994	0.0381058
2.0054	0.222015	-0.142926	0.0372581
2.0119	0.189209	-0.176953	0.0362283
2.0185	0.154877	-0.225781	0.0348997
2.025	0.120544	-0.277661	0.0332755
2.0316	0.0862122	-0.366162	0.0311843
2.0381	0.0518799	-0.46687	0.0284506
2.0447	0.0167847	-0.565289	0.0250434
2.0512	-0.0175476	-0.651044	0.0210768
2.0578	-0.0518799	-0.647916	0.0167794
2.0643	-0.0862122	-0.640897	0.0125908
2.0709	-0.119781	-0.633496	0.00838587
2.0774	-0.153351	-0.627545	0.00428842
2.084	-0.186157	-0.620679	0.000169353
2.0905	-0.218201	-0.613355	-0.00384119
2.0971	-0.250244	-0.606488	-0.00786405
2.1037	-0.281525	-0.598325	-0.0118378
2.1102	-0.312042	-0.590619	-0.015702
2.1168	-0.341034	-0.582837	-0.0195754
2.1233	-0.369263	-0.575513	-0.0233416
2.1299	-0.396729	-0.567883	-0.027115
2.1364	-0.423431	-0.560101	-0.0307824
2.143	-0.448608	-0.552853	-0.0344562
2.1495	-0.47226	-0.544919	-0.038024
2.1561	-0.495148	-0.537289	-0.0415967
2.1626	-0.51651	-0.52966	-0.0450646
2.1692	-0.536346	-0.521802	-0.0485336
2.1757	-0.554657	-0.513409	-0.0518978
2.1823	-0.572205	-0.505322	-0.0552597
2.1889	-0.588226	-0.496472	-0.0585659
2.1954	-0.601959	-0.487927	-0.0617664
2.202	-0.614929	-0.478848	-0.0649587
2.2085	-0.62561	-0.470609	-0.0680445
2.2151	-0.634766	-0.46069	-0.0711177
2.2216	-0.642395	-0.451611	-0.0740834
2.2282	-0.648499	-0.441998	-0.0770326
2.2347	-0.653076	-0.432538	-0.0798745
2.2413	-0.656128	-0.422391	-0.0826947
2.2478	-0.656891	-0.412091	-0.0854058
2.2544	-0.656128	-0.401181	-0.0880894
2.2609	-0.653839	-0.389737	-0.09066
2.2675	-0.650024	-0.37814	-0.0931942
2.274	-0.644684	-0.365933	-0.0956113
2.2806	-0.637817	-0.351971	-0.0979821
2.2872	-0.628662	-0.339002	-0.100264
2.2937	-0.618744	-0.324811	-0.102421
2.3003	-0.606537	-0.25958	-0.104252
2.3068	-0.593567	-0.193509	-0.105673
2.3134	-0.579071	-0.157727	-0.106827
2.3199	-0.563049	-0.131253	-0.107764
2.3265	-0.544739	-0.096463	-0.108509
2.333	-0.526428	-0.0776184	-0.109071
2.3396	-0.505829	-0.0495423	-0.109476
2.3461	-0.485229	-0.0266541	-0.109729
2.3527	-0.462341	-0.0125397	-0.109863
2.3592	-0.43869	0.00172727	-0.109891
2.3658	-0.414276	0.0174438	-0.10983
2.3724	-0.388336	0.0288879	-0.109684
2.3789	-0.361633	0.0442993	-0.109455
2.3855	-0.334167	0.0560486	-0.109124
2.392	-0.306702	0.0735199	-0.108694
2.3986	-0.27771	0.0920593	-0.108136
2.4051	-0.248718	0.117084	-0.10745
2.4117	-0.218201	0.147906	-0.106591
2.4182	-0.188446	0.177814	-0.105546
2.4248	-0.157166	0.212756	-0.10428
2.4313	-0.126648	0.255786	-0.10276
2.4379	-0.0946045	0.330096	-0.100854
2.4444	-0.0640869	0.414172	-0.0984681
2.451	-0.0320435	0.496188	-0.0954582
2.4576	0	0.588657	-0.0918771
2.4641	0.0305176	0.619556	-0.0879063
2.4707	0.0617981	0.613147	-0.0838374
2.4772	0.0930786	0.606128	-0.0798756
2.4838	0.123596	0.59949	-0.075898
2.4903	0.153351	0.593463	-0.0720213
2.4969	0.183105	0.588046	-0.0681216
2.5034	0.212097	0.581638	-0.0643198
2.51	0.241089	0.575	-0.0605024
2.5165	0.268555	0.568668	-0.0567848
2.5231	0.296021	0.562717	-0.0530526
2.5296	0.32196	0.555927	-0.0494188
2.5362	0.347137	0.549365	-0.0457727
2.5427	0.371552	0.542422	-0.0422238
2.5493	0.395203	0.536166	-0.0386634
2.5559	0.417328	0.529834	-0.0351462
2.5624	0.437927	0.523578	-0.031725
2.569	0.458527	0.517017	-0.0282947
2.5755	0.476837	0.509845	-0.0249594
2.5821	0.494385	0.503513	-0.0216164
2.5886	0.510406	0.496417	-0.0183684
2.5952	0.524902	0.489703	-0.0151157
2.6017	0.538635	0.482379	-0.0119575
2.6083	0.550842	0.475665	-0.00879796
2.6148	0.56076	0.467807	-0.00573375
2.6214	0.569916	0.460254	-0.00267173
2.6279	0.577545	0.452472	0.000294361
2.6345	0.583649	0.44469	0.00325495
2.6411	0.588989	0.436755	0.00616334
2.6476	0.592041	0.428439	0.00897488
2.6542	0.593567	0.420428	0.011776
2.6607	0.593567	0.411731	0.014481
2.6673	0.592041	0.402957	0.0171718
2.6738	0.588989	0.39426	0.0197646
2.6804	0.585175	0.385028	0.0223384
2.6869	0.579071	0.37572	0.0248123
2.6935	0.572205	0.365878	0.0272605
2.7	0.563049	0.355502	0.029606
2.7066	0.553131	0.34505	0.0319176
2.7131	0.541687	0.334674	0.0341228
2.7197	0.528717	0.256549	0.0360583
2.7262	0.514984	0.212299	0.0375571
2.7328	0.499725	0.168964	0.0387953
2.7394	0.482941	0.131198	0.0398049
2.7459	0.465393	0.108844	0.0405916
2.7525	0.44632	0.0768005	0.0412045
2.759	0.426483	0.0530731	0.0416285
2.7656	0.405884	0.0288116	0.0418973
2.7721	0.383759	0.00569455	0.0420258
2.7787	0.36087	-0.00697024	0.042034
2.7852	0.337982	-0.0214661	0.0419453
2.7918	0.313568	-0.0351227	0.0417561
2.7983	0.288391	-0.0524414	0.0414709
2.8049	0.262451	-0.0755585	0.0410615
2.8114	0.236511	-0.0943268	0.0405315
2.818	0.209808	-0.117291	0.0398476
2.8246	0.182343	-0.14491	0.038999
2.8311	0.154877	-0.176572	0.037964
2.8377	0.126648	-0.214261	0.0366803
2.8442	0.0991821	-0.259427	0.0351446
2.8508	0.0701904	-0.334882	0.0331854
2.8573	0.0427246	-0.419186	0.0307172
2.8639	0.0137329	-0.499677	0.0276852
2.8704	-0.0144958	-0.571088	0.0241986
2.877	-0.0427246	-0.639752	0.0201866
2.8835	-0.0701904	-0.641736	0.0160009
2.8901	-0.0984192	-0.635327	0.0117876
2.8966	-0.125122	-0.628613	0.00768039
2.9032	-0.152588	-0.622052	0.00355122
2.9097	-0.178528	-0.614423	-0.000468094
2.9163	-0.204468	-0.607327	-0.00449966
2.9229	-0.229645	-0.599011	-0.00848129
2.9294	-0.254059	-0.591382	-0.0123535
2.936	-0.278473	-0.583752	-0.0162346
2.9425	-0.301361	-0.576199	-0.0200075
2.9491	-0.323486	-0.568723	-0.0237881
2.9556	-0.344849	-0.561246	-0.0274618
2.9622	-0.365448	-0.553845	-0.0311414
2.9687	-0.384521	-0.546063	-0.0347147
2.9753	-0.402832	-0.5379	-0.0382926
2.9818	-0.42038	-0.530347	-0.041765
2.9884	-0.436401	-0.52226	-0.0452376
2.9949	-0.450897	-0.51402	-0.0486047
3.0015	-0.465393	-0.505551	-0.0519684
3.0081	-0.4776	-0.497083	-0.0552759
3.0146	-0.489044	-0.487698	-0.0584766
3.0212	-0.498962	-0.478925	-0.061668
3.0277	-0.507355	-0.470075	-0.0647516
3.0343	-0.514984	-0.460156	-0.0678212
3.0408	-0.521088	-0.450772	-0.0707824
3.0474	-0.525665	-0.440778	-0.0737252
3.0539	-0.52948	-0.431088	-0.0765589
3.0605	-0.531006	-0.420636	-0.0793687
3.067	-0.531769	-0.409345	-0.0820665
3.0736	-0.531006	-0.398358	-0.0847331
3.0801	-0.52948	-0.386456	-0.087283
3.0867	-0.525665	-0.359067	-0.0897891
3.0932	-0.521088	-0.279187	-0.0917901
3.0998	-0.515747	-0.25752	-0.0935757
3.1064	-0.508118	-0.222424	-0.09514
3.1129	-0.499725	-0.186566	-0.0964733
3.1195	-0.489807	-0.166425	-0.0976351
3.126	-0.479126	-0.135602	-0.098613
3.1326	-0.466919	-0.111188	-0.0994376
3.1391	-0.453949	-0.0898255	-0.100097
3.1457	-0.439453	-0.066861	-0.100617
3.1522	-0.424194	-0.0464142	-0.100992
3.1588	-0.40741	-0.0321472	-0.101242
3.1653	-0.390625	-0.0114716	-0.101378
3.1719	-0.372314	-0.00269778	-0.101421
3.1784	-0.353241	0.0127899	-0.101392
3.185	-0.333405	0.0207245	-0.101277
3.1916	-0.312042	0.0362121	-0.101094
3.1981	-0.29068	0.0463592	-0.10083
3.2047	-0.268555	0.05849	-0.100476
3.2112	-0.246429	0.0782501	-0.100026
3.2178	-0.222778	0.0973236	-0.0994545
3.2243	-0.199127	0.118304	-0.098764
3.2309	-0.175476	0.14104	-0.097923
3.2374	-0.151062	0.167895	-0.0969312
3.244	-0.125885	0.202533	-0.0957265
3.2505	-0.101471	0.241138	-0.0942932
3.2571	-0.0762939	0.291186	-0.0925492
3.2636	-0.0511169	0.37572	-0.0903982
3.2702	-0.0259399	0.428134	-0.0877433
3.2768	0	0.516025	-0.0846369
3.2833	0.0244141	0.557223	-0.0811839
3.2899	0.0495911	0.609866	-0.0773014
3.2964	0.0740051	0.607501	-0.0733417
3.303	0.0984192	0.600711	-0.0693561
3.3095	0.122833	0.59537	-0.0654697
3.3161	0.146484	0.58942	-0.0615608
3.3226	0.169373	0.583011	-0.057751
3.3292	0.192261	0.576526	-0.0539255
3.3357	0.214386	0.570346	-0.0502006
3.3423	0.235748	0.563403	-0.0464614
3.3488	0.256348	0.556384	-0.0428213
3.3554	0.276184	0.549823	-0.0391692
3.3619	0.295258	0.544406	-0.0356146
3.3685	0.314331	0.537387	-0.0320488
3.3751	0.331879	0.529987	-0.0285271
3.3816	0.3479	0.524341	-0.0251011
3.3882	0.363922	0.517245	-0.0216667
3.3947	0.378418	0.509998	-0.0183275
3.4013	0.392151	0.503741	-0.0149815
3.4078	0.405121	0.496875	-0.0117312
3.4144	0.416565	0.490009	-0.0084774
3.4209	0.426483	0.481921	-0.00531871
3.4275	0.436401	0.475436	-0.00215968
3.434	0.444031	0.467731	0.000902799
3.4406	0.45166	0.459491	0.00396187
3.4471	0.457001	0.452319	0.00692435
3.4537	0.461578	0.443698	0.00988018
3.4603	0.465393	0.43584	0.0127823
3.4668	0.467682	0.427829	0.0155872
3.4734	0.468445	0.418903	0.0183798
3.4799	0.468445	0.4099	0.0210745
3.4865	0.466919	0.400516	0.0237525
3.493	0.46463	0.392352	0.0263308
3.4996	0.460815	0.3819	0.0288872
3.5061	0.456238	0.322848	0.0311523
3.5127	0.450134	0.276996	0.0331176
3.5192	0.443268	0.243655	0.0348137
3.5258	0.435638	0.216724	0.0363284
3.5323	0.426483	0.190631	0.0376431
3.5389	0.415802	0.159961	0.0387874
3.5454	0.405121	0.13692	0.0397469
3.552	0.392151	0.111743	0.0405608
3.5586	0.379181	0.0895416	0.0412155
3.5651	0.365448	0.0664245	0.0417142
3.5717	0.350189	0.0417816	0.0420741
3.5782	0.33493	0.0238525	0.0422946
3.5848	0.318146	0.0105774	0.0424031
3.5913	0.300598	-0.0075806	0.0424108
3.5979	0.283051	-0.0168885	0.0423347
3.6044	0.263977	-0.0322998	0.0421809
3.611	0.244904	-0.0416077	0.0419361
3.6175	0.22583	-0.0573242	0.0416038
3.6241	0.205231	-0.0705994	0.0411658
3.6306	0.184631	-0.0966919	0.040623
3.6372	0.163269	-0.116528	0.0399394
3.6438	0.141907	-0.136823	0.0391141
3.6503	0.120544	-0.16055	0.0381288
3.6569	0.0984192	-0.193738	0.0369397
3.6634	0.0770569	-0.236768	0.0355337
3.67	0.0549316	-0.294446	0.0337894
3.6765	0.0328064	-0.365323	0.0316482
3.6831	0.0106812	-0.423383	0.0290662
3.6896	-0.0114441	-0.478619	0.0261318
3.6962	-0.0328064	-0.539731	0.0227568
3.7027	-0.0549316	-0.582532	0.0191196
3.7093	-0.0762939	-0.614346	0.0151585
3.7158	-0.0968933	-0.63197	0.0110709
3.7224	-0.118256	-0.625562	0.00691944
3.7289	-0.138092	-0.61839	0.00287587
3.7355	-0.158691	-0.610761	-0.00118065
3.7421	-0.178528	-0.603284	-0.00518664
3.7486	-0.196838	-0.595578	-0.00908223
3.7552	-0.215149	-0.58772	-0.0129867
3.7617	-0.232697	-0.579861	-0.0167819
3.7683	-0.250244	-0.572232	-0.0205845
3.7748	-0.266266	-0.564526	-0.0242792
3.7814	-0.282288	-0.55705	-0.0279797
3.7879	-0.296783	-0.549039	-0.0315734
3.7945	-0.310516	-0.540875	-0.0351699
3.801	-0.323486	-0.532864	-0.0386603
3.8076	-0.336456	-0.52493	-0.0421503
3.8141	-0.347137	-0.516309	-0.0455335
3.8207	-0.357819	-0.507459	-0.0489121
3.8273	-0.367737	-0.498608	-0.0522331
3.8338	-0.376129	-0.49014	-0.0554459
3.8404	-0.382996	-0.480756	-0.0586479
3.8469	-0.389862	-0.47099	-0.0617405
3.8535	-0.395203	-0.461453	-0.0648172
3.86	-0.39978	-0.418424	-0.0676625
3.8666	-0.402832	-0.385541	-0.0703028
3.8731	-0.405121	-0.353345	-0.0727083
3.8797	-0.406647	-0.329007	-0.0749737
3.8862	-0.40741	-0.299176	-0.0770397
3.8928	-0.406647	-0.282773	-0.0789657
3.8993	-0.404358	-0.256375	-0.0807039
3.9059	-0.402069	-0.2328	-0.0823088
3.9124	-0.398254	-0.208463	-0.0837457
3.919	-0.392914	-0.189236	-0.0850514
3.9256	-0.387573	-0.169629	-0.0862106
3.9321	-0.380707	-0.147733	-0.0872262
3.9387	-0.373077	-0.125378	-0.0881215
3.9452	-0.364685	-0.100812	-0.0888701
3.9518	-0.35553	-0.0909699	-0.0895123
3.9583	-0.344849	-0.0677002	-0.090025
3.9649	-0.334167	-0.0532044	-0.0904258
3.9714	-0.32196	-0.035199	-0.0907099
3.978	-0.309753	-0.0217713	-0.0908886
3.9845	-0.296021	-0.00475772	-0.0909719
3.9911	-0.282288	0.00416867	-0.090979
3.9976	-0.267792	0.0154602	-0.0909226
4.0042	-0.252533	0.0237762	-0.090797
4.0108	-0.236511	0.0306427	-0.0906052
4.0173	-0.219727	0.0468933	-0.0903462
4.0239	-0.202942	0.0600921	-0.0899957
4.0304	-0.186157	0.0693237	-0.089567
4.037	-0.16861	0.0912201	-0.0890367
4.0435	-0.150299	0.106326	-0.0884065
4.0501	-0.131989	0.126086	-0.0876417
4.0566	-0.113678	0.147296	-0.0867453
4.0632	-0.0946045	0.178348	-0.0856738
4.0697	-0.0762939	0.207797	-0.0844443
4.0763	-0.0572205	0.246478	-0.0829623
4.0828	-0.038147	0.301257	-0.081162
4.0894	-0.0190735	0.359622	-0.0789809
4.096	0	0.414249	-0.0764488
4.1025	0.0183105	0.451327	-0.0736584
4.1091	0.037384	0.495959	-0.0705043
4.1156	0.0556946	0.537463	-0.0671251
4.1222	0.0740051	0.570117	-0.063479
4.1287	0.0915527	0.593768	-0.0596892
4.1353	0.1091	0.594073	-0.0557616
4.1418	0.126648	0.587588	-0.0519209
4.1484	0.143433	0.581104	-0.048063
4.1549	0.159454	0.574924	-0.0443065
4.1615	0.175476	0.568286	-0.040536
4.168	0.190735	0.561267	-0.0368658
4.1746	0.205231	0.55463	-0.0331839
4.1811	0.219727	0.547763	-0.0296015
4.1877	0.233459	0.540973	-0.0260075
4.1943	0.246429	0.533954	-0.0224586
4.2008	0.257874	0.527393	-0.0190074
4.2074	0.269318	0.520526	-0.0155474
4.2139	0.279999	0.513889	-0.0121846
4.2205	0.289917	0.506488	-0.008816
4.227	0.299072	0.499622	-0.00554411
4.2336	0.307465	0.492221	-0.00226961
4.2401	0.315094	0.485049	0.000907352
4.2467	0.32196	0.477496	0.00408379
4.2532	0.327301	0.469562	0.00716211
4.2598	0.332642	0.462238	0.0102357
4.2663	0.336456	0.42142	0.0130821
4.2729	0.339508	0.391971	0.0157488
4.2795	0.341797	0.367862	0.0182506
4.286	0.343323	0.343524	0.0205556
4.2926	0.344086	0.313159	0.0227399
4.2991	0.343323	0.290118	0.0247407
4.3057	0.34256	0.274402	0.0266206
4.3122	0.340271	0.250598	0.0283338
4.3188	0.337219	0.233203	0.0299301
4.3253	0.333405	0.209781	0.0313619
4.3319	0.328827	0.190402	0.0326851
4.3384	0.323486	0.170337	0.0338528
4.345	0.317383	0.149738	0.0349151
4.3515	0.310516	0.130817	0.0358265
4.3581	0.302887	0.108539	0.0366314
4.3646	0.294495	0.0960266	0.0373062
4.3712	0.285339	0.0787842	0.037876
4.3778	0.275421	0.059787	0.0383208
4.3843	0.26474	0.0356781	0.0386503
4.3909	0.254059	0.0250732	0.0388725
4.3974	0.242615	0.0104248	0.0389922
4.404	0.230408	-0.0012482	0.0390192
4.4105	0.217438	-0.0145233	0.0389731
4.4171	0.204468	-0.0230683	0.0388604
4.4236	0.190735	-0.0364197	0.0386855
4.4302	0.177002	-0.0459565	0.0384235
4.4367	0.162506	-0.0574768	0.0380913
4.4433	0.14801	-0.0684632	0.0376721
4.4498	0.132751	-0.082959	0.0371629
4.4564	0.117493	-0.105542	0.0365457
4.463	0.102234	-0.119809	0.03581
4.4695	0.0862122	-0.143231	0.0349571
4.4761	0.0709534	-0.164441	0.0339451
4.4826	0.0549316	-0.193662	0.0327712
4.4892	0.0389099	-0.237378	0.0313653
4.4957	0.0236511	-0.27934	0.0296791
4.5023	0.00762939	-0.32977	0.027647
4.5088	-0.00839233	-0.370587	0.0253722
4.5154	-0.0236511	-0.416287	0.0227506
4.5219	-0.0389099	-0.454816	0.0199063
4.5285	-0.0541687	-0.488843	0.0168076
4.535	-0.0694275	-0.512494	0.0135471
4.5416	-0.0839233	-0.536755	0.010085
4.5481	-0.0984192	-0.542706	0.00656824
4.5547	-0.112915	-0.556439	0.00291471
4.5613	-0.126648	-0.563382	-0.000774706
4.5678	-0.139618	-0.560635	-0.00442269
4.5744	-0.152588	-0.56033	-0.00810157
4.5809	-0.164795	-0.549573	-0.0116945
4.5875	-0.177002	-0.541333	-0.0152854
4.594	-0.187683	-0.529889	-0.0187582
4.6006	-0.199127	-0.52142	-0.0222058
4.6071	-0.209045	-0.507764	-0.0255388
4.6137	-0.218964	-0.491818	-0.0288405
4.6202	-0.227356	-0.477704	-0.0320014
4.6268	-0.235748	-0.46687	-0.0351157
4.6333	-0.243378	-0.443524	-0.0380726
4.6399	-0.251007	-0.428952	-0.040975
4.6465	-0.257111	-0.416211	-0.0437634
4.653	-0.262451	-0.398816	-0.0464042
4.6596	-0.267792	-0.37814	-0.0489597
4.6661	-0.271606	-0.360364	-0.0513711
4.6727	-0.275421	-0.341214	-0.0536891
4.6792	-0.278473	-0.323438	-0.0558598
4.6858	-0.279999	-0.301923	-0.057936
4.6923	-0.281525	-0.288495	-0.0598709
4.6989	-0.282288	-0.264996	-0.0617132
4.7054	-0.282288	-0.254773	-0.0634138
4.712	-0.281525	-0.240964	-0.0650187
4.7185	-0.279999	-0.215939	-0.0664921
4.7251	-0.27771	-0.201978	-0.0678691
4.7316	-0.274658	-0.182751	-0.0691186
4.7382	-0.270844	-0.169476	-0.0702741
4.7448	-0.267029	-0.152081	-0.0713155
4.7513	-0.261688	-0.134839	-0.0722398
4.7579	-0.256348	-0.115765	-0.0730732
4.7644	-0.250244	-0.100964	-0.0737889
4.771	-0.243378	-0.0826538	-0.0744096
4.7775	-0.236511	-0.0695313	-0.0749232
4.7841	-0.228119	-0.0591553	-0.0753434
4.7906	-0.219727	-0.0422943	-0.0756663
4.7972	-0.211334	-0.0232971	-0.0758882
4.8037	-0.202179	-0.0162781	-0.0760173
4.8103	-0.192261	-0.000866728	-0.0760605
4.8168	-0.18158	0.00783078	-0.0760504
4.8234	-0.170898	0.0146209	-0.0759721
4.83	-0.160217	0.0256073	-0.0758374
4.8365	-0.148773	0.037738	-0.0756393
4.8431	-0.137329	0.0449096	-0.0753748
4.8496	-0.125885	0.0581848	-0.0750444
4.8562	-0.113678	0.0675689	-0.0746269
4.8627	-0.101471	0.0829803	-0.0741327
4.8693	-0.0892639	0.0969421	-0.0735434
4.8758	-0.0762939	0.111133	-0.0728669
4.8824	-0.0640869	0.128833	-0.0720587
4.8889	-0.0511169	0.153171	-0.071141
4.8955	-0.038147	0.173083	-0.0700567
4.902	-0.0259399	0.204898	-0.0688183
4.9086	-0.01297	0.247165	-0.067307
4.9152	0	0.298663	-0.0655146
4.9217	0.012207	0.314914	-0.0635396
4.9283	0.0244141	0.350543	-0.0613098
4.9348	0.0366211	0.384799	-0.058889
4.9414	0.0488281	0.416614	-0.0562259
4.9479	0.0602722	0.4379	-0.0534365
4.9545	0.0717163	0.459644	-0.0504586
4.961	0.0831604	0.475742	-0.0473954
4.9676	0.0946045	0.489398	-0.0441971
4.9741	0.104523	0.490848	-0.0409982
4.9807	0.115204	0.492602	-0.0377432
4.9872	0.125122	0.497028	-0.034535
4.9938	0.134277	0.487949	-0.0313117
5.0003	0.143433	0.484821	-0.0281606
5.0069	0.152588	0.468875	-0.0250042
5.0135	0.160217	0.465747	-0.0219152
5.02	0.167847	0.453693	-0.0189304
5.0266	0.175476	0.438129	-0.0159686
5.0331	0.182343	0.42699	-0.0131343
5.0397	0.188446	0.41524	-0.0103297
5.0462	0.193787	0.404483	-0.00765054
5.0528	0.199127	0.385867	-0.00501538
5.0593	0.203705	0.374347	-0.00252962
5.0659	0.20752	0.362598	-0.000101009
5.0724	0.210571	0.341846	0.00219428
5.079	0.213623	0.329333	0.00441605
5.0855	0.215912	0.315524	0.00650222
5.0921	0.217438	0.300189	0.00851547
5.0987	0.218964	0.282108	0.0104109
5.1052	0.218964	0.265704	0.0121899
5.1118	0.218964	0.24808	0.0138775
5.1183	0.218964	0.235034	0.015449
5.1249	0.217438	0.20856	0.016926
5.1314	0.215912	0.204364	0.0182826
5.138	0.213623	0.182849	0.0195611
5.1445	0.210571	0.171481	0.0207122
5.1511	0.20752	0.153705	0.0217855
5.1576	0.203705	0.140277	0.0227375
5.1642	0.19989	0.126239	0.0236146
5.1707	0.19455	0.10892	0.0243828
5.1773	0.189972	0.095874	0.0250573
5.1838	0.183868	0.0838196	0.0256269
5.1904	0.177765	0.0708496	0.0261097
5.197	0.171661	0.0542938	0.0265059
5.2035	0.164795	0.041629	0.0267974
5.2101	0.157928	0.0246154	0.0270099
5.2166	0.150299	0.0101959	0.0271301
5.2232	0.141907	0.000964327	0.0271697
5.2297	0.134277	-0.00582583	0.0271518
5.2363	0.125885	-0.0193299	0.0270666
5.2428	0.117493	-0.0272644	0.0269224
5.2494	0.108337	-0.0326813	0.02673
5.2559	0.0991821	-0.0419129	0.026475
5.2625	0.0900269	-0.0504578	0.026152
5.269	0.0808716	-0.0671662	0.0257599
5.2756	0.0717163	-0.077237	0.0252977
5.2822	0.0617981	-0.088147	0.0247444
5.2887	0.0526428	-0.100507	0.0241231
5.2953	0.0427246	-0.119275	0.0233991
5.3018	0.0328064	-0.137433	0.022589
5.3084	0.0236511	-0.149335	0.0216577
5.3149	0.0137329	-0.171765	0.0205923
5.3215	0.00457764	-0.204495	0.019339
5.328	-0.00534058	-0.234555	0.0179085
5.3346	-0.0144958	-0.266217	0.0162585
5.3411	-0.0236511	-0.284985	0.0144524
5.3477	-0.0328064	-0.317944	0.0124451
5.3542	-0.0411987	-0.339764	0.0103191
5.3608	-0.050354	-0.35014	0.00804287
5.3673	-0.0587463	-0.37959	0.00564326
5.3739	-0.0663757	-0.388593	0.00312294
5.3805	-0.0747681	-0.388821	0.000560151
5.387	-0.0823975	-0.395459	-0.00201703
5.3936	-0.0892639	-0.396375	-0.00462754
5.4001	-0.0961304	-0.388821	-0.00717884
5.4067	-0.102997	-0.386151	-0.00974993
5.4132	-0.109863	-0.376691	-0.012252
5.4198	-0.115967	-0.371426	-0.0147574
5.4263	-0.121307	-0.363263	-0.01717
5.4329	-0.126648	-0.355023	-0.0195758
5.4394	-0.131226	-0.352506	-0.0218815
5.446	-0.135803	-0.342664	-0.0241507
5.4525	-0.139618	-0.328015	-0.0263256
5.4591	-0.143433	-0.31947	-0.0284618
5.4657	-0.146484	-0.30383	-0.0305096
5.4722	-0.149536	-0.295743	-0.032475
5.4788	-0.151825	-0.282239	-0.034377
5.4853	-0.154114	-0.273236	-0.036172
5.4919	-0.15564	-0.260953	-0.0379175
5.4984	-0.157166	-0.239133	-0.0395345
5.505	-0.157166	-0.229062	-0.0410987
5.5115	-0.157928	-0.21861	-0.0425626
5.5181	-0.157928	-0.204724	-0.0439592
5.5246	-0.157166	-0.191678	-0.0452417
5.5312	-0.156403	-0.178632	-0.046466
5.5377	-0.154877	-0.166882	-0.0476045
5.5443	-0.153351	-0.149945	-0.0486601
5.5508	-0.151062	-0.14285	-0.0496178
5.5574	-0.148773	-0.130872	-0.0505151
5.564	-0.146484	-0.113477	-0.0513167
5.5705	-0.143433	-0.108823	-0.0520343
5.5771	-0.139618	-0.0944031	-0.0526867
5.5836	-0.135803	-0.0800598	-0.053255
5.5902	-0.131989	-0.0691498	-0.053743
5.5967	-0.127411	-0.0567902	-0.0541547
5.6033	-0.122833	-0.0426758	-0.0545004
5.6098	-0.118256	-0.0360382	-0.0547585
5.6164	-0.112915	-0.0255097	-0.0549508
5.6229	-0.107574	-0.0128449	-0.055069
5.6295	-0.102234	-0.00574954	-0.0551304
5.636	-0.0961304	0.00592343	-0.0551276
5.6426	-0.0900269	0.0105774	-0.0550851
5.6492	-0.0839233	0.0186645	-0.054996
5.6557	-0.0778198	0.024768	-0.0548684
5.6623	-0.0717163	0.0369751	-0.0546838
5.6688	-0.0656128	0.0410949	-0.0544634
5.6754	-0.0587463	0.0490295	-0.0541866
5.6819	-0.0526428	0.0563537	-0.0538675
5.6885	-0.0457764	0.0626098	-0.0534759
5.695	-0.0396729	0.0679504	-0.0530605
5.7016	-0.0328064	0.075122	-0.0525704
5.7081	-0.0259399	0.083667	-0.0520366
5.7147	-0.0198364	0.0899231	-0.0514196
5.7212	-0.01297	0.104648	-0.050756
5.7278	-0.00686646	0.118686	-0.0500009
5.7344	0	0.140582	-0.0491544
5.7409	0.00610352	0.144931	-0.0482393
5.7475	0.012207	0.165149	-0.0471976
5.754	0.0175476	0.181857	-0.0460362
5.7606	0.0236511	0.200549	-0.0447638
5.7671	0.0297546	0.209933	-0.0433895
5.7737	0.0350952	0.227405	-0.0419305
5.7802	0.0404358	0.239535	-0.0403872
5.7868	0.0457764	0.25632	-0.0387574
5.7933	0.050354	0.273334	-0.0370644
5.7999	0.0549316	0.270358	-0.0352991
5.8064	0.0595093	0.270282	-0.0335314
5.813	0.0640869	0.27814	-0.0316989
5.8195	0.0679016	0.277759	-0.0299158
5.8261	0.0717163	0.269977	-0.0280974
5.8327	0.0747681	0.273791	-0.0262788
5.8392	0.0778198	0.263873	-0.0245515
5.8458	0.0808716	0.25838	-0.0228213
5.8523	0.0839233	0.250446	-0.0211724
5.8589	0.0862122	0.248691	-0.0195253
5.8654	0.088501	0.234576	-0.017963
5.872	0.0900269	0.22771	-0.0164477
5.8785	0.0915527	0.21741	-0.0149985
5.8851	0.0930786	0.210239	-0.013592
5.8916	0.0938416	0.199176	-0.0122588
5.8982	0.0946045	0.182849	-0.0109967
5.9047	0.0953674	0.181705	-0.00980374
5.9113	0.0953674	0.165607	-0.0086695
5.9179	0.0953674	0.158588	-0.00760153
5.9244	0.0953674	0.149432	-0.006606
5.931	0.0946045	0.13753	-0.00568338
5.9375	0.0938416	0.13158	-0.00482646
5.9441	0.0923157	0.114642	-0.00402157
5.9506	0.0915527	0.107394	-0.00330948
5.9572	0.0900269	0.0954162	-0.00264626
5.9637	0.087738	0.0900757	-0.00205559
5.9703	0.0862122	0.0768768	-0.0015141
5.9768	0.0839233	0.0638305	-0.00104937
5.9834	0.0816345	0.05849	-0.000646937
5.9899	0.0793457	0.0462829	-0.000302969
5.9965	0.0762939	0.040332	-1.83907e-05
6.003	0.0740051	0.0314819	0.000211617
6.0096	0.0709534	0.0201904	0.000374705
6.0162	0.0679016	0.0137817	0.000492939
6.0227	0.0648499	0.0063812	0.000554791
6.0293	0.0610352	0.000659151	0.00058362
6.0358	0.0579834	-0.00674136	0.000559832
6.0424	0.0541687	-0.00864871	0.000510201
6.0489	0.0511169	-0.0104798	0.000431844
6.0555	0.0473022	-0.0246704	0.000324058
6.062	0.0434875	-0.0232209	0.000180999
6.0686	0.0404358	-0.02818	6.91723e-06
6.0751	0.0366211	-0.0342835	-0.000183622
6.0817	0.0328064	-0.0361145	-0.000418866
6.0882	0.0289917	-0.0405396	-0.000663818
6.0948	0.025177	-0.040387	-0.00094013
6.1014	0.0221252	-0.0489319	-0.00126073
6.1079	0.0183105	-0.057782	-0.00159231
6.1145	0.0144958	-0.0567902	-0.00196052
6.121	0.0114441	-0.0627411	-0.00233757
6.1276	0.00762939	-0.0596894	-0.00275467
6.1341	0.00457764	-0.068692	-0.00318771
6.1407	0.00152588	-0.0670136	-0.00364152
6.1472	-0.00228882	-0.0716675	-0.00412779
6.1538	-0.00534058	-0.0770844	-0.00463449
6.1603	-0.00762939	-0.0879181	-0.005177
6.1669	-0.0106812	-0.085553	-0.00574628
6.1734	-0.0137329	-0.094632	-0.00633422
6.18	-0.0160217	-0.0958527	-0.00699506
6.1865	-0.0183105	-0.104169	-0.00762902
6.1931	-0.0205994	-0.106381	-0.00831613
6.1997	-0.0228882	-0.100583	-0.00900001
6.2062	-0.0244141	-0.103558	-0.00967391
6.2128	-0.0267029	-0.114392	-0.010409
6.2193	-0.0282288	-0.107144	-0.0111268
6.2259	-0.0297546	-0.108975	-0.0118248
6.2324	-0.0312805	-0.103711	-0.0125101
6.239	-0.0320435	-0.101727	-0.013212
6.2455	-0.0335693	-0.103864	-0.0138646
6.2521	-0.0343323	-0.0937928	-0.0145129
6.2586	-0.0350952	-0.0982178	-0.0151051
6.2652	-0.0358582	-0.0934876	-0.015675
6.2717	-0.0358582	-0.0735749	-0.0162126
6.2783	-0.0366211	-0.081128	-0.0167302
6.2849	-0.0366211	-0.0677002	-0.01721
6.2914	-0.0366211	-0.0623596	-0.0176344
6.298	-0.0366211	-0.0573242	-0.0180317
6.3045	-0.0358582	-0.0477112	-0.0183946
6.3111	-0.0358582	-0.0431336	-0.0186929
6.3176	-0.0350952	-0.0313843	-0.0189736
6.3242	-0.0350952	-0.036496	-0.0192207
6.3307	-0.0343323	-0.033368	-0.0194254
6.3373	-0.0335693	-0.030011	-0.0196138
6.3438	-0.0320435	-0.0214661	-0.0197651
6.3504	-0.0312805	-0.00590213	-0.0198788
6.3569	-0.0305176	-0.0152863	-0.0199668
6.3635	-0.0289917	-0.00803836	-0.0200458
6.37	-0.0282288	-0.00651248	-0.0200796
6.3766	-0.0267029	0.00279538	-0.0201157
6.3832	-0.025177	-0.00208743	-0.0201253
6.3897	-0.0244141	0.00142209	-0.0201058
6.3963	-0.0228882	0.00546567	-0.020089
6.4028	-0.0213623	0.00310056	-0.020065
6.4094	-0.0198364	0.00401608	-0.0200346
6.4159	-0.0183105	0.00157468	-0.0199876
6.4225	-0.0175476	0.00599973	-0.0199338
6.429	-0.0160217	0.0135528	-0.0198755
6.4356	-0.0144958	0.0157654	-0.0198208
6.4421	-0.01297	0.0114929	-0.019754
6.4487	-0.012207	0.00966184	-0.0196641
6.4552	-0.0106812	0.0160705	-0.0195854
6.4618	-0.00915527	0.00790708	-0.0195016
6.4684	-0.00839233	0.0146972	-0.0194176
6.4749	-0.00686646	0.00912778	-0.0193413
6.4815	-0.00610352	0.0210296	-0.0192429
6.488	-0.00534058	0.0130188	-0.0191458
6.4946	-0.00457764	0.0050842	-0.0190649
6.5011	-0.0038147	0.00599973	-0.0189776
6.5077	-0.00305176	0.00752561	-0.0189075
6.5142	-0.00228882	0.00615231	-0.0188238
6.5208	-0.00152588	0.0115692	-0.0187434
6.5273	-0.00152588	0.00447385	-0.0186973
6.5339	-0.000762939	0.00699155	-0.0186149
6.5404	-0.000762939	0.00584714	-0.0185715
6.547	-0.000762939	0.0038635	-0.0185389
