0	0	-0.00803836	0
0.0131	0.012207	-0.0223816	-0.00330692
0.0262	0.0244141	0.0172912	-0.003387
0.0393	0.037384	0.0388061	-0.00308423
0.0524	0.0495911	0.0555908	-0.00254336
0.0655	0.062561	0.0679504	-0.00184032
0.0786	0.0747681	0.0850403	-0.000929468
0.0917	0.087738	0.111514	0.000287949
0.1048	0.0999451	0.151645	0.00197278
0.1179	0.112152	0.0462829	0.00255383
0.131	0.125122	0.0818359	0.00338689
0.1441	0.137329	0.128986	0.00479986
0.1572	0.149536	0.148059	0.00664273
0.1703	0.162506	0.15401	0.00866136
0.1835	0.174713	0.158511	0.0107893
0.1966	0.18692	0.158206	0.0129291
0.2097	0.199127	0.157825	0.0150773
0.2228	0.211334	0.155231	0.0171882
0.2359	0.223541	0.151111	0.0192754
0.249	0.235748	0.150195	0.0213201
0.2621	0.247955	0.144626	0.023326
0.2752	0.260162	0.140735	0.0252678
0.2883	0.272369	0.137607	0.027151
0.3014	0.284576	0.131885	0.0289652
0.3145	0.296783	0.125552	0.0307151
0.3276	0.308228	0.121204	0.0323799
0.3407	0.320435	0.115939	0.0339809
0.3538	0.332642	0.112353	0.0355009
0.367	0.344086	0.107928	0.0369694
0.3801	0.356293	0.101672	0.0383448
0.3932	0.367737	0.0998413	0.0396546
0.4063	0.379181	0.0952636	0.0408935
0.4194	0.390625	0.0908386	0.0420677
0.4325	0.402832	0.082904	0.043167
0.4456	0.414276	0.0760376	0.0442042
0.4587	0.42572	0.0699341	0.0451833
0.4718	0.436401	0.0664245	0.046107
0.4849	0.447845	0.0650512	0.0469745
0.498	0.45929	0.0605499	0.0477897
0.5111	0.469971	0.0568115	0.048558
0.5242	0.481415	0.0557434	0.0492796
0.5373	0.492096	0.0481903	0.0499599
0.5505	0.50354	0.0451385	0.0506023
0.5636	0.514221	0.0433838	0.0512036
0.5767	0.524902	0.0441467	0.0517657
0.5898	0.535583	0.0386535	0.0522977
0.6029	0.546265	0.0373565	0.0528039
0.616	0.556183	0.0349914	0.0532792
0.6291	0.566864	0.0348388	0.0537281
0.6422	0.576782	0.0302612	0.0541556
0.6553	0.587463	0.0283539	0.0545609
0.6684	0.597382	0.0304138	0.0549372
0.6815	0.6073	0.0265228	0.055298
0.6946	0.617218	0.0259124	0.0556407
0.7077	0.627136	0.0249206	0.0559651
0.7208	0.637054	0.0233947	0.0562794
0.734	0.646973	0.0233947	0.0565751
0.7471	0.656128	0.0213348	0.0568576
0.7602	0.665283	0.0191986	0.0571268
0.7733	0.675201	0.0163757	0.0573838
0.7864	0.684357	0.0181305	0.0576316
0.7995	0.693512	0.0140869	0.0578619
0.8126	0.701904	0.0157654	0.0580867
0.8257	0.71106	0.0155365	0.0583025
0.8388	0.720215	0.0156128	0.0585071
0.8519	0.728607	0.0165283	0.0587042
0.865	0.737	0.0158416	0.0588932
0.8781	0.745392	0.0143158	0.0590761
0.8912	0.753784	0.0117218	0.0592487
0.9043	0.762177	0.0136291	0.0594164
0.9175	0.769806	0.0130188	0.0595805
0.9306	0.778198	0.0106537	0.0597343
0.9437	0.785828	0.0119507	0.0598817
0.9568	0.793457	0.011264	0.0600221
0.9699	0.801086	0.0113403	0.0601576
0.983	0.808716	0.00920407	0.0602891
0.9961	0.815582	0.00912778	0.0604108
1.0092	0.823212	0.0102722	0.0605318
1.0223	0.830078	0.0105774	0.0606491
1.0354	0.836945	0.00935666	0.0607593
1.0485	0.843811	0.00836484	0.0608655
1.0616	0.850677	0.00905148	0.060967
1.0747	0.856781	0.0076019	0.0610678
1.0878	0.863647	0.00447385	0.0611608
1.101	0.869751	0.00493161	0.0612525
1.1141	0.875854	0.00599973	0.0613401
1.1272	0.881958	0.00523679	0.0614249
1.1403	0.888062	0.00584714	0.0615042
1.1534	0.893402	0.00828855	0.0615788
1.1665	0.898743	0.00477902	0.0616509
1.1796	0.904083	0.00485532	0.0617228
1.1927	0.909424	0.00287168	0.0617884
1.2058	0.914764	0.00752561	0.0618519
1.2189	0.920105	0.00241391	0.0619133
1.232	0.924683	0.0038635	0.0619718
1.2451	0.92926	0.00554196	0.0620291
1.2582	0.933838	0.00477902	0.0620814
1.2713	0.938416	0.00340573	0.06213
1.2845	0.94223	0.00187985	0.0621823
1.2976	0.946808	0.0050842	0.0622251
1.3107	0.950623	0.00531308	0.0622677
1.3238	0.954437	0.00462644	0.062311
1.3369	0.958252	0.0038635	0.0623472
1.35	0.961304	0.000125093	0.0623837
1.3631	0.965118	0.00447385	0.0624187
1.3762	0.96817	0.00538938	0.0624519
1.3893	0.971222	0.00599973	0.0624841
1.4024	0.974274	0.00874631	0.0625093
1.4155	0.976562	-0.00162967	0.0625353
1.4286	0.979614	0.00485532	0.0625613
1.4417	0.981903	-0.00071414	0.0625823
1.4548	0.984192	-0.00101932	0.0625998
1.468	0.986481	0.00516049	0.0626164
1.4811	0.988007	0.00187985	0.0626295
1.4942	0.990295	0.00264279	0.0626449
1.5073	0.991821	0.00149838	0.0626571
1.5204	0.993347	-0.000408964	0.0626675
1.5335	0.994873	0.00416867	0.0626731
1.5466	0.995636	-0.000790434	0.0626803
1.5597	0.996399	0.000125093	0.0626819
1.5728	0.997925	0.000964327	0.0626874
1.5859	0.998688	0.00577084	0.0626855
1.599	0.998688	-0.00101932	0.0626836
1.6121	0.999451	0.000277681	0.0626837
1.6252	0.999451	-0.000790434	0.0626767
1.6384	0.999451	-0.000103789	0.0626699
1.6515	0.999451	-0.00155337	0.0626625
1.6646	0.999451	-0.00155337	0.0626546
1.6777	0.998688	-0.00254519	0.0626417
1.6908	0.998688	-0.000637846	0.0626325
1.7039	0.997925	-0.000408964	0.0626184
1.717	0.997162	-0.00162967	0.0626061
1.7301	0.995636	0.00111691	0.0625893
1.7432	0.994873	-0.00132449	0.062575
1.7563	0.993347	-0.00307925	0.0625557
1.7694	0.991821	-0.00231631	0.0625399
1.7825	0.990295	-0.00162967	0.0625209
1.7956	0.988007	-0.00361331	0.0625009
1.8087	0.986481	-0.00132449	0.0624798
1.8219	0.984192	-0.000485258	0.0624559
1.835	0.981903	0.000201387	0.0624337
1.8481	0.979614	0.000277681	0.0624113
1.8612	0.976562	-0.00353702	0.062388
1.8743	0.974274	0.00363461	0.0623575
1.8874	0.971222	-0.00719913	0.0623285
1.9005	0.96817	-0.0088013	0.0623017
1.9136	0.965118	-0.00445254	0.0622725
1.9267	0.961304	0.000964327	0.0622429
1.9398	0.958252	-0.00361331	0.0622108
1.9529	0.954437	-0.00307925	0.0621797
1.966	0.950623	-0.00407107	0.0621456
1.9791	0.946808	-0.00315555	0.0621093
1.9922	0.942993	-0.000332671	0.062072
2.0054	0.938416	-0.00407107	0.0620347
2.0185	0.933838	-0.00323184	0.061997
2.0316	0.92926	-0.00407107	0.0619582
2.0447	0.924683	-0.00452884	0.0619146
2.0578	0.920105	-0.0024689	0.0618713
2.0709	0.914764	-0.00338443	0.0618283
2.084	0.909424	-0.00391849	0.0617826
2.0971	0.904846	-0.00277408	0.0617339
2.1102	0.898743	-0.00231631	0.061687
2.1233	0.893402	-0.00262149	0.0616357
2.1364	0.888062	-0.0049866	0.0615841
2.1495	0.881958	-0.00590213	0.061533
2.1626	0.875854	-0.00605472	0.061479
2.1757	0.869751	-0.00491031	0.0614212
2.1889	0.863647	-0.00666507	0.0613619
2.202	0.856781	-0.00491031	0.0613026
2.2151	0.850677	-0.00307925	0.0612401
2.2282	0.843811	-0.00483401	0.061179
2.2413	0.836945	-0.00590213	0.0611119
2.2544	0.830078	-0.00460513	0.0610475
2.2675	0.823212	-0.00697024	0.0609771
2.2806	0.816345	-0.00590213	0.0609038
2.2937	0.808716	-0.00468143	0.0608316
2.3068	0.801086	-0.00605472	0.0607563
2.3199	0.793457	-0.00559695	0.0606785
2.333	0.785828	-0.00735171	0.0606007
2.3461	0.778198	-0.0062073	0.0605186
2.3592	0.770569	-0.0075806	0.0604342
2.3724	0.762177	-0.00521548	0.060345
2.3855	0.753784	-0.00658877	0.0602544
2.3986	0.745392	-0.00826724	0.0601631
2.4117	0.737	-0.00849612	0.0600671
2.4248	0.728607	-0.00651248	0.0599691
2.4379	0.720215	-0.00712283	0.0598672
2.451	0.71106	-0.00788577	0.0597631
2.4641	0.702667	-0.00819095	0.059657
2.4772	0.693512	-0.00941165	0.0595446
2.4903	0.684357	-0.00895389	0.0594349
2.5034	0.675201	-0.011319	0.0593148
2.5165	0.666046	-0.00964053	0.0591937
2.5296	0.656128	-0.00941165	0.0590683
2.5427	0.646973	-0.0110138	0.0589409
2.5559	0.637054	-0.00849612	0.058807
2.569	0.627136	-0.00941165	0.0586703
2.5821	0.617218	-0.0113953	0.0585286
2.5952	0.6073	-0.0115479	0.0583808
2.6083	0.597382	-0.0115479	0.0582323
2.6214	0.587463	-0.0112427	0.0580782
2.6345	0.577545	-0.0133026	0.0579154
2.6476	0.566864	-0.0124634	0.0577483
2.6607	0.556183	-0.0134552	0.0575767
2.6738	0.546265	-0.0145233	0.0573954
2.6869	0.535583	-0.0167359	0.0572138
2.7	0.524902	-0.0168885	0.0570226
2.7131	0.514221	-0.0139893	0.0568235
2.7262	0.50354	-0.0169648	0.0566163
2.7394	0.492096	-0.0158203	0.056405
2.7525	0.481415	-0.0180329	0.056183
2.7656	0.469971	-0.017804	0.0559543
2.7787	0.45929	-0.017041	0.0557153
2.7918	0.447845	-0.0177277	0.0554662
2.8049	0.436401	-0.0218476	0.055212
2.818	0.42572	-0.0211609	0.0549466
2.8311	0.414276	-0.0223816	0.0546725
2.8442	0.402832	-0.0240601	0.0543846
2.8573	0.391388	-0.0230683	0.0540878
2.8704	0.379181	-0.0219239	0.053771
2.8835	0.367737	-0.0219239	0.0534405
2.8966	0.356293	-0.0250519	0.0530943
2.9097	0.344086	-0.0264252	0.0527372
2.9229	0.332642	-0.0301636	0.0523581
2.936	0.320435	-0.0312317	0.0519652
2.9491	0.30899	-0.0330628	0.0515545
2.9622	0.296783	-0.0342835	0.051127
2.9753	0.284576	-0.0372589	0.0506774
2.9884	0.272369	-0.0382508	0.050202
3.0015	0.260162	-0.0405396	0.0497022
3.0146	0.248718	-0.0435913	0.0491788
3.0277	0.236511	-0.0449646	0.0486231
3.0408	0.224304	-0.0464142	0.0480364
3.0539	0.211334	-0.0516785	0.047419
3.067	0.199127	-0.0545014	0.0467676
3.0801	0.18692	-0.0594605	0.0460723
3.0932	0.174713	-0.0600708	0.0453286
3.1064	0.162506	-0.0677765	0.0445216
3.1195	0.149536	-0.0704468	0.0436752
3.1326	0.137329	-0.0744141	0.042754
3.1457	0.125122	-0.0828064	0.0417637
3.1588	0.112152	-0.0897492	0.040679
3.1719	0.0999451	-0.0956238	0.0395033
3.185	0.087738	-0.104321	0.0382096
3.1981	0.0747681	-0.110883	0.0367932
3.2112	0.062561	-0.122784	0.0352372
3.2243	0.0495911	-0.130719	0.0335505
3.2374	0.037384	-0.144757	0.0317072
3.2505	0.025177	-0.153912	0.0296987
3.2636	0.012207	-0.171536	0.0275077
3.2768	0	-0.182065	0.0251453
3.2899	-0.01297	-0.199536	0.0225835
3.303	-0.025177	-0.214185	0.0198241
3.3161	-0.038147	-0.232953	0.0168522
3.3292	-0.050354	-0.252637	0.0136944
3.3423	-0.063324	-0.269498	0.0103105
3.3554	-0.075531	-0.285291	0.00674054
3.3685	-0.088501	-0.29765	0.00298018
3.3816	-0.100708	-0.310086	-0.00090725
3.3947	-0.112915	-0.316876	-0.0049377
3.4078	-0.125885	-0.320081	-0.00904864
3.4209	-0.138092	-0.32092	-0.013217
3.434	-0.150299	-0.321301	-0.0174003
3.4471	-0.163269	-0.319165	-0.0216029
3.4603	-0.175476	-0.316418	-0.0258235
3.4734	-0.187683	-0.31268	-0.0299876
3.4865	-0.19989	-0.311307	-0.0341129
3.4996	-0.212097	-0.30589	-0.0382053
3.5127	-0.224304	-0.303296	-0.0422399
3.5258	-0.236511	-0.295209	-0.0462103
3.5389	-0.248718	-0.290326	-0.0500996
3.552	-0.260925	-0.283765	-0.0539067
3.5651	-0.273132	-0.275372	-0.0576146
3.5782	-0.285339	-0.268811	-0.0612163
3.5913	-0.297546	-0.260419	-0.0647052
3.6044	-0.30899	-0.250348	-0.0680861
3.6175	-0.321198	-0.24455	-0.0713498
3.6306	-0.333405	-0.235699	-0.0744917
3.6438	-0.344849	-0.228146	-0.0775373
3.6569	-0.357056	-0.218991	-0.0804438
3.67	-0.3685	-0.211896	-0.0832259
3.6831	-0.379944	-0.201444	-0.085889
3.6962	-0.391388	-0.189999	-0.0884213
3.7093	-0.403595	-0.18031	-0.0908421
3.7224	-0.415039	-0.169782	-0.0931346
3.7355	-0.426483	-0.158261	-0.0953066
3.7486	-0.437164	-0.148724	-0.097351
3.7617	-0.448608	-0.143308	-0.0992762
3.7748	-0.460052	-0.133084	-0.10108
3.7879	-0.470734	-0.125226	-0.102766
3.801	-0.482178	-0.116757	-0.104337
3.8141	-0.492859	-0.10722	-0.105796
3.8273	-0.504303	-0.0986756	-0.107169
3.8404	-0.514984	-0.0940979	-0.108425
3.8535	-0.525665	-0.0864685	-0.109585
3.8666	-0.536346	-0.0760163	-0.110655
3.8797	-0.547028	-0.0728882	-0.11165
3.8928	-0.556946	-0.066861	-0.112563
3.9059	-0.567627	-0.064267	-0.113404
3.919	-0.577545	-0.0535096	-0.114182
3.9321	-0.588226	-0.0545777	-0.114899
3.9452	-0.598145	-0.0518311	-0.115565
3.9583	-0.608063	-0.0435913	-0.116184
3.9714	-0.617981	-0.0431336	-0.116756
3.9845	-0.627899	-0.0412262	-0.117287
3.9976	-0.637817	-0.0380982	-0.117785
4.0108	-0.647736	-0.0348175	-0.118252
4.0239	-0.656891	-0.030011	-0.118687
4.037	-0.666046	-0.0277222	-0.119094
4.0501	-0.675964	-0.0252045	-0.119475
4.0632	-0.68512	-0.0274933	-0.119831
4.0763	-0.694275	-0.0216187	-0.120172
4.0894	-0.702667	-0.0220764	-0.120494
4.1025	-0.711823	-0.0206269	-0.120798
4.1156	-0.720978	-0.020398	-0.121087
4.1287	-0.72937	-0.0200928	-0.121359
4.1418	-0.737762	-0.0221527	-0.12162
4.1549	-0.746155	-0.0217713	-0.121868
4.168	-0.754547	-0.0161255	-0.122105
4.1811	-0.762939	-0.0166596	-0.122332
4.1943	-0.770569	-0.0185669	-0.12255
4.2074	-0.778961	-0.0147522	-0.122755
4.2205	-0.786591	-0.0159729	-0.122953
4.2336	-0.79422	-0.0164307	-0.123144
4.2467	-0.801849	-0.0127686	-0.123329
4.2598	-0.809479	-0.0132263	-0.123506
4.2729	-0.816345	-0.0133026	-0.123674
4.286	-0.823975	-0.0118531	-0.123837
4.2991	-0.830841	-0.0145233	-0.123992
4.3122	-0.837708	-0.0138367	-0.124147
4.3253	-0.844574	-0.0102509	-0.124294
4.3384	-0.85144	-0.0115479	-0.124434
4.3515	-0.857544	-0.0103272	-0.124571
4.3646	-0.86441	-0.00918277	-0.124701
4.3778	-0.870514	-0.00803836	-0.124828
4.3909	-0.876617	-0.00605472	-0.124947
4.404	-0.882721	-0.0075806	-0.125067
4.4171	-0.888824	-0.0075806	-0.125182
4.4302	-0.894165	-0.00910647	-0.125292
4.4433	-0.899506	-0.00697024	-0.125398
4.4564	-0.904846	-0.00712283	-0.125501
4.4695	-0.910187	-0.00590213	-0.125599
4.4826	-0.915527	-0.00979312	-0.125695
4.4957	-0.920868	-0.00559695	-0.12579
4.5088	-0.925446	-0.00582583	-0.125877
4.5219	-0.930023	-0.0075043	-0.125966
4.535	-0.934601	-0.0075806	-0.12605
4.5481	-0.939178	-0.00521548	-0.126129
4.5613	-0.942993	-0.00429996	-0.126212
4.5744	-0.947571	-0.0075806	-0.126286
4.5875	-0.951385	-0.00658877	-0.126355
4.6006	-0.9552	-0.00697024	-0.12643
4.6137	-0.959015	-0.00651248	-0.126495
4.6268	-0.962067	-0.00262149	-0.126561
4.6399	-0.965881	-0.00864871	-0.126623
4.653	-0.968933	-0.00727542	-0.126684
4.6661	-0.971985	-0.00727542	-0.126743
4.6792	-0.975037	-0.010022	-0.126795
4.6923	-0.977325	0.000506563	-0.126846
4.7054	-0.980377	-0.00697024	-0.126903
4.7185	-0.982666	-0.00162967	-0.126952
4.7316	-0.984955	-0.00155337	-0.126999
4.7448	-0.987244	-0.00674136	-0.127041
4.7579	-0.98877	-0.00399478	-0.12708
4.771	-0.991058	-0.00574954	-0.127124
4.7841	-0.992584	-0.0036896	-0.127161
4.7972	-0.99411	-0.00147708	-0.127198
4.8103	-0.995636	-0.0062073	-0.127229
4.8234	-0.996399	-0.000866728	-0.127263
4.8365	-0.997162	-0.000866728	-0.127289
4.8496	-0.998688	-0.00315555	-0.127319
4.8627	-0.999451	-0.0075043	-0.127343
4.8758	-0.999451	-0.0011719	-0.127367
4.8889	-1.00021	-0.00323184	-0.12739
4.902	-1.00021	-0.000256377	-0.127409
4.9152	-1.00021	-0.00178226	-0.127426
4.9283	-1.00021	-0.000637846	-0.127442
4.9414	-1.00021	-0.00071414	-0.127458
4.9545	-0.999451	-0.000256377	-0.12747
4.9676	-0.999451	-0.000866728	-0.127485
4.9807	-0.998688	-0.000408964	-0.127494
4.9938	-0.997925	-0.000485258	-0.127506
5.0069	-0.996399	-0.00361331	-0.127512
5.02	-0.995636	0.000964327	-0.127521
5.0331	-0.99411	-0.000103789	-0.127525
5.0462	-0.992584	0.00119321	-0.127533
5.0593	-0.991058	0.00226132	-0.127537
5.0724	-0.98877	0.0012695	-0.12754
5.0855	-0.987244	-0.0011719	-0.127542
5.0987	-0.984955	-0.00285037	-0.127541
5.1118	-0.982666	-0.00193484	-0.127541
5.1249	-0.980377	-0.00307925	-0.127542
5.138	-0.977325	0.00447385	-0.12754
5.1511	-0.975037	-0.00513919	-0.127535
5.1642	-0.971985	0.00325314	-0.127529
5.1773	-0.968933	0.00554196	-0.127526
5.1904	-0.965881	0.00218503	-0.12752
5.2035	-0.962067	-0.00155337	-0.127514
5.2166	-0.959015	0.00264279	-0.127505
5.2297	-0.9552	0.000964327	-0.127496
5.2428	-0.951385	0.0025665	-0.127485
5.2559	-0.947571	0.00187985	-0.127472
5.269	-0.943756	-0.000790434	-0.127457
5.2822	-0.939178	0.00226132	-0.127442
5.2953	-0.934601	0.00264279	-0.127427
5.3084	-0.930023	0.00325314	-0.12741
5.3215	-0.925446	0.00279538	-0.127388
5.3346	-0.920868	0.00187985	-0.127368
5.3477	-0.915527	0.00187985	-0.127348
5.3608	-0.910187	0.00218503	-0.127326
5.3739	-0.905609	0.000430269	-0.127299
5.387	-0.899506	0.00157468	-0.127274
5.4001	-0.894165	0.000659151	-0.127246
5.4132	-0.888824	0.00355832	-0.127215
5.4263	-0.882721	0.00371091	-0.127185
5.4394	-0.876617	0.00294797	-0.127152
5.4525	-0.870514	0.00393979	-0.127119
5.4657	-0.86441	0.00409238	-0.127082
5.4788	-0.857544	0.00264279	-0.127045
5.4919	-0.85144	0.00142209	-0.127005
5.505	-0.844574	0.00279538	-0.126967
5.5181	-0.837708	0.00485532	-0.126921
5.5312	-0.830841	0.00340573	-0.126875
5.5443	-0.823975	0.00371091	-0.126828
5.5574	-0.817108	0.00355832	-0.126778
5.5705	-0.809479	0.0038635	-0.126729
5.5836	-0.801849	0.00363461	-0.126675
5.5967	-0.79422	0.00409238	-0.126619
5.6098	-0.786591	0.00622861	-0.12656
5.6229	-0.778961	0.00531308	-0.126499
5.636	-0.771332	0.00462644	-0.126439
5.6492	-0.762939	0.00371091	-0.126374
5.6623	-0.754547	0.00615231	-0.126307
5.6754	-0.746155	0.00607602	-0.126239
5.6885	-0.737762	0.0063049	-0.126166
5.7016	-0.72937	0.00485532	-0.126088
5.7147	-0.720978	0.00569455	-0.126011
5.7278	-0.711823	0.00714414	-0.12593
5.7409	-0.70343	0.00538938	-0.125845
5.754	-0.694275	0.00538938	-0.125756
5.7671	-0.68512	0.00851743	-0.125664
5.7802	-0.675964	0.00752561	-0.125569
5.7933	-0.666809	0.00783078	-0.125473
5.8064	-0.656891	0.00752561	-0.125369
5.8195	-0.647736	0.0101196	-0.125264
5.8327	-0.637817	0.00989072	-0.125151
5.8458	-0.627899	0.00737302	-0.125035
5.8589	-0.617981	0.00798337	-0.124919
5.872	-0.608063	0.0088989	-0.124792
5.8851	-0.598145	0.0115692	-0.124664
5.8982	-0.588226	0.0100433	-0.124529
5.9113	-0.578308	0.00920407	-0.124391
5.9244	-0.567627	0.0128662	-0.124249
5.9375	-0.556946	0.00928037	-0.1241
5.9506	-0.547028	0.0114929	-0.123944
5.9637	-0.536346	0.0149261	-0.123779
5.9768	-0.525665	0.0153076	-0.123617
5.9899	-0.514984	0.0136291	-0.123441
6.003	-0.504303	0.015155	-0.123258
6.0162	-0.492859	0.0148498	-0.123065
6.0293	-0.482178	0.0154602	-0.122867
6.0424	-0.470734	0.0162994	-0.122665
6.0555	-0.460052	0.0154602	-0.122451
6.0686	-0.448608	0.0160705	-0.122225
6.0817	-0.437164	0.0175964	-0.121986
6.0948	-0.426483	0.0195038	-0.121746
6.1079	-0.415039	0.0236999	-0.121493
6.121	-0.403595	0.0241577	-0.121229
6.1341	-0.392151	0.0209533	-0.120948
6.1472	-0.379944	0.0214111	-0.120661
6.1603	-0.3685	0.0209533	-0.120359
6.1734	-0.357056	0.0237762	-0.120043
6.1865	-0.344849	0.0238525	-0.119709
6.1997	-0.333405	0.0267517	-0.119359
6.2128	-0.321198	0.0282776	-0.118994
6.2259	-0.309753	0.0298034	-0.118607
6.239	-0.297546	0.0331604	-0.118203
6.2521	-0.285339	0.0331604	-0.117779
6.2652	-0.273132	0.0360595	-0.117334
6.2783	-0.260925	0.0392639	-0.116864
6.2914	-0.249481	0.0414001	-0.116366
6.3045	-0.237274	0.0428497	-0.115837
6.3176	-0.225067	0.0465118	-0.115281
6.3307	-0.212097	0.0506317	-0.114689
6.3438	-0.19989	0.0548279	-0.114055
6.3569	-0.187683	0.0548279	-0.113391
6.37	-0.175476	0.0568115	-0.112688
6.3832	-0.163269	0.0621521	-0.111924
6.3963	-0.150299	0.0679504	-0.111109
6.4094	-0.138092	0.0696289	-0.110226
6.4225	-0.125885	0.0790893	-0.109281
6.4356	-0.112915	0.0844299	-0.10824
6.4487	-0.100708	0.0939666	-0.107098
6.4618	-0.088501	0.0995361	-0.105859
6.4749	-0.075531	0.10686	-0.104508
6.488	-0.063324	0.116397	-0.103024
6.5011	-0.050354	0.12746	-0.101387
6.5142	-0.038147	0.138065	-0.0996086
6.5273	-0.0259399	0.151721	-0.0976667
6.5404	-0.01297	0.166446	-0.0955374
6.5536	0	0.185138	-0.0932036
6.5667	0.012207	0.195514	-0.0907302
6.5798	0.0244141	0.213519	-0.088054
6.5929	0.037384	0.230304	-0.0851731
6.606	0.0495911	0.25304	-0.0820613
6.6191	0.062561	0.265475	-0.0787487
6.6322	0.0747681	0.284473	-0.075206
6.6453	0.087738	0.298053	-0.0714605
6.6584	0.0999451	0.310947	-0.0675065
6.6715	0.112152	0.32056	-0.0634216
6.6846	0.125122	0.327502	-0.0592142
6.6977	0.137329	0.330249	-0.0549262
6.7108	0.149536	0.332156	-0.0505782
6.7239	0.162506	0.330402	-0.0462159
6.7371	0.174713	0.330096	-0.0418046
6.7502	0.18692	0.327808	-0.0374335
6.7633	0.199127	0.325366	-0.0330814
6.7764	0.211334	0.321628	-0.0287817
6.7895	0.223541	0.31705	-0.0245241
6.8026	0.235748	0.312854	-0.0203302
6.8157	0.247955	0.307361	-0.0162027
6.8288	0.260162	0.300342	-0.0121676
6.8419	0.272369	0.293933	-0.00822276
6.855	0.284576	0.286151	-0.00438614
6.8681	0.296783	0.275928	-0.000656287
6.8812	0.308228	0.267688	0.00294493
6.8943	0.320435	0.258075	0.00642547
6.9074	0.332642	0.251285	0.00977656
6.9206	0.344086	0.242282	0.0130326
6.9337	0.356293	0.231677	0.0161261
6.9468	0.367737	0.223056	0.0190958
6.9599	0.379181	0.213672	0.021931
6.973	0.390625	0.204059	0.0246333
6.9861	0.402832	0.191852	0.0271943
6.9992	0.414276	0.178653	0.0296147
7.0123	0.42572	0.166217	0.0318998
7.0254	0.436401	0.156451	0.0340493
7.0385	0.447845	0.148746	0.0360632
7.0516	0.45929	0.137836	0.0379425
7.0647	0.469971	0.130511	0.0396951
7.0778	0.481415	0.121509	0.0413206
7.0909	0.492096	0.110065	0.0428284
7.1041	0.50354	0.0998413	0.044233
7.1172	0.514221	0.0935852	0.0455159
7.1303	0.524902	0.0884735	0.0466907
7.1434	0.535583	0.0783264	0.0477747
7.1565	0.546265	0.0731384	0.0487732
7.1696	0.556183	0.0664245	0.0496868
7.1827	0.566864	0.0632202	0.0505266
7.1958	0.576782	0.0548279	0.0512995
7.2089	0.587463	0.0496399	0.0520134
7.222	0.597382	0.0502502	0.0526616
7.2351	0.6073	0.0426208	0.0532622
7.2482	0.617218	0.0410949	0.0538186
7.2613	0.627136	0.0394165	0.0543319
7.2744	0.637054	0.0349914	0.0548155
7.2876	0.646973	0.0346862	0.0552602
7.3007	0.656128	0.0302612	0.0556763
7.3138	0.665283	0.0262176	0.0560634
7.3269	0.675201	0.0249206	0.0564253
7.34	0.684357	0.0246917	0.0567661
7.3531	0.693512	0.0192749	0.0570813
7.3662	0.701904	0.0207245	0.0573806
7.3793	0.71106	0.0209533	0.057664
7.3924	0.720215	0.0209533	0.0579309
7.4055	0.728607	0.0182831	0.0581831
7.4186	0.737	0.0189697	0.058423
7.4317	0.745392	0.017749	0.0586505
7.4448	0.753784	0.0153839	0.0588657
7.4579	0.762177	0.0169098	0.0590713
7.4711	0.769806	0.0150024	0.0592688
7.4842	0.778198	0.0146209	0.0594552
7.4973	0.785828	0.0143921	0.0596306
7.5104	0.793457	0.0136291	0.0597979
7.5235	0.801086	0.0124084	0.0599576
7.5366	0.808716	0.0111114	0.0601123
7.5497	0.815582	0.01073	0.0602555
7.5628	0.823212	0.0111877	0.0603962
7.5759	0.830078	0.0123321	0.0605327
7.589	0.836945	0.0103485	0.0606605
7.6021	0.843811	0.0088989	0.0607836
7.6152	0.850677	0.00973813	0.0609013
7.6283	0.856781	0.00783078	0.061017
7.6414	0.863647	0.00661008	0.0611242
7.6546	0.869751	0.00538938	0.0612288
7.6677	0.875854	0.00699155	0.0613286
7.6808	0.881958	0.00485532	0.0614254
7.6939	0.888062	0.00607602	0.0615159
7.707	0.893402	0.00950925	0.061602
7.7201	0.898743	0.0050842	0.0616848
7.7332	0.904083	0.00577084	0.0617665
7.7463	0.909424	0.00599973	0.0618411
7.7594	0.914764	0.0076019	0.0619142
7.7725	0.920105	0.00355832	0.0619857
7.7856	0.924683	0.00317685	0.0620522
7.7987	0.92926	0.00485532	0.0621179
7.8118	0.933838	0.00477902	0.0621776
7.8249	0.938416	0.00447385	0.0622337
7.8381	0.94223	0.00157468	0.062292
7.8512	0.946808	0.00477902	0.0623431
7.8643	0.950623	0.00523679	0.0623919
7.8774	0.954437	0.00569455	0.0624432
7.8905	0.958252	0.00432126	0.0624839
7.9036	0.961304	0.00172727	0.062527
7.9167	0.965118	0.00523679	0.0625684
7.9298	0.96817	0.00577084	0.0626072
7.9429	0.971222	0.00599973	0.0626453
7.956	0.974274	0.00844113	0.0626765
7.9691	0.976562	-0.00185855	0.0627067
7.9822	0.979614	0.00355832	0.062738
7.9953	0.981903	4.87992e-05	0.0627636
8.0084	0.984192	-0.000103789	0.0627856
8.0216	0.986481	0.00393979	0.062806
8.0347	0.988007	0.00279538	0.0628239
8.0478	0.990295	0.00455014	0.062844
8.0609	0.991821	0.000811739	0.0628592
8.074	0.993347	0.000201387	0.0628722
8.0871	0.994873	0.00462644	0.0628809
8.1002	0.995636	-0.000561552	0.0628913
8.1133	0.996399	-0.000408964	0.0628953
8.1264	0.997925	0.00233762	0.0629025
8.1395	0.998688	0.00531308	0.0629034
8.1526	0.998688	4.87992e-05	0.0629032
8.1657	0.999451	0.000353975	0.0629052
8.1788	0.999451	4.87992e-05	0.0629002
8.192	0.999451	-0.00101932	0.0628949
8.2051	0.999451	0.000201387	0.0628882
8.2182	0.999451	-0.000561552	0.0628818
8.2313	0.998688	-0.00216373	0.0628714
8.2444	0.998688	-0.00170596	0.0628627
8.2575	0.997925	-0.0011719	0.0628492
8.2706	0.997162	-0.00132449	0.0628382
8.2837	0.995636	0.000888033	0.0628217
8.2968	0.994873	-0.0011719	0.0628084
8.3099	0.993347	-0.00338443	0.0627889
8.323	0.991821	-0.00239261	0.0627726
8.3361	0.990295	-0.00300296	0.0627545
8.3492	0.988007	-0.00300296	0.0627343
8.3623	0.986481	-0.00071414	0.0627133
8.3755	0.984192	0.000964327	0.0626902
8.3886	0.981903	0.000125093	0.0626676
8.4017	0.979614	0.00142209	0.0626447
8.4148	0.976562	-0.00529178	0.0626229
8.4279	0.974274	0.00340573	0.0625925
8.441	0.971222	-0.00605472	0.0625636
8.4541	0.96817	-0.00864871	0.0625359
8.4672	0.965118	-0.00437625	0.0625068
8.4803	0.961304	0.0013458	0.062477
8.4934	0.958252	-0.00452884	0.0624442
8.5065	0.954437	-0.0037659	0.0624125
8.5196	0.950623	-0.00384219	0.062378
8.5327	0.946808	-0.00391849	0.0623421
8.5458	0.942993	0.000125093	0.062304
8.559	0.938416	-0.00452884	0.062266
8.5721	0.933838	-0.00452884	0.0622276
8.5852	0.92926	-0.00483401	0.0621886
8.5983	0.924683	-0.00391849	0.0621443
8.6114	0.920105	-0.00300296	0.0621003
8.6245	0.914764	-0.00353702	0.062057
8.6376	0.909424	-0.00468143	0.0620104
8.6507	0.904846	-0.00185855	0.0619619
8.6638	0.898743	-0.0037659	0.0619137
8.6769	0.893402	-0.00193484	0.061862
8.69	0.888062	-0.00437625	0.0618087
8.7031	0.881958	-0.00513919	0.0617564
8.7162	0.875854	-0.00559695	0.0617014
8.7293	0.869751	-0.0049866	0.0616429
8.7425	0.863647	-0.00536807	0.0615827
8.7556	0.856781	-0.00452884	0.0615225
8.7687	0.850677	-0.00361331	0.0614597
8.7818	0.843811	-0.00452884	0.0613967
8.7949	0.836945	-0.0049866	0.0613286
8.808	0.830078	-0.00429996	0.0612626
8.8211	0.823212	-0.00651248	0.061191
8.8342	0.816345	-0.00437625	0.0611168
8.8473	0.808716	-0.00605472	0.061044
8.8604	0.801086	-0.00567325	0.0609676
8.8735	0.793457	-0.00429996	0.0608895
8.8866	0.785828	-0.00735171	0.0608086
8.8997	0.778198	-0.00651248	0.0607246
8.9128	0.770569	-0.00712283	0.060639
8.926	0.762177	-0.00666507	0.0605493
8.9391	0.753784	-0.00697024	0.0604573
8.9522	0.745392	-0.00819095	0.0603636
8.9653	0.737	-0.00811465	0.0602684
8.9784	0.728607	-0.00574954	0.0601672
8.9915	0.720215	-0.00605472	0.0600644
9.0046	0.71106	-0.00704654	0.0599579
9.0177	0.702667	-0.00834353	0.05985
9.0308	0.693512	-0.0088013	0.0597364
9.0439	0.684357	-0.00948794	0.0596251
9.057	0.675201	-0.0105561	0.0595032
9.0701	0.666046	-0.00986941	0.0593815
9.0832	0.656128	-0.00956424	0.0592534
9.0963	0.646973	-0.0104798	0.0591246
9.1095	0.637054	-0.00803836	0.0589894
9.1226	0.627136	-0.00956424	0.0588506
9.1357	0.617218	-0.00979312	0.058707
9.1488	0.6073	-0.0102509	0.0585574
9.1619	0.597382	-0.0120819	0.0584074
9.175	0.587463	-0.0103272	0.0582523
9.1881	0.577545	-0.0124634	0.0580878
9.2012	0.566864	-0.0127686	0.0579189
9.2143	0.556183	-0.0116242	0.0577448
9.2274	0.546265	-0.0153626	0.0575608
9.2405	0.535583	-0.017041	0.057378
9.2536	0.524902	-0.0174988	0.0571839
9.2667	0.514221	-0.0135315	0.0569833
9.2798	0.50354	-0.0171173	0.0567748
9.293	0.492096	-0.0152863	0.0565616
9.3061	0.481415	-0.0173462	0.0563394
9.3192	0.469971	-0.0181092	0.0561081
9.3323	0.45929	-0.0161255	0.0558673
9.3454	0.447845	-0.0180329	0.0556162
9.3585	0.436401	-0.0225342	0.0553611
9.3716	0.42572	-0.0223053	0.0550921
9.3847	0.414276	-0.0232209	0.0548169
9.3978	0.402832	-0.0236786	0.0545271
9.4109	0.391388	-0.0226868	0.054228
9.424	0.379181	-0.0219239	0.0539074
9.4371	0.367737	-0.021695	0.0535758
9.4502	0.356293	-0.0249756	0.0532266
9.4633	0.344086	-0.0265015	0.0528689
9.4765	0.332642	-0.0290955	0.0524863
9.4896	0.320435	-0.0314606	0.0520929
9.5027	0.30899	-0.0335205	0.0516776
9.5158	0.296783	-0.0355042	0.0512492
9.5289	0.284576	-0.0375641	0.0507954
9.542	0.272369	-0.0382508	0.0503175
9.5551	0.260162	-0.0409211	0.0498163
9.5682	0.248718	-0.0413025	0.0492876
9.5813	0.236511	-0.0454224	0.0487289
9.5944	0.224304	-0.0472534	0.0481414
9.6075	0.211334	-0.0519074	0.0475186
9.6206	0.199127	-0.0536621	0.0468652
9.6337	0.18692	-0.0593079	0.0461647
9.6468	0.174713	-0.0594605	0.0454166
9.66	0.162506	-0.0672425	0.0446069
9.6731	0.149536	-0.0690735	0.0437564
9.6862	0.137329	-0.0742615	0.0428281
9.6993	0.125122	-0.081128	0.0418308
9.7124	0.112152	-0.0884522	0.0407416
9.7255	0.0999451	-0.0944031	0.0395627
9.7386	0.087738	-0.104932	0.0382666
9.7517	0.0747681	-0.10928	0.036851
9.7648	0.062561	-0.121564	0.0353059
9.7779	0.0495911	-0.129041	0.0336286
9.791	0.037384	-0.14407	0.0317934
9.8041	0.025177	-0.151852	0.0298003
9.8172	0.012207	-0.168179	0.027633
9.8304	0	-0.18031	0.0252953
9.8435	-0.01297	-0.196256	0.0227609
9.8566	-0.025177	-0.213498	0.0200265
9.8697	-0.038147	-0.231046	0.0170816
9.8828	-0.050354	-0.250195	0.0139473
9.8959	-0.063324	-0.268811	0.0105844
9.909	-0.075531	-0.286511	0.00702183
9.9221	-0.088501	-0.29704	0.00326205
9.9352	-0.100708	-0.310468	-0.00063704
9.9483	-0.112915	-0.319852	-0.00468571
9.9614	-0.125885	-0.324048	-0.0088217
9.9745	-0.138092	-0.324124	-0.0130212
9.9876	-0.150299	-0.325574	-0.0172419
10.0007	-0.163269	-0.322064	-0.0214866
10.0139	-0.175476	-0.320004	-0.0257534
10.027	-0.187683	-0.315732	-0.0299681
10.0401	-0.19989	-0.315961	-0.0341448
10.0532	-0.212097	-0.311154	-0.0382912
10.0663	-0.224304	-0.307187	-0.0423819
10.0794	-0.236511	-0.300473	-0.0464102
10.0925	-0.248718	-0.294675	-0.0503543
10.1056	-0.260925	-0.288495	-0.0542159
10.1187	-0.273132	-0.280255	-0.0579755
10.1318	-0.285339	-0.271863	-0.0616293
10.1449	-0.297546	-0.263165	-0.0651642
10.158	-0.30899	-0.253018	-0.0685888
10.1711	-0.321198	-0.247067	-0.0718913
10.1842	-0.333405	-0.237378	-0.0750696
10.1974	-0.344849	-0.231351	-0.0781479
10.2105	-0.357056	-0.21983	-0.0810806
10.2236	-0.3685	-0.212964	-0.0838857
10.2367	-0.379944	-0.203198	-0.0865647
10.2498	-0.391388	-0.19122	-0.0891078
10.2629	-0.403595	-0.180157	-0.0915307
10.276	-0.415039	-0.169629	-0.0938225
10.2891	-0.426483	-0.158337	-0.0959865
10.3022	-0.437164	-0.147885	-0.0980199
10.3153	-0.448608	-0.142239	-0.0999294
10.3284	-0.460052	-0.131635	-0.101713
10.3415	-0.470734	-0.123624	-0.103375
10.3546	-0.482178	-0.113553	-0.104918
10.3677	-0.492859	-0.103711	-0.106349
10.3809	-0.504303	-0.0960053	-0.107693
10.394	-0.514984	-0.0908936	-0.108918
10.4071	-0.525665	-0.0847901	-0.110046
10.4202	-0.536346	-0.0747956	-0.111086
10.4333	-0.547028	-0.0704468	-0.112052
10.4464	-0.556946	-0.0651062	-0.112937
10.4595	-0.567627	-0.0619019	-0.113751
10.4726	-0.577545	-0.0532044	-0.114504
10.4857	-0.588226	-0.0516022	-0.115197
10.4988	-0.598145	-0.0496186	-0.11584
10.5119	-0.608063	-0.0426758	-0.116439
10.525	-0.617981	-0.0406922	-0.116994
10.5381	-0.627899	-0.0396241	-0.117507
10.5512	-0.637817	-0.0371826	-0.117992
10.5644	-0.647736	-0.0335205	-0.118445
10.5775	-0.656891	-0.028714	-0.118868
10.5906	-0.666046	-0.0276459	-0.119264
10.6037	-0.675964	-0.0252808	-0.119634
10.6168	-0.68512	-0.0255097	-0.11998
10.6299	-0.694275	-0.0217713	-0.120313
10.643	-0.702667	-0.0226105	-0.120627
10.6561	-0.711823	-0.020398	-0.120925
10.6692	-0.720978	-0.0193299	-0.121204
10.6823	-0.72937	-0.0193299	-0.121473
10.6954	-0.737762	-0.0211609	-0.121727
10.7085	-0.746155	-0.0202454	-0.12197
10.7216	-0.754547	-0.0152863	-0.122203
10.7347	-0.762939	-0.0162781	-0.122425
10.7479	-0.770569	-0.0184143	-0.12264
10.761	-0.778961	-0.0142182	-0.122842
10.7741	-0.786591	-0.0167359	-0.123037
10.7872	-0.79422	-0.0154389	-0.123225
10.8003	-0.801849	-0.0136841	-0.123408
10.8134	-0.809479	-0.0123871	-0.123582
10.8265	-0.816345	-0.0135315	-0.123748
10.8396	-0.823975	-0.0123871	-0.12391
10.8527	-0.830841	-0.0145233	-0.124062
10.8658	-0.837708	-0.0131501	-0.124215
10.8789	-0.844574	-0.0103272	-0.12436
10.892	-0.85144	-0.0103272	-0.124498
10.9051	-0.857544	-0.0101746	-0.124634
10.9182	-0.86441	-0.00941165	-0.124762
10.9314	-0.870514	-0.00796206	-0.124888
10.9445	-0.876617	-0.00712283	-0.125007
10.9576	-0.882721	-0.00697024	-0.125125
10.9707	-0.888824	-0.0075806	-0.125238
10.9838	-0.894165	-0.0103272	-0.125347
10.9969	-0.899506	-0.00613101	-0.125452
11.01	-0.904846	-0.00819095	-0.125555
11.0231	-0.910187	-0.00643619	-0.125652
11.0362	-0.915527	-0.00964053	-0.125747
11.0493	-0.920868	-0.00521548	-0.12584
11.0624	-0.925446	-0.00491031	-0.125927
11.0755	-0.930023	-0.00849612	-0.126015
11.0886	-0.934601	-0.00689395	-0.126098
11.1017	-0.939178	-0.00559695	-0.126177
11.1149	-0.942993	-0.00391849	-0.126259
11.128	-0.947571	-0.00735171	-0.126333
11.1411	-0.951385	-0.00742801	-0.126402
11.1542	-0.9552	-0.0075806	-0.126475
11.1673	-0.959015	-0.00399478	-0.12654
11.1804	-0.962067	-0.00346072	-0.126605
11.1935	-0.965881	-0.00780948	-0.126666
11.2066	-0.968933	-0.00765689	-0.126727
11.2197	-0.971985	-0.00674136	-0.126785
11.2328	-0.975037	-0.010022	-0.126836
11.2459	-0.977325	-2.74947e-05	-0.126887
11.259	-0.980377	-0.00681766	-0.126942
11.2721	-0.982666	-0.00147708	-0.126991
11.2852	-0.984955	-0.00239261	-0.127036
11.2984	-0.987244	-0.0062836	-0.127079
11.3115	-0.98877	-0.00429996	-0.127117
11.3246	-0.991058	-0.00651248	-0.127159
11.3377	-0.992584	-0.0024689	-0.127197
11.3508	-0.99411	-0.00071414	-0.127233
11.3639	-0.995636	-0.00483401	-0.127263
11.377	-0.996399	-0.00101932	-0.127296
11.3901	-0.997162	-0.000866728	-0.127322
11.4032	-0.998688	-0.0036896	-0.127352
11.4163	-0.999451	-0.00658877	-0.127374
11.4294	-0.999451	-0.000790434	-0.127397
11.4425	-1.00021	-0.00147708	-0.12742
11.4556	-1.00021	-0.00132449	-0.127438
11.4688	-1.00021	-0.00071414	-0.127454
11.4819	-1.00021	-0.00101932	-0.12747
11.495	-1.00021	-0.000561552	-0.127486
11.5081	-0.999451	0.000201387	-0.127497
11.5212	-0.999451	-0.00109561	-0.127512
11.5343	-0.998688	-0.000332671	-0.127521
11.5474	-0.997925	-0.000103789	-0.127532
11.5605	-0.996399	-0.00170596	-0.127539
11.5736	-0.995636	-0.000637846	-0.127547
11.5867	-0.99411	0.000277681	-0.127552
11.5998	-0.992584	0.00172727	-0.127558
11.6129	-0.991058	0.000353975	-0.127563
11.626	-0.98877	0.000964327	-0.127566
11.6391	-0.987244	-0.00155337	-0.127568
11.6523	-0.984955	-0.00216373	-0.127567
11.6654	-0.982666	-0.00170596	-0.127567
11.6785	-0.980377	-0.00262149	-0.127567
11.6916	-0.977325	0.00332944	-0.127567
11.7047	-0.975037	-0.00407107	-0.12756
11.7178	-0.971985	0.00271909	-0.127555
11.7309	-0.968933	0.00661008	-0.127551
11.744	-0.965881	0.00187985	-0.127546
11.7571	-0.962067	-0.00208743	-0.12754
11.7702	-0.959015	0.00264279	-0.12753
11.7833	-0.9552	0.00172727	-0.127522
11.7964	-0.951385	0.00111691	-0.12751
11.8095	-0.947571	0.00264279	-0.127497
11.8226	-0.943756	-0.000485258	-0.127482
11.8358	-0.939178	0.00180356	-0.127468
11.8489	-0.934601	0.00180356	-0.127452
11.862	-0.930023	0.00279538	-0.127435
11.8751	-0.925446	0.00310056	-0.127414
11.8882	-0.920868	0.00111691	-0.127394
11.9013	-0.915527	0.00165097	-0.127373
11.9144	-0.910187	0.00142209	-0.12735
11.9275	-0.905609	0.000735445	-0.127323
11.9406	-0.899506	0.00203244	-0.127299
11.9537	-0.894165	4.87992e-05	-0.12727
11.9668	-0.888824	0.00363461	-0.127239
11.9799	-0.882721	0.00393979	-0.127209
11.993	-0.876617	0.00279538	-0.127176
12.0061	-0.870514	0.00416867	-0.127143
12.0193	-0.86441	0.00447385	-0.127107
12.0324	-0.857544	0.00226132	-0.127071
12.0455	-0.85144	0.00203244	-0.127031
12.0586	-0.844574	0.00294797	-0.126992
12.0717	-0.837708	0.0037872	-0.126947
12.0848	-0.830841	0.00310056	-0.126902
12.0979	-0.823975	0.00409238	-0.126855
12.111	-0.817108	0.00348203	-0.126805
12.1241	-0.809479	0.00393979	-0.126754
12.1372	-0.801849	0.00279538	-0.126701
12.1503	-0.79422	0.00424497	-0.126645
12.1634	-0.786591	0.00439755	-0.126587
12.1765	-0.778961	0.00546567	-0.126524
12.1896	-0.771332	0.00523679	-0.126464
12.2028	-0.762939	0.00393979	-0.126399
12.2159	-0.754547	0.00523679	-0.126332
12.229	-0.746155	0.00569455	-0.126265
12.2421	-0.737762	0.00493161	-0.126191
12.2552	-0.72937	0.00538938	-0.126114
12.2683	-0.720978	0.00676267	-0.126037
12.2814	-0.711823	0.00706784	-0.125956
12.2945	-0.70343	0.00722043	-0.125872
12.3076	-0.694275	0.00691525	-0.125783
12.3207	-0.68512	0.00859372	-0.125693
12.3338	-0.675964	0.00874631	-0.125598
12.3469	-0.666809	0.00821225	-0.125502
12.36	-0.656891	0.00683896	-0.125398
12.3731	-0.647736	0.0109588	-0.125294
12.3863	-0.637817	0.00867002	-0.125182
12.3994	-0.627899	0.00867002	-0.125067
12.4125	-0.617981	0.00714414	-0.12495
12.4256	-0.608063	0.00821225	-0.124822
12.4387	-0.598145	0.0119507	-0.124695
12.4518	-0.588226	0.00859372	-0.124561
12.4649	-0.578308	0.00905148	-0.124424
12.478	-0.567627	0.0117981	-0.124283
12.4911	-0.556946	0.00973813	-0.124134
12.5042	-0.547028	0.0121795	-0.123977
12.5173	-0.536346	0.0153839	-0.123812
12.5304	-0.525665	0.0150024	-0.12365
12.5435	-0.514984	0.0127136	-0.123474
12.5566	-0.504303	0.0157654	-0.123291
12.5698	-0.492859	0.0146972	-0.123099
12.5829	-0.482178	0.0156128	-0.1229
12.596	-0.470734	0.0160705	-0.122698
12.6091	-0.460052	0.015155	-0.122484
12.6222	-0.448608	0.015155	-0.122258
12.6353	-0.437164	0.0179016	-0.12202
12.6484	-0.426483	0.01958	-0.12178
12.6615	-0.415039	0.0240051	-0.121526
12.6746	-0.403595	0.0236999	-0.121263
12.6877	-0.392151	0.0215637	-0.120983
12.7008	-0.379944	0.0209533	-0.120695
12.7139	-0.3685	0.0217163	-0.120395
12.727	-0.357056	0.0218689	-0.120078
12.7401	-0.344849	0.0249969	-0.119746
12.7533	-0.333405	0.0262939	-0.119394
12.7664	-0.321198	0.0296509	-0.11903
12.7795	-0.309753	0.0291931	-0.118644
12.7926	-0.297546	0.0328552	-0.118238
12.8057	-0.285339	0.0347625	-0.117814
12.8188	-0.273132	0.0360595	-0.117372
12.8319	-0.260925	0.0388061	-0.116901
12.845	-0.249481	0.0414001	-0.116404
12.8581	-0.237274	0.0426971	-0.115875
12.8712	-0.225067	0.0448333	-0.115321
12.8843	-0.212097	0.0507843	-0.114729
12.8974	-0.19989	0.0523864	-0.114097
12.9105	-0.187683	0.0559723	-0.113432
12.9236	-0.175476	0.0591003	-0.112729
12.9368	-0.163269	0.0626098	-0.111966
12.9499	-0.150299	0.0678741	-0.111153
12.963	-0.138092	0.0687134	-0.110273
12.9761	-0.125885	0.0793945	-0.109329
12.9892	-0.112915	0.0847351	-0.108288
13.0023	-0.100708	0.0938904	-0.107147
13.0154	-0.088501	0.0964843	-0.105908
13.0285	-0.075531	0.108234	-0.104558
13.0416	-0.063324	0.115176	-0.103077
13.0547	-0.050354	0.128604	-0.101442
13.0678	-0.038147	0.137454	-0.0996617
13.0809	-0.0259399	0.152484	-0.097718
13.094	-0.01297	0.166064	-0.0955938
