0	0	-0.00834353	0
0.0131	0.012207	-0.0223816	-0.00330621
0.0262	0.0244141	0.0195038	-0.00338479
0.0393	0.037384	0.0391113	-0.00308112
0.0524	0.0495911	0.0555908	-0.0025425
0.0655	0.062561	0.0677978	-0.00183701
0.0786	0.0747681	0.0832855	-0.000929243
0.0917	0.087738	0.11365	0.000290619
0.1048	0.0999451	0.151569	0.00197673
0.1179	0.112152	0.0467407	0.00255656
0.131	0.125122	0.0833618	0.00338952
0.1441	0.137329	0.129062	0.00480061
0.1572	0.149536	0.148822	0.00664771
0.1703	0.162506	0.156146	0.00866254
0.1835	0.174713	0.158511	0.0107908
0.1966	0.18692	0.158206	0.0129295
0.2097	0.199127	0.15874	0.0150777
0.2228	0.211334	0.155536	0.0171873
0.2359	0.223541	0.153705	0.0192748
0.249	0.235748	0.148822	0.02132
0.2621	0.247955	0.14455	0.0233258
0.2752	0.260162	0.141345	0.0252634
0.2883	0.272369	0.13631	0.0271462
0.3014	0.284576	0.133258	0.0289612
0.3145	0.296783	0.125323	0.0307116
0.3276	0.308228	0.121814	0.0323759
0.3407	0.320435	0.117389	0.033975
0.3538	0.332642	0.113422	0.0354963
0.367	0.344086	0.10831	0.0369667
0.3801	0.356293	0.102588	0.0383413
0.3932	0.367737	0.0999176	0.0396503
0.4063	0.379181	0.0951111	0.0408873
0.4194	0.390625	0.0900757	0.0420604
0.4325	0.402832	0.0827514	0.0431617
0.4456	0.414276	0.0763427	0.044199
0.4587	0.42572	0.0703918	0.0451757
0.4718	0.436401	0.0650512	0.0460993
0.4849	0.447845	0.0645935	0.0469674
0.498	0.45929	0.0598633	0.0477826
0.5111	0.469971	0.0578033	0.0485506
0.5242	0.481415	0.0552093	0.0492719
0.5373	0.492096	0.0496399	0.0499504
0.5505	0.50354	0.0453674	0.0505937
0.5636	0.514221	0.0445282	0.051195
0.5767	0.524902	0.0443756	0.0517557
0.5898	0.535583	0.0384247	0.052288
0.6029	0.546265	0.0371277	0.0527931
0.616	0.556183	0.0352966	0.0532687
0.6291	0.566864	0.033847	0.0537176
0.6422	0.576782	0.0294983	0.0541444
0.6553	0.587463	0.0289642	0.0545508
0.6684	0.597382	0.0304138	0.0549269
0.6815	0.6073	0.0257599	0.0552878
0.6946	0.617218	0.025531	0.0556308
0.7077	0.627136	0.0254547	0.0559549
0.7208	0.637054	0.0227844	0.0562694
0.734	0.646973	0.0231659	0.0565642
0.7471	0.656128	0.0212585	0.056846
0.7602	0.665283	0.0195038	0.0571151
0.7733	0.675201	0.0163757	0.0573712
0.7864	0.684357	0.0179779	0.0576195
0.7995	0.693512	0.0150787	0.0578502
0.8126	0.701904	0.0154602	0.0580745
0.8257	0.71106	0.0152313	0.0582899
0.8388	0.720215	0.0150024	0.0584955
0.8519	0.728607	0.0143158	0.0586921
0.865	0.737	0.0154602	0.0588816
0.8781	0.745392	0.0150024	0.0590632
0.8912	0.753784	0.0115692	0.0592354
0.9043	0.762177	0.0131714	0.0594026
0.9175	0.769806	0.012561	0.059566
0.9306	0.778198	0.0120269	0.0597202
0.9437	0.785828	0.0117981	0.0598661
0.9568	0.793457	0.0101196	0.0600071
0.9699	0.801086	0.0105774	0.0601417
0.983	0.808716	0.00935666	0.060273
0.9961	0.815582	0.01073	0.0603953
1.0092	0.823212	0.00813596	0.0605168
1.0223	0.830078	0.01073	0.0606339
1.0354	0.836945	0.00935666	0.0607457
1.0485	0.843811	0.00828855	0.0608515
1.0616	0.850677	0.0088226	0.060953
1.0747	0.856781	0.00775449	0.0610538
1.0878	0.863647	0.00554196	0.0611468
1.101	0.869751	0.00485532	0.0612381
1.1141	0.875854	0.00538938	0.0613251
1.1272	0.881958	0.0037872	0.0614099
1.1403	0.888062	0.00523679	0.0614879
1.1534	0.893402	0.00737302	0.061564
1.1665	0.898743	0.00416867	0.0616355
1.1796	0.904083	0.00424497	0.0617081
1.1927	0.909424	0.00371091	0.0617726
1.2058	0.914764	0.00699155	0.0618368
1.2189	0.920105	0.00279538	0.0618978
1.232	0.924683	0.00325314	0.0619565
1.2451	0.92926	0.0063049	0.0620146
1.2582	0.933838	0.00523679	0.0620666
1.2713	0.938416	0.0038635	0.0621159
1.2845	0.94223	0.00172727	0.0621665
1.2976	0.946808	0.00477902	0.0622105
1.3107	0.950623	0.00546567	0.0622525
1.3238	0.954437	0.00470273	0.0622973
1.3369	0.958252	0.00371091	0.0623322
1.35	0.961304	0.00104062	0.0623686
1.3631	0.965118	0.00546567	0.0624031
1.3762	0.96817	0.00584714	0.0624373
1.3893	0.971222	0.00569455	0.0624688
1.4024	0.974274	0.00798337	0.0624944
1.4155	0.976562	-0.0012482	0.0625186
1.4286	0.979614	0.00493161	0.0625462
1.4417	0.981903	4.87992e-05	0.0625673
1.4548	0.984192	-0.000256377	0.0625851
1.468	0.986481	0.0037872	0.0626013
1.4811	0.988007	0.0012695	0.0626139
1.4942	0.990295	0.00302426	0.0626301
1.5073	0.991821	0.000811739	0.0626423
1.5204	0.993347	-0.00132449	0.0626529
1.5335	0.994873	0.00485532	0.0626579
1.5466	0.995636	-0.000332671	0.0626649
1.5597	0.996399	-2.74947e-05	0.062667
1.5728	0.997925	0.000964327	0.0626729
1.5859	0.998688	0.00531308	0.0626701
1.599	0.998688	-0.000866728	0.0626692
1.6121	0.999451	0.000964327	0.0626683
1.6252	0.999451	-0.00071414	0.0626615
1.6384	0.999451	-2.74947e-05	0.0626551
1.6515	0.999451	-0.000790434	0.0626472
1.6646	0.999451	-2.74947e-05	0.0626394
1.6777	0.998688	-0.00262149	0.0626269
1.6908	0.998688	-0.00208743	0.0626175
1.7039	0.997925	-0.00178226	0.0626028
1.717	0.997162	-0.00162967	0.0625901
1.7301	0.995636	0.00119321	0.0625742
1.7432	0.994873	-0.00147708	0.0625591
1.7563	0.993347	-0.00307925	0.0625394
1.7694	0.991821	-0.00315555	0.0625235
1.7825	0.990295	-0.00292666	0.0625045
1.7956	0.988007	-0.00353702	0.0624837
1.8087	0.986481	-0.000561552	0.0624625
1.8219	0.984192	0.000659151	0.062439
1.835	0.981903	0.00187985	0.0624159
1.8481	0.979614	0.00104062	0.0623943
1.8612	0.976562	-0.0049866	0.0623719
1.8743	0.974274	0.00500791	0.062341
1.8874	0.971222	-0.00567325	0.0623125
1.9005	0.96817	-0.00864871	0.0622853
1.9136	0.965118	-0.00346072	0.0622561
1.9267	0.961304	0.00111691	0.0622268
1.9398	0.958252	-0.00361331	0.0621951
1.9529	0.954437	-0.00346072	0.0621642
1.966	0.950623	-0.00422366	0.0621296
1.9791	0.946808	-0.00452884	0.0620932
1.9922	0.942993	-0.00185855	0.0620563
2.0054	0.938416	-0.00475772	0.0620175
2.0185	0.933838	-0.00391849	0.0619794
2.0316	0.92926	-0.00330813	0.0619402
2.0447	0.924683	-0.00468143	0.0618961
2.0578	0.920105	-0.00338443	0.0618521
2.0709	0.914764	-0.00285037	0.0618104
2.084	0.909424	-0.00353702	0.0617642
2.0971	0.904846	-0.00285037	0.0617161
2.1102	0.898743	-0.00315555	0.0616701
2.1233	0.893402	-0.00185855	0.0616192
2.1364	0.888062	-0.00475772	0.0615662
2.1495	0.881958	-0.00605472	0.0615156
2.1626	0.875854	-0.00513919	0.0614609
2.1757	0.869751	-0.0049866	0.0614046
2.1889	0.863647	-0.00582583	0.0613439
2.202	0.856781	-0.00544437	0.0612858
2.2151	0.850677	-0.00315555	0.0612234
2.2282	0.843811	-0.00529178	0.0611621
2.2413	0.836945	-0.0075043	0.0610952
2.2544	0.830078	-0.00468143	0.0610302
2.2675	0.823212	-0.00559695	0.0609598
2.2806	0.816345	-0.00613101	0.0608865
2.2937	0.808716	-0.00590213	0.0608138
2.3068	0.801086	-0.00491031	0.0607397
2.3199	0.793457	-0.0049866	0.0606609
2.333	0.785828	-0.00727542	0.0605823
2.3461	0.778198	-0.00666507	0.0604998
2.3592	0.770569	-0.00727542	0.0604154
2.3724	0.762177	-0.00643619	0.0603265
2.3855	0.753784	-0.00651248	0.0602361
2.3986	0.745392	-0.00864871	0.060144
2.4117	0.737	-0.00788577	0.060049
2.4248	0.728607	-0.0075806	0.0599499
2.4379	0.720215	-0.00697024	0.0598477
2.451	0.71106	-0.00803836	0.0597429
2.4641	0.702667	-0.00857242	0.0596364
2.4772	0.693512	-0.00941165	0.0595242
2.4903	0.684357	-0.00910647	0.0594139
2.5034	0.675201	-0.0102509	0.0592942
2.5165	0.666046	-0.00986941	0.0591729
2.5296	0.656128	-0.00964053	0.0590471
2.5427	0.646973	-0.0102509	0.0589193
2.5559	0.637054	-0.0088013	0.058785
2.569	0.627136	-0.00796206	0.0586486
2.5821	0.617218	-0.0108612	0.0585076
2.5952	0.6073	-0.0116242	0.0583589
2.6083	0.597382	-0.0119293	0.0582107
2.6214	0.587463	-0.011319	0.0580564
2.6345	0.577545	-0.0123871	0.0578943
2.6476	0.566864	-0.0130738	0.0577263
2.6607	0.556183	-0.0132263	0.057554
2.6738	0.546265	-0.0138367	0.0573728
2.6869	0.535583	-0.0180329	0.0571904
2.7	0.524902	-0.0167359	0.0569999
2.7131	0.514221	-0.0135315	0.0568007
2.7262	0.50354	-0.0180329	0.0565933
2.7394	0.492096	-0.0165833	0.056383
2.7525	0.481415	-0.017804	0.0561602
2.7656	0.469971	-0.0159729	0.0559326
2.7787	0.45929	-0.0158966	0.0556943
2.7918	0.447845	-0.0177277	0.055445
2.8049	0.436401	-0.0216187	0.0551888
2.818	0.42572	-0.022229	0.0549242
2.8311	0.414276	-0.0228394	0.0546515
2.8442	0.402832	-0.0230683	0.0543619
2.8573	0.391388	-0.0226868	0.0540664
2.8704	0.379181	-0.0228394	0.0537486
2.8835	0.367737	-0.0221527	0.0534197
2.8966	0.356293	-0.024823	0.0530726
2.9097	0.344086	-0.02818	0.0527158
2.9229	0.332642	-0.030774	0.052335
2.936	0.320435	-0.0310028	0.0519447
2.9491	0.30899	-0.0329865	0.0515336
2.9622	0.296783	-0.0356568	0.0511075
2.9753	0.284576	-0.0371826	0.0506566
2.9884	0.272369	-0.0374115	0.0501803
3.0015	0.260162	-0.0397003	0.0496806
3.0146	0.248718	-0.0422943	0.049159
3.0277	0.236511	-0.046109	0.0486038
3.0408	0.224304	-0.0480164	0.0480159
3.0539	0.211334	-0.0514496	0.0473987
3.067	0.199127	-0.0539673	0.0467459
3.0801	0.18692	-0.060376	0.0460523
3.0932	0.174713	-0.0591553	0.0453071
3.1064	0.162506	-0.066098	0.0445027
3.1195	0.149536	-0.0704468	0.0436545
3.1326	0.137329	-0.0742615	0.0427327
3.1457	0.125122	-0.0821961	0.0417422
3.1588	0.112152	-0.0911988	0.0406581
3.1719	0.0999451	-0.0952423	0.0394838
3.185	0.087738	-0.105084	0.038189
3.1981	0.0747681	-0.110883	0.0367697
3.2112	0.062561	-0.123166	0.0352175
3.2243	0.0495911	-0.130338	0.0335332
3.2374	0.037384	-0.145215	0.0316821
3.2505	0.025177	-0.153912	0.0296731
3.2636	0.012207	-0.170316	0.0274838
3.2768	0	-0.181912	0.0251236
3.2899	-0.01297	-0.199994	0.0225658
3.303	-0.025177	-0.215482	0.0198012
3.3161	-0.038147	-0.233029	0.0168305
3.3292	-0.050354	-0.252179	0.0136719
3.3423	-0.063324	-0.270795	0.0102888
3.3554	-0.075531	-0.285977	0.00671629
3.3685	-0.088501	-0.296048	0.00295848
3.3816	-0.100708	-0.310162	-0.0009306
3.3947	-0.112915	-0.316724	-0.00496276
3.4078	-0.125885	-0.320691	-0.00907214
3.4209	-0.138092	-0.320004	-0.0132408
3.434	-0.150299	-0.321454	-0.0174254
3.4471	-0.163269	-0.317715	-0.0216283
3.4603	-0.175476	-0.317792	-0.0258512
3.4734	-0.187683	-0.31329	-0.0300157
3.4865	-0.19989	-0.311536	-0.0341411
3.4996	-0.212097	-0.306195	-0.0382338
3.5127	-0.224304	-0.302533	-0.04227
3.5258	-0.236511	-0.296277	-0.0462414
3.5389	-0.248718	-0.290326	-0.050131
3.552	-0.260925	-0.284222	-0.0539382
3.5651	-0.273132	-0.276288	-0.0576456
3.5782	-0.285339	-0.268048	-0.0612495
3.5913	-0.297546	-0.259045	-0.0647376
3.6044	-0.30899	-0.250348	-0.0681183
3.6175	-0.321198	-0.243176	-0.0713808
3.6306	-0.333405	-0.236157	-0.0745233
3.6438	-0.344849	-0.228604	-0.0775693
3.6569	-0.357056	-0.21861	-0.0804756
3.67	-0.3685	-0.211285	-0.0832588
3.6831	-0.379944	-0.200986	-0.0859219
3.6962	-0.391388	-0.190228	-0.0884537
3.7093	-0.403595	-0.180157	-0.0908734
3.7224	-0.415039	-0.170163	-0.0931666
3.7355	-0.426483	-0.159253	-0.0953379
3.7486	-0.437164	-0.148648	-0.0973822
3.7617	-0.448608	-0.143384	-0.0993078
3.7748	-0.460052	-0.132245	-0.101112
3.7879	-0.470734	-0.124997	-0.102798
3.801	-0.482178	-0.117596	-0.104368
3.8141	-0.492859	-0.106152	-0.105829
3.8273	-0.504303	-0.098523	-0.107202
3.8404	-0.514984	-0.0936402	-0.108456
3.8535	-0.525665	-0.0865448	-0.109616
3.8666	-0.536346	-0.0766266	-0.110685
3.8797	-0.547028	-0.0731171	-0.11168
3.8928	-0.556946	-0.0676239	-0.112592
3.9059	-0.567627	-0.0641907	-0.113435
3.919	-0.577545	-0.0541199	-0.114212
3.9321	-0.588226	-0.0522888	-0.114927
3.9452	-0.598145	-0.0522126	-0.115593
3.9583	-0.608063	-0.0434388	-0.116212
3.9714	-0.617981	-0.0428284	-0.116784
3.9845	-0.627899	-0.0406922	-0.117315
3.9976	-0.637817	-0.0380982	-0.117815
4.0108	-0.647736	-0.0342072	-0.11828
4.0239	-0.656891	-0.0313843	-0.118715
4.037	-0.666046	-0.0280274	-0.119123
4.0501	-0.675964	-0.0239838	-0.119503
4.0632	-0.68512	-0.0256623	-0.11986
4.0763	-0.694275	-0.0226105	-0.120201
4.0894	-0.702667	-0.0219239	-0.120522
4.1025	-0.711823	-0.020932	-0.120826
4.1156	-0.720978	-0.0203217	-0.121113
4.1287	-0.72937	-0.0193299	-0.121387
4.1418	-0.737762	-0.0216187	-0.121648
4.1549	-0.746155	-0.0204743	-0.121896
4.168	-0.754547	-0.0155152	-0.122132
4.1811	-0.762939	-0.0181092	-0.12236
4.1943	-0.770569	-0.0185669	-0.122578
4.2074	-0.778961	-0.0143708	-0.122783
4.2205	-0.786591	-0.0165833	-0.122982
4.2336	-0.79422	-0.0153626	-0.123172
4.2467	-0.801849	-0.0143708	-0.123358
4.2598	-0.809479	-0.0129975	-0.123535
4.2729	-0.816345	-0.0129975	-0.123703
4.286	-0.823975	-0.012616	-0.123867
4.2991	-0.830841	-0.0134552	-0.124021
4.3122	-0.837708	-0.0122345	-0.124176
4.3253	-0.844574	-0.00956424	-0.124323
4.3384	-0.85144	-0.00986941	-0.124463
4.3515	-0.857544	-0.0101746	-0.124601
4.3646	-0.86441	-0.00773318	-0.124731
4.3778	-0.870514	-0.00735171	-0.124858
4.3909	-0.876617	-0.00727542	-0.124979
4.404	-0.882721	-0.00719913	-0.125097
4.4171	-0.888824	-0.00735171	-0.125212
4.4302	-0.894165	-0.00971683	-0.125322
4.4433	-0.899506	-0.00742801	-0.125428
4.4564	-0.904846	-0.00727542	-0.125533
4.4695	-0.910187	-0.00651248	-0.125631
4.4826	-0.915527	-0.00895389	-0.125728
4.4957	-0.920868	-0.00513919	-0.125821
4.5088	-0.925446	-0.0049866	-0.125908
4.5219	-0.930023	-0.00742801	-0.125997
4.535	-0.934601	-0.00735171	-0.126081
4.5481	-0.939178	-0.0049866	-0.126161
4.5613	-0.942993	-0.00391849	-0.126243
4.5744	-0.947571	-0.00719913	-0.126317
4.5875	-0.951385	-0.00712283	-0.126388
4.6006	-0.9552	-0.00697024	-0.126461
4.6137	-0.959015	-0.00605472	-0.126527
4.6268	-0.962067	-0.00391849	-0.126593
4.6399	-0.965881	-0.00803836	-0.126655
4.653	-0.968933	-0.00803836	-0.126717
4.6661	-0.971985	-0.00826724	-0.126776
4.6792	-0.975037	-0.0112427	-0.126827
4.6923	-0.977325	-0.00071414	-0.126878
4.7054	-0.980377	-0.00635989	-0.126935
4.7185	-0.982666	-0.00071414	-0.126984
4.7316	-0.984955	-0.00185855	-0.127031
4.7448	-0.987244	-0.00552066	-0.127074
4.7579	-0.98877	-0.00422366	-0.127114
4.771	-0.991058	-0.00605472	-0.127157
4.7841	-0.992584	-0.00330813	-0.127195
4.7972	-0.99411	-0.00162967	-0.127232
4.8103	-0.995636	-0.00704654	-0.127262
4.8234	-0.996399	-0.00193484	-0.127296
4.8365	-0.997162	-0.00208743	-0.127322
4.8496	-0.998688	-0.00346072	-0.127352
4.8627	-0.999451	-0.0062073	-0.127375
4.8758	-0.999451	-0.00101932	-0.127398
4.8889	-1.00021	-0.00262149	-0.127422
4.902	-1.00021	-0.000943022	-0.12744
4.9152	-1.00021	-0.000103789	-0.127457
4.9283	-1.00021	-0.00162967	-0.127474
4.9414	-1.00021	-0.00109561	-0.12749
4.9545	-0.999451	0.00157468	-0.127503
4.9676	-0.999451	-0.00071414	-0.127517
4.9807	-0.998688	-0.000943022	-0.127527
4.9938	-0.997925	4.87992e-05	-0.127538
5.0069	-0.996399	-0.00277408	-0.127546
5.02	-0.995636	-0.0011719	-0.127554
5.0331	-0.99411	0.000811739	-0.127559
5.0462	-0.992584	0.000659151	-0.127566
5.0593	-0.991058	0.00195615	-0.127571
5.0724	-0.98877	0.00142209	-0.127573
5.0855	-0.987244	-0.0011719	-0.127576
5.0987	-0.984955	-0.00208743	-0.127575
5.1118	-0.982666	-0.0024689	-0.127575
5.1249	-0.980377	-0.00353702	-0.127574
5.138	-0.977325	0.00317685	-0.127573
5.1511	-0.975037	-0.0049866	-0.127566
5.1642	-0.971985	0.00371091	-0.127561
5.1773	-0.968933	0.00737302	-0.127557
5.1904	-0.965881	0.00325314	-0.127551
5.2035	-0.962067	-0.00140079	-0.127545
5.2166	-0.959015	0.00279538	-0.127536
5.2297	-0.9552	0.00157468	-0.127528
5.2428	-0.951385	0.00241391	-0.127515
5.2559	-0.947571	0.00279538	-0.127504
5.269	-0.943756	0.000277681	-0.127489
5.2822	-0.939178	0.00149838	-0.127474
5.2953	-0.934601	0.00195615	-0.127459
5.3084	-0.930023	0.00302426	-0.127441
5.3215	-0.925446	0.00241391	-0.12742
5.3346	-0.920868	0.00157468	-0.1274
5.3477	-0.915527	0.00172727	-0.12738
5.3608	-0.910187	0.00195615	-0.127357
5.3739	-0.905609	-0.000180083	-0.127332
5.387	-0.899506	0.00142209	-0.127307
5.4001	-0.894165	0.000811739	-0.127278
5.4132	-0.888824	0.00355832	-0.127248
5.4263	-0.882721	0.00401608	-0.127218
5.4394	-0.876617	0.00317685	-0.127186
5.4525	-0.870514	0.00416867	-0.127153
5.4657	-0.86441	0.00447385	-0.127116
5.4788	-0.857544	0.00249021	-0.127079
5.4919	-0.85144	0.00264279	-0.127039
5.505	-0.844574	0.00310056	-0.127001
5.5181	-0.837708	0.00363461	-0.126957
5.5312	-0.830841	0.00310056	-0.126912
5.5443	-0.823975	0.00409238	-0.126864
5.5574	-0.817108	0.00310056	-0.126815
5.5705	-0.809479	0.00523679	-0.126765
5.5836	-0.801849	0.00325314	-0.126712
5.5967	-0.79422	0.00455014	-0.126656
5.6098	-0.786591	0.00493161	-0.126598
5.6229	-0.778961	0.00485532	-0.126535
5.636	-0.771332	0.0050842	-0.126477
5.6492	-0.762939	0.00546567	-0.126411
5.6623	-0.754547	0.00569455	-0.126343
5.6754	-0.746155	0.00706784	-0.126276
5.6885	-0.737762	0.0063049	-0.126203
5.7016	-0.72937	0.00477902	-0.126125
5.7147	-0.720978	0.00615231	-0.126048
5.7278	-0.711823	0.00546567	-0.125966
5.7409	-0.70343	0.00599973	-0.125882
5.754	-0.694275	0.00584714	-0.125792
5.7671	-0.68512	0.00950925	-0.125703
5.7802	-0.675964	0.00859372	-0.125606
5.7933	-0.666809	0.00798337	-0.12551
5.8064	-0.656891	0.00584714	-0.125405
5.8195	-0.647736	0.0101196	-0.125301
5.8327	-0.637817	0.00874631	-0.125189
5.8458	-0.627899	0.00691525	-0.125074
5.8589	-0.617981	0.00798337	-0.124956
5.872	-0.608063	0.00798337	-0.12483
5.8851	-0.598145	0.0110351	-0.124703
5.8982	-0.588226	0.00966184	-0.124567
5.9113	-0.578308	0.00935666	-0.124431
5.9244	-0.567627	0.0102722	-0.124288
5.9375	-0.556946	0.00874631	-0.12414
5.9506	-0.547028	0.012561	-0.123984
5.9637	-0.536346	0.0134765	-0.123819
5.9768	-0.525665	0.0156128	-0.123656
5.9899	-0.514984	0.0118744	-0.123481
6.003	-0.504303	0.0146972	-0.123297
6.0162	-0.492859	0.0146972	-0.123105
6.0293	-0.482178	0.0150024	-0.122908
6.0424	-0.470734	0.0160705	-0.122706
6.0555	-0.460052	0.0148498	-0.122491
6.0686	-0.448608	0.0159179	-0.122266
6.0817	-0.437164	0.0188934	-0.122027
6.0948	-0.426483	0.020343	-0.121787
6.1079	-0.415039	0.0236236	-0.121533
6.121	-0.403595	0.0230133	-0.12127
6.1341	-0.392151	0.0220977	-0.120989
6.1472	-0.379944	0.0219452	-0.1207
6.1603	-0.3685	0.0214111	-0.1204
6.1734	-0.357056	0.0238525	-0.120084
6.1865	-0.344849	0.0244629	-0.119749
6.1997	-0.333405	0.0284301	-0.119399
6.2128	-0.321198	0.0285064	-0.119033
6.2259	-0.309753	0.0296509	-0.118648
6.239	-0.297546	0.03255	-0.118242
6.2521	-0.285339	0.0336181	-0.117817
6.2652	-0.273132	0.0360595	-0.117373
6.2783	-0.260925	0.0365936	-0.116903
6.2914	-0.249481	0.0422393	-0.116405
6.3045	-0.237274	0.0436126	-0.115876
6.3176	-0.225067	0.0465881	-0.115322
6.3307	-0.212097	0.0493347	-0.114729
6.3438	-0.19989	0.0529968	-0.114098
6.3569	-0.187683	0.0536834	-0.113432
6.37	-0.175476	0.0576507	-0.11273
6.3832	-0.163269	0.0626098	-0.111965
6.3963	-0.150299	0.0691711	-0.11115
6.4094	-0.138092	0.0696289	-0.110268
6.4225	-0.125885	0.0796997	-0.109321
6.4356	-0.112915	0.0844299	-0.108282
6.4487	-0.100708	0.0934326	-0.107138
6.4618	-0.088501	0.0980102	-0.1059
6.4749	-0.075531	0.106937	-0.104552
6.488	-0.063324	0.116473	-0.103068
6.5011	-0.050354	0.12807	-0.101432
6.5142	-0.038147	0.138065	-0.0996507
6.5273	-0.0259399	0.151263	-0.0977055
6.5404	-0.01297	0.165912	-0.0955753
6.5536	0	0.185748	-0.0932433
6.5667	0.012207	0.194064	-0.0907714
6.5798	0.0244141	0.214053	-0.088095
6.5929	0.037384	0.230991	-0.0852167
6.606	0.0495911	0.252429	-0.0821003
6.6191	0.062561	0.268375	-0.0787907
6.6322	0.0747681	0.284473	-0.0752484
6.6453	0.087738	0.298206	-0.0715022
6.6584	0.0999451	0.311786	-0.0675508
6.6715	0.112152	0.320331	-0.0634645
6.6846	0.125122	0.328189	-0.0592546
6.6977	0.137329	0.330096	-0.0549682
6.7108	0.149536	0.330249	-0.0506202
6.7239	0.162506	0.329639	-0.0462581
6.7371	0.174713	0.331012	-0.0418444
6.7502	0.18692	0.327502	-0.0374779
6.7633	0.199127	0.326511	-0.0331241
6.7764	0.211334	0.321857	-0.0288217
6.7895	0.223541	0.318805	-0.0245647
6.8026	0.235748	0.312854	-0.0203696
6.8157	0.247955	0.306522	-0.016243
6.8288	0.260162	0.301028	-0.0122067
6.8419	0.272369	0.291339	-0.00826252
6.855	0.284576	0.285388	-0.00442296
6.8681	0.296783	0.276538	-0.000691146
6.8812	0.308228	0.267459	0.00291154
6.8943	0.320435	0.259219	0.00639213
6.9074	0.332642	0.250522	0.00974362
6.9206	0.344086	0.24129	0.0130012
6.9337	0.356293	0.230457	0.0160952
6.9468	0.367737	0.224658	0.0190634
6.9599	0.379181	0.215808	0.0218975
6.973	0.390625	0.205127	0.0246006
6.9861	0.402832	0.189716	0.0271599
6.9992	0.414276	0.179645	0.029581
7.0123	0.42572	0.168048	0.0318647
7.0254	0.436401	0.157367	0.0340125
7.0385	0.447845	0.149203	0.0360259
7.0516	0.45929	0.137225	0.0379054
7.0647	0.469971	0.129596	0.0396579
7.0778	0.481415	0.121585	0.041284
7.0909	0.492096	0.108997	0.0427907
7.1041	0.50354	0.0992309	0.044193
7.1172	0.514221	0.0931274	0.0454757
7.1303	0.524902	0.0876343	0.0466505
7.1434	0.535583	0.0787079	0.0477341
7.1565	0.546265	0.0732147	0.0487319
7.1696	0.556183	0.0658905	0.0496463
7.1827	0.566864	0.0625335	0.0504855
7.1958	0.576782	0.0545227	0.0512579
7.2089	0.587463	0.0517761	0.0519715
7.222	0.597382	0.0506317	0.0526189
7.2351	0.6073	0.0430786	0.0532202
7.2482	0.617218	0.0410949	0.0537769
7.2613	0.627136	0.0394165	0.0542898
7.2744	0.637054	0.0358307	0.0547731
7.2876	0.646973	0.0342285	0.0552179
7.3007	0.656128	0.0304138	0.0556319
7.3138	0.665283	0.0271332	0.0560202
7.3269	0.675201	0.024768	0.0563815
7.34	0.684357	0.024768	0.0567227
7.3531	0.693512	0.020343	0.0570361
7.3662	0.701904	0.0204956	0.0573367
7.3793	0.71106	0.0207245	0.0576185
7.3924	0.720215	0.0197326	0.0578857
7.4055	0.728607	0.0191986	0.0581375
7.4186	0.737	0.01958	0.0583764
7.4317	0.745392	0.0173675	0.0586038
7.4448	0.753784	0.0140869	0.0588182
7.4579	0.762177	0.015155	0.0590236
7.4711	0.769806	0.0146209	0.059223
7.4842	0.778198	0.0142395	0.0594082
7.4973	0.785828	0.0143921	0.0595838
7.5104	0.793457	0.0135528	0.0597509
7.5235	0.801086	0.0113403	0.0599107
7.5366	0.808716	0.0111877	0.0600646
7.5497	0.815582	0.0129425	0.0602095
7.5628	0.823212	0.0105774	0.0603505
7.5759	0.830078	0.0121795	0.0604862
7.589	0.836945	0.0104248	0.0606142
7.6021	0.843811	0.00714414	0.0607373
7.6152	0.850677	0.00920407	0.0608536
7.6283	0.856781	0.00935666	0.0609696
7.6414	0.863647	0.00645749	0.061075
7.6546	0.869751	0.00577084	0.0611796
7.6677	0.875854	0.00569455	0.0612799
7.6808	0.881958	0.00477902	0.0613761
7.6939	0.888062	0.00691525	0.0614662
7.707	0.893402	0.00920407	0.0615526
7.7201	0.898743	0.00462644	0.0616358
7.7332	0.904083	0.00577084	0.0617174
7.7463	0.909424	0.00455014	0.061791
7.7594	0.914764	0.00661008	0.0618644
7.7725	0.920105	0.00363461	0.061935
7.7856	0.924683	0.00325314	0.0620013
7.7987	0.92926	0.00569455	0.0620674
7.8118	0.933838	0.00622861	0.062127
7.8249	0.938416	0.00355832	0.0621819
7.8381	0.94223	0.00302426	0.0622419
7.8512	0.946808	0.00577084	0.0622925
7.8643	0.950623	0.00592343	0.0623407
7.8774	0.954437	0.00493161	0.0623917
7.8905	0.958252	0.00523679	0.0624326
7.9036	0.961304	0.000964327	0.0624761
7.9167	0.965118	0.00500791	0.0625162
7.9298	0.96817	0.00569455	0.062555
7.9429	0.971222	0.00653378	0.0625928
7.956	0.974274	0.00928037	0.062624
7.9691	0.976562	-0.00162967	0.0626535
7.9822	0.979614	0.00401608	0.0626847
7.9953	0.981903	-0.000408964	0.062711
8.0084	0.984192	0.000201387	0.0627331
8.0216	0.986481	0.00485532	0.062752
8.0347	0.988007	0.00264279	0.0627687
8.0478	0.990295	0.00432126	0.0627878
8.0609	0.991821	0.000582857	0.0628026
8.074	0.993347	-0.000408964	0.0628155
8.0871	0.994873	0.00485532	0.0628238
8.1002	0.995636	0.000506563	0.0628349
8.1133	0.996399	-0.00101932	0.0628393
8.1264	0.997925	0.00187985	0.0628456
8.1395	0.998688	0.00432126	0.0628457
8.1526	0.998688	-0.000790434	0.0628466
8.1657	0.999451	0.000277681	0.0628481
8.1788	0.999451	-0.0011719	0.0628434
8.192	0.999451	-0.00109561	0.0628369
8.2051	0.999451	0.000201387	0.0628306
8.2182	0.999451	-0.000866728	0.0628248
8.2313	0.998688	-0.00262149	0.0628122
8.2444	0.998688	-0.00132449	0.062804
8.2575	0.997925	-0.0012482	0.0627899
8.2706	0.997162	-0.000561552	0.0627792
8.2837	0.995636	0.00111691	0.0627622
8.2968	0.994873	-0.0011719	0.062748
8.3099	0.993347	-0.00208743	0.0627296
8.323	0.991821	-0.00254519	0.0627122
8.3361	0.990295	-0.00216373	0.0626936
8.3492	0.988007	-0.00307925	0.0626736
8.3623	0.986481	-0.00170596	0.0626526
8.3755	0.984192	0.000811739	0.0626293
8.3886	0.981903	0.000888033	0.0626068
8.4017	0.979614	0.000964327	0.062584
8.4148	0.976562	-0.00468143	0.0625613
8.4279	0.974274	0.00226132	0.0625313
8.441	0.971222	-0.00590213	0.0625016
8.4541	0.96817	-0.00719913	0.0624743
8.4672	0.965118	-0.00407107	0.0624458
8.4803	0.961304	0.000964327	0.0624155
8.4934	0.958252	-0.00445254	0.0623828
8.5065	0.954437	-0.00269778	0.0623518
8.5196	0.950623	-0.00475772	0.0623161
8.5327	0.946808	-0.00513919	0.0622798
8.5458	0.942993	-0.000408964	0.0622419
8.559	0.938416	-0.00384219	0.062204
8.5721	0.933838	-0.00346072	0.062165
8.5852	0.92926	-0.00407107	0.0621257
8.5983	0.924683	-0.00391849	0.0620814
8.6114	0.920105	-0.00315555	0.0620368
8.6245	0.914764	-0.00460513	0.061994
8.6376	0.909424	-0.00391849	0.0619465
8.6507	0.904846	-0.00178226	0.0618977
8.6638	0.898743	-0.00307925	0.0618492
8.6769	0.893402	-0.00208743	0.0617965
8.69	0.888062	-0.00635989	0.0617437
8.7031	0.881958	-0.00590213	0.0616913
8.7162	0.875854	-0.00483401	0.0616361
8.7293	0.869751	-0.00452884	0.0615775
8.7425	0.863647	-0.00559695	0.0615159
8.7556	0.856781	-0.00422366	0.0614558
8.7687	0.850677	-0.00422366	0.0613934
8.7818	0.843811	-0.00429996	0.0613308
8.7949	0.836945	-0.00651248	0.0612632
8.808	0.830078	-0.00437625	0.0611976
8.8211	0.823212	-0.00643619	0.0611253
8.8342	0.816345	-0.00475772	0.061051
8.8473	0.808716	-0.00597842	0.0609778
8.8604	0.801086	-0.00574954	0.060902
8.8735	0.793457	-0.0049866	0.0608228
8.8866	0.785828	-0.00536807	0.0607425
8.8997	0.778198	-0.00605472	0.0606593
8.9128	0.770569	-0.0075806	0.0605729
8.926	0.762177	-0.00590213	0.0604822
8.9391	0.753784	-0.00727542	0.0603905
8.9522	0.745392	-0.00788577	0.060297
8.9653	0.737	-0.00742801	0.0602017
8.9784	0.728607	-0.00712283	0.0601004
8.9915	0.720215	-0.00803836	0.0599975
9.0046	0.71106	-0.0075043	0.0598906
9.0177	0.702667	-0.00780948	0.0597839
9.0308	0.693512	-0.00941165	0.059669
9.0439	0.684357	-0.0106324	0.0595583
9.057	0.675201	-0.0104035	0.0594364
9.0701	0.666046	-0.0106324	0.0593127
9.0832	0.656128	-0.00895389	0.0591858
9.0963	0.646973	-0.0118531	0.0590572
9.1095	0.637054	-0.0088013	0.0589216
9.1226	0.627136	-0.0088013	0.0587818
9.1357	0.617218	-0.0109375	0.0586396
9.1488	0.6073	-0.0121582	0.0584891
9.1619	0.597382	-0.0108612	0.0583388
9.175	0.587463	-0.0107849	0.0581828
9.1881	0.577545	-0.0129212	0.0580191
9.2012	0.566864	-0.0140656	0.05785
9.2143	0.556183	-0.0120819	0.0576764
9.2274	0.546265	-0.0142182	0.0574926
9.2405	0.535583	-0.0161255	0.0573092
9.2536	0.524902	-0.0171173	0.0571169
9.2667	0.514221	-0.0130738	0.0569162
9.2798	0.50354	-0.0189484	0.0567061
9.293	0.492096	-0.017041	0.0564929
9.3061	0.481415	-0.0171936	0.0562714
9.3192	0.469971	-0.0193299	0.0560413
9.3323	0.45929	-0.0167359	0.0557997
9.3454	0.447845	-0.0176514	0.0555475
9.3585	0.436401	-0.0225342	0.0552908
9.3716	0.42572	-0.0228394	0.0550232
9.3847	0.414276	-0.0230683	0.0547482
9.3978	0.402832	-0.0226868	0.0544591
9.4109	0.391388	-0.022229	0.0541598
9.424	0.379181	-0.0225342	0.05384
9.4371	0.367737	-0.0228394	0.0535072
9.4502	0.356293	-0.0251282	0.0531582
9.4633	0.344086	-0.02818	0.0527995
9.4765	0.332642	-0.0306977	0.0524176
9.4896	0.320435	-0.0322998	0.052023
9.5027	0.30899	-0.0329865	0.0516098
9.5158	0.296783	-0.0347412	0.0511811
9.5289	0.284576	-0.0378693	0.0507275
9.542	0.272369	-0.0379456	0.0502491
9.5551	0.260162	-0.0405396	0.0497467
9.5682	0.248718	-0.0425232	0.0492203
9.5813	0.236511	-0.0458802	0.0486625
9.5944	0.224304	-0.0471009	0.0480734
9.6075	0.211334	-0.0514496	0.0474513
9.6206	0.199127	-0.053891	0.0467942
9.6337	0.18692	-0.0594605	0.0460982
9.6468	0.174713	-0.0619782	0.0453484
9.66	0.162506	-0.0670136	0.0445421
9.6731	0.149536	-0.0699127	0.0436894
9.6862	0.137329	-0.0742615	0.0427613
9.6993	0.125122	-0.0834168	0.0417668
9.7124	0.112152	-0.0902832	0.0406755
9.7255	0.0999451	-0.0954712	0.0394988
9.7386	0.087738	-0.103864	0.0382014
9.7517	0.0747681	-0.111569	0.0367863
9.7648	0.062561	-0.121106	0.0352385
9.7779	0.0495911	-0.128583	0.0335609
9.791	0.037384	-0.142239	0.031726
9.8041	0.025177	-0.152539	0.0297318
9.8172	0.012207	-0.166577	0.0275639
9.8304	0	-0.180005	0.0252274
9.8435	-0.01297	-0.196942	0.0226967
9.8566	-0.025177	-0.212354	0.0199591
9.8697	-0.038147	-0.23158	0.0170116
9.8828	-0.050354	-0.24989	0.0138781
9.8959	-0.063324	-0.270261	0.0105116
9.909	-0.075531	-0.285291	0.0069514
9.9221	-0.088501	-0.295972	0.00319254
9.9352	-0.100708	-0.311688	-0.00070643
9.9483	-0.112915	-0.317792	-0.00475592
9.9614	-0.125885	-0.323666	-0.00889159
9.9745	-0.138092	-0.323972	-0.0130927
9.9876	-0.150299	-0.324963	-0.0173141
10.0007	-0.163269	-0.321988	-0.0215594
10.0139	-0.175476	-0.320309	-0.0258269
10.027	-0.187683	-0.316876	-0.0300412
10.0401	-0.19989	-0.316037	-0.0342172
10.0532	-0.212097	-0.311078	-0.0383646
10.0663	-0.224304	-0.305585	-0.0424559
10.0794	-0.236511	-0.300397	-0.0464825
10.0925	-0.248718	-0.295209	-0.0504277
10.1056	-0.260925	-0.287656	-0.0542895
10.1187	-0.273132	-0.27995	-0.05805
10.1318	-0.285339	-0.27171	-0.0617034
10.1449	-0.297546	-0.263013	-0.0652383
10.158	-0.30899	-0.254926	-0.068663
10.1711	-0.321198	-0.245999	-0.0719669
10.1842	-0.333405	-0.238065	-0.0751456
10.1974	-0.344849	-0.230359	-0.0782237
10.2105	-0.357056	-0.220975	-0.0811564
10.2236	-0.3685	-0.213193	-0.0839621
10.2367	-0.379944	-0.201978	-0.0866389
10.2498	-0.391388	-0.191144	-0.0891816
10.2629	-0.403595	-0.180692	-0.0916056
10.276	-0.415039	-0.1694	-0.0938964
10.2891	-0.426483	-0.15849	-0.096061
10.3022	-0.437164	-0.147809	-0.0980931
10.3153	-0.448608	-0.141858	-0.100002
10.3284	-0.460052	-0.132016	-0.101784
10.3415	-0.470734	-0.122784	-0.103448
10.3546	-0.482178	-0.114316	-0.104991
10.3677	-0.492859	-0.103864	-0.106422
10.3809	-0.504303	-0.0966919	-0.107764
10.394	-0.514984	-0.0913513	-0.108988
10.4071	-0.525665	-0.0844849	-0.110117
10.4202	-0.536346	-0.0753296	-0.111156
10.4333	-0.547028	-0.0706757	-0.112122
10.4464	-0.556946	-0.0637329	-0.113005
10.4595	-0.567627	-0.0618256	-0.113821
10.4726	-0.577545	-0.0523651	-0.114573
10.4857	-0.588226	-0.050763	-0.115266
10.4988	-0.598145	-0.0496949	-0.115909
10.5119	-0.608063	-0.0416077	-0.116508
10.525	-0.617981	-0.0411499	-0.117063
10.5381	-0.627899	-0.0408448	-0.117576
10.5512	-0.637817	-0.036496	-0.11806
10.5644	-0.647736	-0.0342835	-0.118512
10.5775	-0.656891	-0.0299347	-0.118935
10.5906	-0.666046	-0.0284851	-0.119331
10.6037	-0.675964	-0.0233734	-0.119702
10.6168	-0.68512	-0.0242127	-0.120048
10.6299	-0.694275	-0.0217713	-0.12038
10.643	-0.702667	-0.0206269	-0.120695
10.6561	-0.711823	-0.0208557	-0.120991
10.6692	-0.720978	-0.0193299	-0.121272
10.6823	-0.72937	-0.0185669	-0.121541
10.6954	-0.737762	-0.0210083	-0.121796
10.7085	-0.746155	-0.0211609	-0.122038
10.7216	-0.754547	-0.01521	-0.122271
10.7347	-0.762939	-0.0174225	-0.122494
10.7479	-0.770569	-0.0174988	-0.122707
10.761	-0.778961	-0.0147522	-0.122909
10.7741	-0.786591	-0.0167359	-0.123104
10.7872	-0.79422	-0.0162018	-0.123291
10.8003	-0.801849	-0.0138367	-0.123475
10.8134	-0.809479	-0.0129212	-0.123648
10.8265	-0.816345	-0.0123108	-0.123815
10.8396	-0.823975	-0.0117005	-0.123975
10.8527	-0.830841	-0.0149811	-0.124128
10.8658	-0.837708	-0.012616	-0.124281
10.8789	-0.844574	-0.010022	-0.124426
10.892	-0.85144	-0.0110901	-0.124564
10.9051	-0.857544	-0.0104798	-0.1247
10.9182	-0.86441	-0.00834353	-0.124828
10.9314	-0.870514	-0.00864871	-0.124954
10.9445	-0.876617	-0.00666507	-0.125074
10.9576	-0.882721	-0.00765689	-0.125191
10.9707	-0.888824	-0.00681766	-0.125305
10.9838	-0.894165	-0.0113953	-0.125415
10.9969	-0.899506	-0.00735171	-0.125521
11.01	-0.904846	-0.00788577	-0.125624
11.0231	-0.910187	-0.0075806	-0.125722
11.0362	-0.915527	-0.00910647	-0.125817
11.0493	-0.920868	-0.00468143	-0.125911
11.0624	-0.925446	-0.0050629	-0.125997
11.0755	-0.930023	-0.00712283	-0.126084
11.0886	-0.934601	-0.00773318	-0.126167
11.1017	-0.939178	-0.00544437	-0.126246
11.1149	-0.942993	-0.00407107	-0.126327
11.128	-0.947571	-0.00651248	-0.126401
11.1411	-0.951385	-0.00529178	-0.126471
11.1542	-0.9552	-0.00712283	-0.126544
11.1673	-0.959015	-0.00590213	-0.126608
11.1804	-0.962067	-0.00285037	-0.126673
11.1935	-0.965881	-0.00712283	-0.126735
11.2066	-0.968933	-0.0075043	-0.126797
11.2197	-0.971985	-0.00727542	-0.126855
11.2328	-0.975037	-0.00964053	-0.126905
11.2459	-0.977325	-0.00109561	-0.126955
11.259	-0.980377	-0.00712283	-0.127011
11.2721	-0.982666	-0.00201114	-0.127061
11.2852	-0.984955	-0.00239261	-0.127107
11.2984	-0.987244	-0.00613101	-0.127149
11.3115	-0.98877	-0.00254519	-0.127187
11.3246	-0.991058	-0.00552066	-0.12723
11.3377	-0.992584	-0.00285037	-0.127268
11.3508	-0.99411	-0.00132449	-0.127304
11.3639	-0.995636	-0.00590213	-0.127333
11.377	-0.996399	-0.00224002	-0.127366
11.3901	-0.997162	-0.00185855	-0.127393
11.4032	-0.998688	-0.00315555	-0.127423
11.4163	-0.999451	-0.00544437	-0.127445
11.4294	-0.999451	-0.00193484	-0.127468
11.4425	-1.00021	-0.00239261	-0.127491
11.4556	-1.00021	-0.00132449	-0.127509
11.4688	-1.00021	-0.00185855	-0.127525
11.4819	-1.00021	-0.0012482	-0.127542
11.495	-1.00021	-0.000103789	-0.127558
11.5081	-0.999451	0.000353975	-0.127569
11.5212	-0.999451	4.87992e-05	-0.127583
11.5343	-0.998688	0.000125093	-0.127592
11.5474	-0.997925	-0.000485258	-0.127603
11.5605	-0.996399	-0.00323184	-0.12761
11.5736	-0.995636	-0.0011719	-0.127618
11.5867	-0.99411	0.000964327	-0.127622
11.5998	-0.992584	0.000811739	-0.127629
11.6129	-0.991058	-0.00071414	-0.127634
11.626	-0.98877	0.00187985	-0.127636
11.6391	-0.987244	-0.00071414	-0.127638
11.6523	-0.984955	-0.00178226	-0.127637
11.6654	-0.982666	-0.00254519	-0.127637
11.6785	-0.980377	-0.00307925	-0.127637
11.6916	-0.977325	0.00287168	-0.127637
11.7047	-0.975037	-0.00513919	-0.12763
11.7178	-0.971985	0.0038635	-0.127625
11.7309	-0.968933	0.00546567	-0.127621
11.744	-0.965881	0.00218503	-0.127614
11.7571	-0.962067	-0.00147708	-0.127608
11.7702	-0.959015	0.00355832	-0.127599
11.7833	-0.9552	0.00142209	-0.127591
11.7964	-0.951385	0.00180356	-0.127579
11.8095	-0.947571	0.00187985	-0.127567
11.8226	-0.943756	-0.00101932	-0.127553
11.8358	-0.939178	0.00165097	-0.127537
11.8489	-0.934601	0.00111691	-0.127522
11.862	-0.930023	0.00294797	-0.127504
11.8751	-0.925446	0.00310056	-0.127482
11.8882	-0.920868	0.000353975	-0.127463
11.9013	-0.915527	0.00172727	-0.127442
11.9144	-0.910187	0.00241391	-0.12742
11.9275	-0.905609	-0.000180083	-0.127394
11.9406	-0.899506	0.00157468	-0.127369
11.9537	-0.894165	0.000811739	-0.127341
11.9668	-0.888824	0.0025665	-0.127311
11.9799	-0.882721	0.00393979	-0.127281
11.993	-0.876617	0.00371091	-0.127248
12.0061	-0.870514	0.00332944	-0.127215
12.0193	-0.86441	0.00447385	-0.127178
12.0324	-0.857544	0.00233762	-0.127141
12.0455	-0.85144	0.00119321	-0.127101
12.0586	-0.844574	0.0025665	-0.127063
12.0717	-0.837708	0.00493161	-0.127019
12.0848	-0.830841	0.00226132	-0.126973
12.0979	-0.823975	0.00325314	-0.126926
12.111	-0.817108	0.00340573	-0.126878
12.1241	-0.809479	0.00393979	-0.126828
12.1372	-0.801849	0.0038635	-0.126774
12.1503	-0.79422	0.00470273	-0.126718
12.1634	-0.786591	0.00531308	-0.12666
12.1765	-0.778961	0.00493161	-0.126599
12.1896	-0.771332	0.00523679	-0.126541
12.2028	-0.762939	0.00462644	-0.126476
12.2159	-0.754547	0.00531308	-0.126409
12.229	-0.746155	0.0063049	-0.126341
12.2421	-0.737762	0.00554196	-0.126269
12.2552	-0.72937	0.00523679	-0.126191
12.2683	-0.720978	0.00615231	-0.126114
12.2814	-0.711823	0.00645749	-0.126034
12.2945	-0.70343	0.00599973	-0.125949
12.3076	-0.694275	0.00706784	-0.125859
12.3207	-0.68512	0.0088989	-0.12577
12.3338	-0.675964	0.00691525	-0.125674
12.3469	-0.666809	0.00920407	-0.125576
12.36	-0.656891	0.00706784	-0.125473
12.3731	-0.647736	0.01073	-0.125369
12.3863	-0.637817	0.00935666	-0.125255
12.3994	-0.627899	0.00722043	-0.125142
12.4125	-0.617981	0.00828855	-0.125025
12.4256	-0.608063	0.00859372	-0.124897
12.4387	-0.598145	0.0114929	-0.12477
12.4518	-0.588226	0.0101196	-0.124636
12.4649	-0.578308	0.0106537	-0.124499
12.478	-0.567627	0.0117981	-0.124356
12.4911	-0.556946	0.01073	-0.124208
12.5042	-0.547028	0.0113403	-0.124051
12.5173	-0.536346	0.0158416	-0.123887
12.5304	-0.525665	0.0162994	-0.123724
12.5435	-0.514984	0.0124084	-0.123549
12.5566	-0.504303	0.0162994	-0.123365
12.5698	-0.492859	0.0153076	-0.123174
12.5829	-0.482178	0.0165283	-0.122975
12.596	-0.470734	0.0163757	-0.122775
12.6091	-0.460052	0.0160705	-0.12256
12.6222	-0.448608	0.0144684	-0.122334
12.6353	-0.437164	0.0180542	-0.122095
12.6484	-0.426483	0.0204956	-0.121855
12.6615	-0.415039	0.0241577	-0.121602
12.6746	-0.403595	0.0226318	-0.121338
12.6877	-0.392151	0.0213348	-0.121058
12.7008	-0.379944	0.0207245	-0.12077
12.7139	-0.3685	0.0211059	-0.120469
12.727	-0.357056	0.0240051	-0.120153
12.7401	-0.344849	0.0256073	-0.11982
12.7533	-0.333405	0.0265991	-0.119469
12.7664	-0.321198	0.0282013	-0.119105
12.7795	-0.309753	0.0288116	-0.118719
12.7926	-0.297546	0.0317871	-0.118314
12.8057	-0.285339	0.033847	-0.117889
12.8188	-0.273132	0.0365936	-0.117445
12.8319	-0.260925	0.0381195	-0.116975
12.845	-0.249481	0.0423156	-0.116478
12.8581	-0.237274	0.0424682	-0.11595
12.8712	-0.225067	0.0465118	-0.115397
12.8843	-0.212097	0.0504028	-0.114804
12.8974	-0.19989	0.0521576	-0.114172
12.9105	-0.187683	0.0565063	-0.113507
12.9236	-0.175476	0.0578796	-0.112806
12.9368	-0.163269	0.0638305	-0.112042
12.9499	-0.150299	0.068103	-0.111229
12.963	-0.138092	0.0697815	-0.110348
12.9761	-0.125885	0.0804626	-0.109407
12.9892	-0.112915	0.0854217	-0.108365
13.0023	-0.100708	0.0938141	-0.107224
13.0154	-0.088501	0.0987732	-0.105985
13.0285	-0.075531	0.10686	-0.104635
13.0416	-0.063324	0.117007	-0.103151
13.0547	-0.050354	0.130054	-0.101517
13.0678	-0.038147	0.137683	-0.0997355
13.0809	-0.0259399	0.152026	-0.0977938
13.094	-0.01297	0.166522	-0.0956672
