0	0	-0.00773318	0
0.0065	0.00610352	-0.0817383	-0.0028928
0.0131	0.012207	-0.0220764	-0.00331142
0.0196	0.0183105	0.00165097	-0.00342827
0.0262	0.0244141	0.0179779	-0.00339091
0.0327	0.0312805	0.0270569	-0.00327207
0.0393	0.037384	0.0391113	-0.00308573
0.0458	0.0434875	0.0456726	-0.00284128
0.0524	0.0495911	0.0555908	-0.00254557
0.0589	0.0556946	0.0562011	-0.0022215
0.0655	0.062561	0.0686371	-0.00184217
0.072	0.0686646	0.0716125	-0.00142328
0.0786	0.0747681	0.086261	-0.000935419
0.0851	0.0808716	0.0954925	-0.000385011
0.0917	0.087738	0.112964	0.000286015
0.0983	0.0938416	0.130206	0.00106571
0.1048	0.0999451	0.151111	0.00196765
0.1114	0.106049	0.0327026	0.00228835
0.1179	0.112152	0.0465881	0.00254807
0.1245	0.119019	0.0612365	0.00290581
0.131	0.125122	0.0833618	0.00338259
0.1376	0.131226	0.109149	0.00401347
0.1441	0.137329	0.129596	0.00479812
0.1507	0.143433	0.140887	0.00568312
0.1572	0.149536	0.148517	0.00664173
0.1638	0.15564	0.151416	0.00764129
0.1703	0.162506	0.154468	0.00865978
0.1769	0.16861	0.156604	0.00971441
0.1835	0.174713	0.158893	0.0107921
0.19	0.180817	0.160419	0.0118459
0.1966	0.18692	0.159122	0.0129323
0.2031	0.193024	0.160876	0.0139969
0.2097	0.199127	0.15813	0.0150796
0.2162	0.205231	0.158664	0.0161271
0.2228	0.211334	0.155765	0.0171917
0.2293	0.217438	0.154315	0.0182272
0.2359	0.223541	0.151569	0.0192799
0.2424	0.229645	0.152332	0.0202976
0.249	0.235748	0.148288	0.0213259
0.2555	0.241852	0.14989	0.0223235
0.2621	0.247955	0.143481	0.0233321
0.2686	0.254059	0.145007	0.0242984
0.2752	0.260162	0.140582	0.0252706
0.2818	0.266266	0.140124	0.0262211
0.2883	0.272369	0.136157	0.0271526
0.2949	0.278473	0.135394	0.0280704
0.3014	0.284576	0.132037	0.0289641
0.308	0.29068	0.130054	0.0298525
0.3145	0.296783	0.125629	0.0307129
0.3211	0.302887	0.124255	0.0315575
0.3276	0.308228	0.120746	0.0323763
0.3342	0.314331	0.118991	0.0331867
0.3407	0.320435	0.116626	0.033975
0.3473	0.326538	0.1151	0.0347454
0.3538	0.332642	0.112353	0.0354951
0.3604	0.337982	0.11098	0.036232
0.367	0.344086	0.108081	0.036962
0.3735	0.350189	0.10564	0.0376494
0.3801	0.356293	0.101367	0.0383347
0.3866	0.361633	0.100452	0.03899
0.3932	0.367737	0.0993835	0.0396433
0.3997	0.37384	0.0951874	0.0402643
0.4063	0.379181	0.0951111	0.0408798
0.4128	0.385284	0.0900757	0.0414687
0.4194	0.390625	0.0898468	0.0420523
0.4259	0.396729	0.0845825	0.0426095
0.4325	0.402832	0.0819885	0.0431531
0.439	0.408173	0.0827514	0.043675
0.4456	0.414276	0.076419	0.0441901
0.4521	0.419617	0.0745117	0.0446839
0.4587	0.42572	0.0693237	0.0451683
0.4653	0.431061	0.0692474	0.0456408
0.4718	0.436401	0.065509	0.0460919
0.4784	0.442505	0.0631439	0.0465377
0.4849	0.447845	0.0647461	0.0469594
0.4915	0.453949	0.0598633	0.0473789
0.498	0.45929	0.0591003	0.0477744
0.5046	0.46463	0.061084	0.0481687
0.5111	0.469971	0.0576507	0.048542
0.5177	0.476074	0.0565063	0.0489099
0.5242	0.481415	0.0557434	0.0492636
0.5308	0.486755	0.0522339	0.0496123
0.5373	0.492096	0.0497924	0.0499437
0.5439	0.497437	0.0475799	0.0502694
0.5505	0.50354	0.0461303	0.0505861
0.557	0.508881	0.0435363	0.0508854
0.5636	0.514221	0.0446045	0.0511867
0.5701	0.519562	0.0418579	0.0514684
0.5767	0.524902	0.0438415	0.0517461
0.5832	0.530243	0.0409424	0.0520133
0.5898	0.535583	0.0388824	0.052277
0.5963	0.540924	0.0374328	0.0525338
0.6029	0.546265	0.0366699	0.0527826
0.6094	0.550842	0.0347625	0.0530229
0.616	0.556183	0.0349914	0.0532571
0.6225	0.561523	0.0381958	0.0534846
0.6291	0.566864	0.03461	0.0537063
0.6356	0.572205	0.0317108	0.05392
0.6422	0.576782	0.0300323	0.0541334
0.6488	0.582123	0.0314056	0.0543398
0.6553	0.587463	0.0298034	0.0545392
0.6619	0.592804	0.0272094	0.0547314
0.6684	0.597382	0.0313293	0.0549156
0.675	0.602722	0.0272094	0.0550989
0.6815	0.6073	0.0256836	0.0552767
0.6881	0.61264	0.0252258	0.0554523
0.6946	0.617218	0.0253784	0.0556192
0.7012	0.622559	0.024768	0.0557837
0.7077	0.627136	0.0258362	0.0559419
0.7143	0.632477	0.0202667	0.0561024
0.7208	0.637054	0.0249206	0.0562557
0.7274	0.641632	0.0213348	0.0564044
0.734	0.646973	0.0249969	0.0565501
0.7405	0.65155	0.0217163	0.0566886
0.7471	0.656128	0.0200378	0.0568311
0.7536	0.660706	0.01958	0.0569669
0.7602	0.665283	0.0187408	0.0570998
0.7667	0.670624	0.019046	0.0572255
0.7733	0.675201	0.0163757	0.0573559
0.7798	0.679779	0.0189697	0.0574785
0.7864	0.684357	0.0175201	0.0576034
0.7929	0.688934	0.0194275	0.0577187
0.7995	0.693512	0.0133239	0.0578349
0.806	0.69809	0.0163757	0.0579483
0.8126	0.701904	0.0146972	0.0580591
0.8192	0.706482	0.0183593	0.0581664
0.8257	0.71106	0.0163757	0.0582735
0.8323	0.715637	0.0148498	0.0583774
0.8388	0.720215	0.0153839	0.0584786
0.8454	0.72403	0.0146209	0.0585767
0.8519	0.728607	0.015155	0.0586744
0.8585	0.733185	0.0145446	0.0587727
0.865	0.737	0.0157654	0.0588634
0.8716	0.741577	0.0122558	0.0589562
0.8781	0.745392	0.0150024	0.0590445
0.8847	0.749969	0.0136291	0.0591315
0.8912	0.753784	0.0124084	0.0592174
0.8978	0.757599	0.0140106	0.0593035
0.9043	0.762177	0.0136291	0.0593838
0.9109	0.765991	0.00996701	0.0594657
0.9175	0.769806	0.0132477	0.0595466
0.924	0.774384	0.0117981	0.0596225
0.9306	0.778198	0.0114929	0.0597004
0.9371	0.782013	0.0114929	0.0597752
0.9437	0.785828	0.0122558	0.0598466
0.9502	0.789642	0.0121795	0.0599168
0.9568	0.793457	0.0117218	0.0599863
0.9633	0.797272	0.0101959	0.0600522
0.9699	0.801086	0.0104248	0.0601207
0.9764	0.804901	0.0111877	0.0601847
0.983	0.808716	0.00905148	0.0602514
0.9895	0.812531	0.00859372	0.0603118
0.9961	0.815582	0.0104248	0.0603726
1.0027	0.819397	0.00905148	0.0604359
1.0092	0.823212	0.00966184	0.0604937
1.0158	0.827026	0.00828855	0.0605539
1.0223	0.830078	0.0102722	0.0606105
1.0289	0.833893	0.00676267	0.0606654
1.0354	0.836945	0.00874631	0.0607213
1.042	0.840759	0.0100433	0.0607742
1.0485	0.843811	0.00676267	0.0608277
1.0551	0.847626	0.00714414	0.0608787
1.0616	0.850677	0.00783078	0.0609301
1.0682	0.853729	0.00966184	0.0609799
1.0747	0.856781	0.00790708	0.0610312
1.0813	0.860596	0.00706784	0.0610776
1.0878	0.863647	0.00645749	0.061124
1.0944	0.866699	0.00867002	0.0611701
1.101	0.869751	0.00401608	0.0612157
1.1075	0.872803	0.00706784	0.0612589
1.1141	0.875854	0.00477902	0.061301
1.1206	0.878906	0.00668637	0.0613444
1.1272	0.881958	0.00401608	0.0613849
1.1337	0.88501	0.00699155	0.0614247
1.1403	0.888062	0.00523679	0.0614641
1.1468	0.89035	0.00661008	0.0615015
1.1534	0.893402	0.00706784	0.0615395
1.1599	0.896454	0.00538938	0.0615742
1.1665	0.898743	0.00355832	0.0616116
1.173	0.901794	0.00584714	0.0616469
1.1796	0.904083	0.00477902	0.0616834
1.1862	0.907135	0.00744931	0.061715
1.1927	0.909424	0.00432126	0.0617482
1.1993	0.912476	0.00302426	0.0617812
1.2058	0.914764	0.00752561	0.0618123
1.2124	0.917053	0.00393979	0.0618437
1.2189	0.920105	0.00226132	0.0618742
1.2255	0.922394	0.00737302	0.0619044
1.232	0.924683	0.0038635	0.0619326
1.2386	0.926971	0.00691525	0.0619628
1.2451	0.92926	0.00516049	0.0619905
1.2517	0.931549	0.00599973	0.0620176
1.2582	0.933838	0.00447385	0.0620419
1.2648	0.936127	0.00561826	0.0620689
1.2713	0.938416	0.00447385	0.0620905
1.2779	0.940704	0.00325314	0.0621166
1.2845	0.94223	0.00157468	0.0621421
1.291	0.944519	0.00447385	0.0621626
1.2976	0.946808	0.00477902	0.0621868
1.3041	0.948334	0.00241391	0.0622098
1.3107	0.950623	0.00470273	0.0622296
1.3172	0.952911	0.000506563	0.0622527
1.3238	0.954437	0.00599973	0.0622739
1.3303	0.955963	0.000277681	0.0622911
1.3369	0.958252	0.0038635	0.0623096
1.3434	0.959778	0.00432126	0.0623297
1.35	0.961304	0.000964327	0.0623459
1.3565	0.963593	0.00142209	0.0623623
1.3631	0.965118	0.00523679	0.0623816
1.3697	0.966644	0.00683896	0.0624001
1.3762	0.96817	0.00531308	0.0624155
1.3828	0.969696	0.00523679	0.0624328
1.3893	0.971222	0.00653378	0.0624476
1.3959	0.972748	0.00752561	0.0624629
1.4024	0.974274	0.00798337	0.0624735
1.409	0.9758	0.00493161	0.062484
1.4155	0.976562	-0.00132449	0.0624983
1.4221	0.978088	-0.0036896	0.0625141
1.4286	0.979614	0.00363461	0.0625254
1.4352	0.980377	0.00165097	0.0625321
1.4417	0.981903	-0.000561552	0.0625466
1.4483	0.983429	0.00233762	0.0625522
1.4548	0.984192	-0.00101932	0.062564
1.4614	0.984955	0.00187985	0.0625698
1.468	0.986481	0.00310056	0.0625799
1.4745	0.987244	-0.000485258	0.0625858
1.4811	0.988007	0.00210874	0.0625929
1.4876	0.989532	0.00302426	0.0626005
1.4942	0.990295	0.00401608	0.0626079
1.5007	0.991058	0.00203244	0.0626163
1.5073	0.991821	0.000201387	0.0626201
1.5138	0.992584	-0.000103789	0.0626261
1.5204	0.993347	-0.000637846	0.0626318
1.5269	0.99411	0.00332944	0.0626367
1.5335	0.994873	0.00455014	0.0626373
1.54	0.994873	0.000353975	0.0626389
1.5466	0.995636	-0.000408964	0.0626449
1.5532	0.996399	-0.000866728	0.0626468
1.5597	0.996399	-0.00071414	0.0626464
1.5663	0.997162	-0.00262149	0.0626508
1.5728	0.997925	0.000582857	0.0626525
1.5794	0.997925	0.000125093	0.0626505
1.5859	0.998688	0.00523679	0.0626505
1.5925	0.998688	-0.000561552	0.0626506
1.599	0.998688	-0.00071414	0.062648
1.6056	0.999451	0.000964327	0.0626504
1.6121	0.999451	0.000964327	0.0626473
1.6187	0.999451	-0.000485258	0.0626438
1.6252	0.999451	-0.0012482	0.0626401
1.6318	0.999451	-0.00101932	0.0626366
1.6384	0.999451	-0.000485258	0.0626333
1.6449	0.999451	-0.000790434	0.0626298
1.6515	0.999451	-2.74947e-05	0.0626256
1.658	0.999451	-2.74947e-05	0.0626217
1.6646	0.999451	-0.000943022	0.062618
1.6711	0.999451	-0.000866728	0.0626142
1.6777	0.998688	-0.00224002	0.0626062
1.6842	0.998688	-0.000408964	0.0626014
1.6908	0.998688	-0.000943022	0.0625959
1.6973	0.997925	0.000201387	0.062586
1.7039	0.997925	-0.00231631	0.0625816
1.7104	0.997162	-0.00162967	0.0625745
1.717	0.997162	-0.0012482	0.0625692
1.7235	0.996399	0.000201387	0.0625607
1.7301	0.995636	0.00111691	0.0625529
1.7367	0.994873	-0.00323184	0.0625448
1.7432	0.994873	-0.00208743	0.0625385
1.7498	0.99411	-0.000180083	0.0625285
1.7563	0.993347	-0.00178226	0.0625187
1.7629	0.992584	-0.00277408	0.0625102
1.7694	0.991821	-0.00262149	0.0625018
1.776	0.991058	-0.00193484	0.062493
1.7825	0.990295	-0.00323184	0.0624823
1.7891	0.989532	-0.00208743	0.0624724
1.7956	0.988007	-0.00399478	0.0624625
1.8022	0.987244	-0.000103789	0.0624499
1.8087	0.986481	-0.000866728	0.0624416
1.8153	0.984955	-0.00307925	0.0624302
1.8219	0.984192	0.00203244	0.0624185
1.8284	0.983429	-0.00178226	0.0624094
1.835	0.981903	0.000811739	0.0623953
1.8415	0.980377	-0.00468143	0.0623849
1.8481	0.979614	0.00111691	0.062372
1.8546	0.978088	-0.00429996	0.0623584
1.8612	0.976562	-0.00437625	0.0623496
1.8677	0.9758	0.000811739	0.0623369
1.8743	0.974274	0.00325314	0.0623193
1.8808	0.972748	-0.000485258	0.062304
1.8874	0.971222	-0.00643619	0.0622901
1.8939	0.969696	-0.00895389	0.0622779
1.9005	0.96817	-0.00903018	0.0622636
1.907	0.966644	-0.0062073	0.0622504
1.9136	0.965118	-0.00483401	0.0622348
1.9202	0.963593	-0.000790434	0.0622186
1.9267	0.961304	0.0013458	0.0622045
1.9333	0.959778	-0.00315555	0.0621894
1.9398	0.958252	-0.00513919	0.0621722
1.9464	0.955963	0.000430269	0.0621568
1.9529	0.954437	-0.00315555	0.0621416
1.9595	0.952911	-0.00162967	0.0621241
1.966	0.950623	-0.00445254	0.0621068
1.9726	0.949097	-0.000561552	0.0620878
1.9791	0.946808	-0.0050629	0.0620713
1.9857	0.944519	-0.00361331	0.0620532
1.9922	0.942993	-0.0012482	0.0620337
1.9988	0.940704	-0.00445254	0.062016
2.0054	0.938416	-0.00460513	0.0619963
2.0119	0.936127	-0.00292666	0.0619778
2.0185	0.933838	-0.00269778	0.0619579
2.025	0.931549	-0.00300296	0.0619381
2.0316	0.92926	-0.00491031	0.0619187
2.0381	0.926971	-0.00574954	0.0618994
2.0447	0.924683	-0.00483401	0.0618756
2.0512	0.922394	-0.00361331	0.0618552
2.0578	0.920105	-0.00315555	0.0618319
2.0643	0.917053	-0.00285037	0.0618115
2.0709	0.914764	-0.00315555	0.0617889
2.0774	0.912476	-0.00429996	0.0617626
2.084	0.909424	-0.00429996	0.0617422
2.0905	0.907135	-0.00323184	0.0617183
2.0971	0.904846	-0.00254519	0.0616939
2.1037	0.901794	-0.00643619	0.0616687
2.1102	0.898743	-0.00391849	0.0616459
2.1168	0.896454	-0.00330813	0.0616199
2.1233	0.893402	-0.00162967	0.0615944
2.1299	0.89035	-0.00330813	0.0615693
2.1364	0.888062	-0.00521548	0.0615427
2.143	0.88501	-0.00613101	0.0615176
2.1495	0.881958	-0.00574954	0.0614908
2.1561	0.878906	-0.0050629	0.0614651
2.1626	0.875854	-0.00567325	0.0614359
2.1692	0.872803	-0.00468143	0.0614078
2.1757	0.869751	-0.00491031	0.0613779
2.1823	0.866699	-0.0049866	0.0613504
2.1889	0.863647	-0.00559695	0.0613188
2.1954	0.860596	-0.00483401	0.0612895
2.202	0.856781	-0.00437625	0.0612593
2.2085	0.853729	-0.0050629	0.0612304
2.2151	0.850677	-0.00338443	0.0611972
2.2216	0.847626	-0.0037659	0.061166
2.2282	0.843811	-0.00422366	0.0611356
2.2347	0.840759	-0.0049866	0.0611017
2.2413	0.836945	-0.0062836	0.0610693
2.2478	0.833893	-0.00521548	0.0610367
2.2544	0.830078	-0.0036896	0.0610035
2.2609	0.827026	-0.00697024	0.0609668
2.2675	0.823212	-0.00651248	0.0609336
2.274	0.819397	-0.00353702	0.0608999
2.2806	0.816345	-0.00491031	0.0608607
2.2872	0.812531	-0.00651248	0.0608247
2.2937	0.808716	-0.0062073	0.0607901
2.3003	0.804901	-0.00719913	0.0607536
2.3068	0.801086	-0.00544437	0.060716
2.3134	0.797272	-0.00521548	0.060676
2.3199	0.793457	-0.0049866	0.0606384
2.3265	0.789642	-0.00643619	0.0605982
2.333	0.785828	-0.00635989	0.0605597
2.3396	0.782013	-0.00826724	0.0605187
2.3461	0.778198	-0.00719913	0.0604773
2.3527	0.774384	-0.00697024	0.0604346
2.3592	0.770569	-0.0075043	0.0603924
2.3658	0.765991	-0.00567325	0.0603469
2.3724	0.762177	-0.0062073	0.0603039
2.3789	0.758362	-0.00712283	0.0602608
2.3855	0.753784	-0.0075043	0.0602125
2.392	0.749969	-0.00697024	0.0601677
2.3986	0.745392	-0.00819095	0.060121
2.4051	0.741577	-0.00765689	0.0600726
2.4117	0.737	-0.00704654	0.0600262
2.4182	0.733185	-0.0075043	0.0599771
2.4248	0.728607	-0.00773318	0.0599261
2.4313	0.72403	-0.00826724	0.0598767
2.4379	0.720215	-0.00681766	0.0598252
2.4444	0.715637	-0.00887759	0.0597742
2.451	0.71106	-0.00674136	0.0597202
2.4576	0.706482	-0.0109375	0.0596682
2.4641	0.702667	-0.00788577	0.0596136
2.4707	0.69809	-0.00635989	0.059558
2.4772	0.693512	-0.00864871	0.0595014
2.4838	0.688934	-0.00803836	0.0594455
2.4903	0.684357	-0.00986941	0.0593902
2.4969	0.679779	-0.00742801	0.0593296
2.5034	0.675201	-0.00986941	0.05927
2.51	0.670624	-0.00948794	0.0592117
2.5165	0.666046	-0.00956424	0.0591488
2.5231	0.660706	-0.00803836	0.0590882
2.5296	0.656128	-0.00925906	0.0590231
2.5362	0.65155	-0.0109375	0.058959
2.5427	0.646973	-0.0107849	0.0588951
2.5493	0.641632	-0.0107086	0.058829
2.5559	0.637054	-0.00971683	0.0587604
2.5624	0.632477	-0.0118531	0.0586928
2.569	0.627136	-0.00948794	0.0586242
2.5755	0.622559	-0.0115479	0.0585536
2.5821	0.617218	-0.0106324	0.0584825
2.5886	0.61264	-0.0101746	0.0584099
2.5952	0.6073	-0.0114716	0.0583349
2.6017	0.602722	-0.0112427	0.0582618
2.6083	0.597382	-0.0118531	0.0581859
2.6148	0.592804	-0.0125397	0.0581099
2.6214	0.587463	-0.00994571	0.058032
2.6279	0.582123	-0.0106324	0.05795
2.6345	0.577545	-0.0129212	0.0578699
2.6411	0.572205	-0.0144471	0.0577856
2.6476	0.566864	-0.0123871	0.0577026
2.6542	0.561523	-0.0154389	0.057618
2.6607	0.556183	-0.0121582	0.057531
2.6673	0.551605	-0.0109375	0.0574398
2.6738	0.546265	-0.0139893	0.0573497
2.6804	0.540924	-0.0154389	0.0572593
2.6869	0.535583	-0.0164307	0.057167
2.6935	0.530243	-0.015744	0.0570686
2.7	0.524902	-0.0162781	0.0569754
2.7066	0.519562	-0.0153626	0.0568755
2.7131	0.514221	-0.0134552	0.0567766
2.7197	0.508881	-0.0143708	0.0566715
2.7262	0.50354	-0.0173462	0.0565688
2.7328	0.498199	-0.0154389	0.0564626
2.7394	0.492096	-0.016507	0.0563568
2.7459	0.486755	-0.0187958	0.056251
2.7525	0.481415	-0.0167359	0.0561351
2.759	0.476074	-0.0194825	0.0560247
2.7656	0.469971	-0.018338	0.0559066
2.7721	0.46463	-0.0172699	0.0557904
2.7787	0.45929	-0.0162781	0.0556673
2.7852	0.453949	-0.0169648	0.0555447
2.7918	0.447845	-0.018338	0.0554175
2.7983	0.442505	-0.0210083	0.0552956
2.8049	0.436401	-0.0226868	0.0551626
2.8114	0.431061	-0.0219239	0.0550313
2.818	0.42572	-0.0220764	0.0548965
2.8246	0.419617	-0.0231446	0.0547581
2.8311	0.414276	-0.0232209	0.0546219
2.8377	0.408173	-0.0242127	0.0544755
2.8442	0.402832	-0.0242127	0.0543332
2.8508	0.396729	-0.0236023	0.0541837
2.8573	0.391388	-0.0210846	0.0540363
2.8639	0.385284	-0.0242127	0.0538785
2.8704	0.379181	-0.0216187	0.0537201
2.877	0.37384	-0.0220764	0.0535526
2.8835	0.367737	-0.022992	0.0533895
2.8901	0.361633	-0.0226868	0.0532147
2.8966	0.356293	-0.024823	0.0530417
2.9032	0.350189	-0.0265015	0.0528624
2.9097	0.344086	-0.0261963	0.0526861
2.9163	0.338745	-0.0310791	0.0524955
2.9229	0.332642	-0.0295533	0.0523057
2.9294	0.326538	-0.0316895	0.0521128
2.936	0.320435	-0.0317658	0.0519139
2.9425	0.314331	-0.033902	0.0517123
2.9491	0.30899	-0.0312317	0.0515029
2.9556	0.302887	-0.0358094	0.0512932
2.9622	0.296783	-0.0345124	0.0510776
2.9687	0.29068	-0.0400818	0.0508612
2.9753	0.284576	-0.0379456	0.050626
2.9818	0.278473	-0.0394715	0.0503931
2.9884	0.272369	-0.0373352	0.0501513
2.9949	0.266266	-0.0426758	0.0499095
3.0015	0.260162	-0.040387	0.0496515
3.0081	0.254059	-0.0438965	0.0493912
3.0146	0.248718	-0.042981	0.0491276
3.0212	0.241852	-0.0479401	0.0488573
3.0277	0.236511	-0.0443543	0.0485731
3.0343	0.229645	-0.0495423	0.0482817
3.0408	0.224304	-0.0477875	0.0479877
3.0474	0.217438	-0.0509156	0.0476847
3.0539	0.211334	-0.0519837	0.0473696
3.0605	0.205231	-0.0547303	0.0470455
3.067	0.199127	-0.0554932	0.0467179
3.0736	0.193024	-0.0593842	0.0463773
3.0801	0.18692	-0.0597657	0.0460202
3.0867	0.180817	-0.0628174	0.0456513
3.0932	0.174713	-0.0605286	0.0452761
3.0998	0.16861	-0.0680054	0.0448823
3.1064	0.162506	-0.0672425	0.0444717
3.1129	0.156403	-0.069989	0.0440555
3.1195	0.149536	-0.0696839	0.0436243
3.126	0.143433	-0.0770081	0.0431776
3.1326	0.137329	-0.0748719	0.0427014
3.1391	0.131226	-0.0831879	0.0422209
3.1457	0.125122	-0.0821961	0.0417112
3.1522	0.119019	-0.0913513	0.0411871
3.1588	0.112152	-0.0892151	0.0406281
3.1653	0.106049	-0.095929	0.0400556
3.1719	0.0999451	-0.0952423	0.0394539
3.1784	0.0938416	-0.104855	0.0388331
3.185	0.087738	-0.103711	0.0381589
3.1916	0.0808716	-0.110272	0.0374555
3.1981	0.0747681	-0.111417	0.0367432
3.2047	0.0686646	-0.12164	0.0359716
3.2112	0.062561	-0.122784	0.0351854
3.2178	0.0564575	-0.128735	0.0343444
3.2243	0.0495911	-0.129803	0.0334981
3.2309	0.0434875	-0.141171	0.0325845
3.2374	0.037384	-0.145062	0.0316502
3.244	0.0312805	-0.149945	0.0306482
3.2505	0.025177	-0.154828	0.0296454
3.2571	0.0183105	-0.163831	0.0285585
3.2636	0.012207	-0.169553	0.0274544
3.2702	0.00610352	-0.177487	0.0262865
3.2768	0	-0.181531	0.0250928
3.2833	-0.00686646	-0.192899	0.0238453
3.2899	-0.01297	-0.199078	0.0225327
3.2964	-0.0190735	-0.208997	0.021182
3.303	-0.025177	-0.215329	0.0197697
3.3095	-0.0320435	-0.223416	0.018309
3.3161	-0.038147	-0.232648	0.0167965
3.3226	-0.0442505	-0.240277	0.0152403
3.3292	-0.050354	-0.252637	0.013636
3.3357	-0.0564575	-0.258283	0.0119749
3.3423	-0.063324	-0.271405	0.0102478
3.3488	-0.0694275	-0.273999	0.00849251
3.3554	-0.075531	-0.286206	0.00667516
3.3619	-0.0816345	-0.289105	0.00482349
3.3685	-0.088501	-0.29765	0.00290992
3.3751	-0.0946045	-0.300931	0.000961421
3.3816	-0.100708	-0.31062	-0.000984349
3.3882	-0.106812	-0.311993	-0.00300762
3.3947	-0.112915	-0.317715	-0.00502084
3.4013	-0.119781	-0.316418	-0.0070858
3.4078	-0.125885	-0.320386	-0.00913716
3.4144	-0.131989	-0.320081	-0.0112337
3.4209	-0.138092	-0.321759	-0.013309
3.4275	-0.144196	-0.32092	-0.0154121
3.434	-0.150299	-0.322675	-0.0174987
3.4406	-0.156403	-0.31825	-0.0196177
3.4471	-0.163269	-0.319241	-0.0217049
3.4537	-0.169373	-0.314893	-0.0238176
3.4603	-0.175476	-0.318631	-0.025931
3.4668	-0.18158	-0.316495	-0.0280014
3.4734	-0.187683	-0.313367	-0.0300995
3.4799	-0.193787	-0.310468	-0.0321509
3.4865	-0.19989	-0.312299	-0.0342312
3.493	-0.205994	-0.309705	-0.0362684
3.4996	-0.212097	-0.306195	-0.0383271
3.5061	-0.218201	-0.303143	-0.0403361
3.5127	-0.224304	-0.302075	-0.0423669
3.5192	-0.230408	-0.30177	-0.0443476
3.5258	-0.236511	-0.296048	-0.0463428
3.5323	-0.242615	-0.293759	-0.04828
3.5389	-0.248718	-0.289105	-0.0502338
3.5454	-0.254822	-0.287122	-0.0521348
3.552	-0.260925	-0.28346	-0.0540449
3.5586	-0.267029	-0.279111	-0.0559236
3.5651	-0.273132	-0.276059	-0.0577564
3.5717	-0.279236	-0.272549	-0.0595839
3.5782	-0.285339	-0.268353	-0.0613611
3.5848	-0.291443	-0.263471	-0.0631316
3.5913	-0.297546	-0.260114	-0.0648523
3.5979	-0.30365	-0.254926	-0.0665694
3.6044	-0.30899	-0.250653	-0.0682343
3.611	-0.315094	-0.246686	-0.0698918
3.6175	-0.321198	-0.243481	-0.071499
3.6241	-0.327301	-0.238522	-0.0730973
3.6306	-0.333405	-0.235852	-0.0746438
3.6372	-0.338745	-0.229825	-0.0761808
3.6438	-0.344849	-0.227994	-0.0776904
3.6503	-0.350952	-0.22273	-0.0791477
3.6569	-0.357056	-0.218457	-0.0805975
3.6634	-0.362396	-0.212506	-0.0819937
3.67	-0.3685	-0.210904	-0.0833801
3.6765	-0.374603	-0.204648	-0.0847173
3.6831	-0.379944	-0.200528	-0.0860412
3.6896	-0.386047	-0.19389	-0.0873134
3.6962	-0.391388	-0.189618	-0.0885716
3.7027	-0.397491	-0.185956	-0.0897875
3.7093	-0.403595	-0.180157	-0.090987
3.7158	-0.408936	-0.177564	-0.09214
3.7224	-0.415039	-0.169629	-0.0932767
3.7289	-0.42038	-0.165509	-0.094368
3.7355	-0.426483	-0.158337	-0.0954434
3.7421	-0.431824	-0.153683	-0.0964892
3.7486	-0.437164	-0.147275	-0.0974843
3.7552	-0.443268	-0.144452	-0.0984675
3.7617	-0.448608	-0.142697	-0.0994033
3.7683	-0.454712	-0.136975	-0.100327
3.7748	-0.460052	-0.131406	-0.101202
3.7814	-0.465393	-0.132245	-0.102061
3.7879	-0.470734	-0.123242	-0.102883
3.7945	-0.476837	-0.119733	-0.103683
3.801	-0.482178	-0.116757	-0.104447
3.8076	-0.487518	-0.110272	-0.105191
3.8141	-0.492859	-0.106229	-0.105901
3.8207	-0.498199	-0.102261	-0.106597
3.8273	-0.504303	-0.0980652	-0.107269
3.8338	-0.509644	-0.095166	-0.107897
3.8404	-0.514984	-0.0945557	-0.108519
3.8469	-0.520325	-0.0879944	-0.109105
3.8535	-0.525665	-0.0854767	-0.109673
3.86	-0.531006	-0.0826538	-0.110215
3.8666	-0.536346	-0.0760926	-0.110739
3.8731	-0.541687	-0.0721253	-0.111241
3.8797	-0.547028	-0.0730408	-0.111731
3.8862	-0.551605	-0.0705231	-0.112192
3.8928	-0.556946	-0.0669373	-0.11264
3.8993	-0.562286	-0.0660218	-0.113064
3.9059	-0.567627	-0.0635803	-0.113481
3.9124	-0.572968	-0.0580109	-0.113872
3.919	-0.577545	-0.0524414	-0.114257
3.9256	-0.582886	-0.0565613	-0.114623
3.9321	-0.588226	-0.0538147	-0.114971
3.9387	-0.593567	-0.0504578	-0.115313
3.9452	-0.598145	-0.0521363	-0.115635
3.9518	-0.603485	-0.0458802	-0.115952
3.9583	-0.608063	-0.0432099	-0.116253
3.9649	-0.613403	-0.0438965	-0.116548
3.9714	-0.617981	-0.0439728	-0.116826
3.978	-0.623322	-0.0393952	-0.117098
3.9845	-0.627899	-0.0411499	-0.117357
3.9911	-0.63324	-0.0344361	-0.117612
3.9976	-0.637817	-0.0370301	-0.117855
4.0042	-0.642395	-0.0353516	-0.118092
4.0108	-0.647736	-0.0347412	-0.118322
4.0173	-0.652313	-0.0340546	-0.118541
4.0239	-0.656891	-0.0311554	-0.118756
4.0304	-0.661469	-0.0316132	-0.118962
4.037	-0.666046	-0.0278748	-0.119163
4.0435	-0.671387	-0.0301636	-0.119353
4.0501	-0.675964	-0.0243653	-0.119544
4.0566	-0.680542	-0.0284851	-0.119724
4.0632	-0.68512	-0.0259674	-0.119899
4.0697	-0.689697	-0.0272644	-0.120072
4.0763	-0.694275	-0.0205506	-0.12024
4.0828	-0.698853	-0.024823	-0.120404
4.0894	-0.702667	-0.0210846	-0.120561
4.096	-0.707245	-0.0234497	-0.120715
4.1025	-0.711823	-0.0219239	-0.120865
4.1091	-0.7164	-0.0230683	-0.121014
4.1156	-0.720978	-0.0204743	-0.121153
4.1222	-0.724792	-0.020398	-0.121293
4.1287	-0.72937	-0.019635	-0.121429
4.1353	-0.733948	-0.0194062	-0.121558
4.1418	-0.737762	-0.020398	-0.121688
4.1484	-0.74234	-0.0175751	-0.121816
4.1549	-0.746155	-0.0207032	-0.121937
4.1615	-0.750732	-0.0174225	-0.122057
4.168	-0.754547	-0.0167359	-0.122173
4.1746	-0.758362	-0.0192536	-0.122289
4.1811	-0.762939	-0.0175751	-0.122401
4.1877	-0.766754	-0.0136841	-0.122511
4.1943	-0.770569	-0.0175751	-0.122618
4.2008	-0.775146	-0.0149048	-0.122722
4.2074	-0.778961	-0.0147522	-0.122823
4.2139	-0.782776	-0.0177277	-0.122921
4.2205	-0.786591	-0.0168885	-0.123021
4.227	-0.790405	-0.0145996	-0.123117
4.2336	-0.79422	-0.0148285	-0.123211
4.2401	-0.798035	-0.0137604	-0.123303
4.2467	-0.801849	-0.0149811	-0.123397
4.2532	-0.805664	-0.0132263	-0.123483
4.2598	-0.809479	-0.0127686	-0.123573
4.2663	-0.813293	-0.0126923	-0.123657
4.2729	-0.816345	-0.0124634	-0.123741
4.2795	-0.82016	-0.0124634	-0.123826
4.286	-0.823975	-0.0117768	-0.123905
4.2926	-0.827789	-0.0129212	-0.123985
4.2991	-0.830841	-0.0129212	-0.124059
4.3057	-0.834656	-0.0100983	-0.124138
4.3122	-0.837708	-0.012616	-0.124215
4.3188	-0.841522	-0.0122345	-0.124289
4.3253	-0.844574	-0.0107849	-0.124363
4.3319	-0.848389	-0.00925906	-0.124433
4.3384	-0.85144	-0.0109375	-0.124501
4.345	-0.854492	-0.0110901	-0.124568
4.3515	-0.857544	-0.0104798	-0.124639
4.3581	-0.861359	-0.0103272	-0.124704
4.3646	-0.86441	-0.00941165	-0.124768
4.3712	-0.867462	-0.00979312	-0.124831
4.3778	-0.870514	-0.00697024	-0.124895
4.3843	-0.873566	-0.0100983	-0.124956
4.3909	-0.876617	-0.00735171	-0.125016
4.3974	-0.879669	-0.0107086	-0.125074
4.404	-0.882721	-0.00674136	-0.125135
4.4105	-0.885773	-0.00895389	-0.125192
4.4171	-0.888824	-0.00773318	-0.12525
4.4236	-0.891113	-0.00956424	-0.125304
4.4302	-0.894165	-0.0110901	-0.125361
4.4367	-0.897217	-0.00712283	-0.125412
4.4433	-0.899506	-0.00643619	-0.125468
4.4498	-0.902557	-0.00697024	-0.125519
4.4564	-0.904846	-0.00712283	-0.125572
4.463	-0.907898	-0.0103272	-0.125621
4.4695	-0.910187	-0.00773318	-0.12567
4.4761	-0.913239	-0.00529178	-0.125721
4.4826	-0.915527	-0.00986941	-0.125766
4.4892	-0.917816	-0.00605472	-0.125813
4.4957	-0.920868	-0.00475772	-0.125859
4.5023	-0.923157	-0.00941165	-0.125904
4.5088	-0.925446	-0.00605472	-0.125947
4.5154	-0.927734	-0.00819095	-0.125989
4.5219	-0.930023	-0.00742801	-0.126034
4.5285	-0.932312	-0.00887759	-0.126078
4.535	-0.934601	-0.00780948	-0.126117
4.5416	-0.93689	-0.00742801	-0.12616
4.5481	-0.939178	-0.00468143	-0.126197
4.5547	-0.941467	-0.00574954	-0.126238
4.5613	-0.942993	-0.0037659	-0.126279
4.5678	-0.945282	-0.00742801	-0.126315
4.5744	-0.947571	-0.0062073	-0.126352
4.5809	-0.949097	-0.00353702	-0.12639
4.5875	-0.951385	-0.00605472	-0.126423
4.594	-0.953674	-0.00437625	-0.126459
4.6006	-0.9552	-0.00689395	-0.126496
4.6071	-0.956726	-0.00101932	-0.126529
4.6137	-0.959015	-0.00597842	-0.126561
4.6202	-0.960541	-0.0075043	-0.126595
4.6268	-0.962067	-0.00361331	-0.126626
4.6333	-0.964355	-0.00346072	-0.126656
4.6399	-0.965881	-0.0075806	-0.126689
4.6465	-0.967407	-0.00765689	-0.126721
4.653	-0.968933	-0.00727542	-0.12675
4.6596	-0.970459	-0.00651248	-0.12678
4.6661	-0.971985	-0.00841983	-0.126809
4.6727	-0.973511	-0.00887759	-0.126837
4.6792	-0.975037	-0.010022	-0.126861
4.6858	-0.976562	-0.00651248	-0.126885
4.6923	-0.977325	4.87992e-05	-0.126912
4.6989	-0.978851	0.000659151	-0.126944
4.7054	-0.980377	-0.00712283	-0.126969
4.712	-0.98114	-0.00338443	-0.12699
4.7185	-0.982666	-0.00147708	-0.127019
4.7251	-0.984192	-0.00468143	-0.127038
4.7316	-0.984955	-0.00178226	-0.127066
4.7382	-0.985718	-0.00384219	-0.127086
4.7448	-0.987244	-0.00712283	-0.127109
4.7513	-0.988007	-0.00132449	-0.12713
4.7579	-0.98877	-0.00330813	-0.127149
4.7644	-0.990295	-0.0037659	-0.12717
4.771	-0.991058	-0.00605472	-0.127192
4.7775	-0.991821	-0.00391849	-0.127214
4.7841	-0.992584	-0.00300296	-0.127231
4.7906	-0.993347	-0.000790434	-0.12725
4.7972	-0.99411	-0.00109561	-0.127267
4.8037	-0.994873	-0.0037659	-0.127285
4.8103	-0.995636	-0.00666507	-0.127298
4.8168	-0.995636	-0.00140079	-0.127313
4.8234	-0.996399	-0.000408964	-0.127333
4.83	-0.997162	-0.000408964	-0.127348
4.8365	-0.997162	-0.000866728	-0.12736
4.8431	-0.997925	-2.74947e-05	-0.127377
4.8496	-0.998688	-0.00285037	-0.127391
4.8562	-0.998688	-0.00300296	-0.127402
4.8627	-0.999451	-0.00803836	-0.127414
4.8693	-0.999451	-0.00254519	-0.127427
4.8758	-0.999451	-0.00162967	-0.127438
4.8824	-1.00021	-0.00254519	-0.127452
4.8889	-1.00021	-0.00239261	-0.127462
4.8955	-1.00021	-0.00193484	-0.127471
4.902	-1.00021	-0.00193484	-0.12748
4.9086	-1.00021	-0.00109561	-0.127488
4.9152	-1.00021	-0.000943022	-0.127497
4.9217	-1.00021	-0.0011719	-0.127504
4.9283	-1.00021	-0.0011719	-0.127512
4.9348	-1.00021	-0.00140079	-0.12752
4.9414	-1.00021	-0.00109561	-0.127529
4.9479	-1.00021	-0.00193484	-0.127537
4.9545	-0.999451	0.000506563	-0.127542
4.961	-0.999451	-0.00140079	-0.127549
4.9676	-0.999451	-0.000561552	-0.127557
4.9741	-0.998688	-0.00170596	-0.127559
4.9807	-0.998688	4.87992e-05	-0.127567
4.9872	-0.997925	0.000201387	-0.127571
4.9938	-0.997925	-0.0012482	-0.127579
5.0003	-0.997162	-0.00224002	-0.127581
5.0069	-0.996399	-0.00292666	-0.127585
5.0135	-0.995636	0.00142209	-0.12759
5.02	-0.995636	-0.00132449	-0.127595
5.0266	-0.994873	-0.00178226	-0.127597
5.0331	-0.99411	0.000964327	-0.127599
5.0397	-0.993347	0.00111691	-0.127603
5.0462	-0.992584	0.000353975	-0.127606
5.0528	-0.991821	-0.000790434	-0.12761
5.0593	-0.991058	0.00195615	-0.12761
5.0659	-0.990295	-0.000408964	-0.127613
5.0724	-0.98877	0.00172727	-0.127614
5.079	-0.988007	-0.000561552	-0.127613
5.0855	-0.987244	-0.000637846	-0.127617
5.0921	-0.985718	0.000659151	-0.127617
5.0987	-0.984955	-0.00285037	-0.127617
5.1052	-0.984192	0.000125093	-0.127619
5.1118	-0.982666	-0.00208743	-0.127617
5.1183	-0.98114	0.000888033	-0.127618
5.1249	-0.980377	-0.00346072	-0.127617
5.1314	-0.978851	0.00203244	-0.127615
5.138	-0.977325	0.00294797	-0.127618
5.1445	-0.976562	-0.00361331	-0.127615
5.1511	-0.975037	-0.00574954	-0.12761
5.1576	-0.973511	-0.000408964	-0.127607
5.1642	-0.971985	0.00424497	-0.127605
5.1707	-0.970459	0.00577084	-0.127604
5.1773	-0.968933	0.0063049	-0.127602
5.1838	-0.967407	0.0038635	-0.1276
5.1904	-0.965881	0.00203244	-0.127597
5.197	-0.964355	-0.00162967	-0.127593
5.2035	-0.962067	-0.00216373	-0.127591
5.2101	-0.960541	0.00218503	-0.127588
5.2166	-0.959015	0.00279538	-0.127581
5.2232	-0.956726	-0.00231631	-0.127577
5.2297	-0.9552	0.00111691	-0.127572
5.2363	-0.953674	-0.000561552	-0.127566
5.2428	-0.951385	0.00218503	-0.127559
5.2494	-0.94986	-0.00162967	-0.127552
5.2559	-0.947571	0.00279538	-0.127548
5.2625	-0.945282	0.00172727	-0.127541
5.269	-0.943756	-0.000408964	-0.127534
5.2756	-0.941467	0.00142209	-0.127526
5.2822	-0.939178	0.00218503	-0.127518
5.2887	-0.93689	0.000582857	-0.127511
5.2953	-0.934601	0.00157468	-0.127502
5.3018	-0.932312	0.00111691	-0.127494
5.3084	-0.930023	0.00172727	-0.127485
5.3149	-0.927734	0.00226132	-0.127475
5.3215	-0.925446	0.00233762	-0.127464
5.328	-0.923157	0.00172727	-0.127456
5.3346	-0.920868	0.00203244	-0.127444
5.3411	-0.917816	0.00119321	-0.127436
5.3477	-0.915527	0.00203244	-0.127424
5.3542	-0.913239	0.00226132	-0.12741
5.3608	-0.910187	0.00249021	-0.127401
5.3673	-0.907898	0.00210874	-0.127389
5.3739	-0.905609	0.0013458	-0.127375
5.3805	-0.902557	0.00393979	-0.127361
5.387	-0.899506	0.00210874	-0.127351
5.3936	-0.897217	0.00142209	-0.127336
5.4001	-0.894165	-0.000561552	-0.127322
5.4067	-0.891113	0.00111691	-0.127307
5.4132	-0.888824	0.00294797	-0.127292
5.4198	-0.885773	0.00371091	-0.127278
5.4263	-0.882721	0.00447385	-0.127262
5.4329	-0.879669	0.00416867	-0.127246
5.4394	-0.876617	0.0037872	-0.12723
5.446	-0.873566	0.00310056	-0.127213
5.4525	-0.870514	0.00332944	-0.127196
5.4591	-0.867462	0.00447385	-0.12718
5.4657	-0.86441	0.00355832	-0.127161
5.4722	-0.861359	0.00371091	-0.127143
5.4788	-0.857544	0.00264279	-0.127123
5.4853	-0.854492	0.00279538	-0.127104
5.4919	-0.85144	0.00187985	-0.127083
5.4984	-0.848389	0.00226132	-0.127064
5.505	-0.844574	0.00203244	-0.127044
5.5115	-0.841522	0.00302426	-0.12702
5.5181	-0.837708	0.00462644	-0.126999
5.5246	-0.834656	0.00401608	-0.126977
5.5312	-0.830841	0.00355832	-0.126954
5.5377	-0.827789	0.0050842	-0.126929
5.5443	-0.823975	0.00531308	-0.126906
5.5508	-0.82016	0.00249021	-0.126883
5.5574	-0.817108	0.00447385	-0.126856
5.564	-0.813293	0.0037872	-0.126831
5.5705	-0.809479	0.00416867	-0.126806
5.5771	-0.805664	0.00424497	-0.126779
5.5836	-0.801849	0.00279538	-0.126753
5.5902	-0.798035	0.00363461	-0.126724
5.5967	-0.79422	0.00516049	-0.126697
5.6033	-0.790405	0.00401608	-0.126667
5.6098	-0.786591	0.00538938	-0.126637
5.6164	-0.782776	0.00645749	-0.126607
5.6229	-0.778961	0.00439755	-0.126574
5.6295	-0.775146	0.00477902	-0.126545
5.636	-0.771332	0.00554196	-0.126516
5.6426	-0.766754	0.00462644	-0.126483
5.6492	-0.762939	0.0050842	-0.12645
5.6557	-0.759125	0.00462644	-0.126419
5.6623	-0.754547	0.00447385	-0.126381
5.6688	-0.750732	0.00477902	-0.126348
5.6754	-0.746155	0.00676267	-0.126314
5.6819	-0.74234	0.0050842	-0.126276
5.6885	-0.737762	0.00516049	-0.12624
5.695	-0.733948	0.00607602	-0.126203
5.7016	-0.72937	0.00516049	-0.126164
5.7081	-0.724792	0.0050842	-0.126127
5.7147	-0.720978	0.00569455	-0.126087
5.7212	-0.7164	0.00569455	-0.126049
5.7278	-0.711823	0.00668637	-0.126006
5.7344	-0.707245	0.00752561	-0.125963
5.7409	-0.70343	0.00661008	-0.125923
5.7475	-0.698853	0.00447385	-0.125878
5.754	-0.694275	0.00790708	-0.125833
5.7606	-0.689697	0.00569455	-0.125788
5.7671	-0.68512	0.00790708	-0.125743
5.7737	-0.680542	0.00485532	-0.125693
5.7802	-0.675964	0.00813596	-0.125648
5.7868	-0.671387	0.00722043	-0.125599
5.7933	-0.666809	0.00844113	-0.125551
5.7999	-0.661469	0.00516049	-0.1255
5.8064	-0.656891	0.00783078	-0.125447
5.813	-0.652313	0.00867002	-0.125395
5.8195	-0.647736	0.0105774	-0.125343
5.8261	-0.642395	0.00737302	-0.125289
5.8327	-0.637817	0.0102722	-0.125229
5.8392	-0.63324	0.00798337	-0.125171
5.8458	-0.627899	0.00737302	-0.125114
5.8523	-0.623322	0.0124847	-0.125057
5.8589	-0.617981	0.00935666	-0.124997
5.8654	-0.613403	0.0100433	-0.124936
5.872	-0.608063	0.00752561	-0.124871
5.8785	-0.603485	0.00935666	-0.124809
5.8851	-0.598145	0.0113403	-0.124744
5.8916	-0.593567	0.00981442	-0.12468
5.8982	-0.588226	0.00935666	-0.12461
5.9047	-0.582886	0.00981442	-0.12454
5.9113	-0.578308	0.00989072	-0.124474
5.9179	-0.572968	0.0105011	-0.124401
5.9244	-0.567627	0.0109588	-0.124331
5.931	-0.562286	0.0128662	-0.124257
5.9375	-0.556946	0.00905148	-0.124183
5.9441	-0.552368	0.0115692	-0.124104
5.9506	-0.547028	0.0119507	-0.124025
5.9572	-0.541687	0.0126373	-0.123946
5.9637	-0.536346	0.0161468	-0.12386
5.9703	-0.531006	0.0130951	-0.12378
5.9768	-0.525665	0.0163757	-0.123697
5.9834	-0.520325	0.0127136	-0.123612
5.9899	-0.514984	0.0117981	-0.123523
5.9965	-0.509644	0.0114929	-0.123431
6.003	-0.504303	0.0162231	-0.123341
6.0096	-0.498962	0.0129425	-0.123244
6.0162	-0.492859	0.0142395	-0.12315
6.0227	-0.487518	0.0176727	-0.12305
6.0293	-0.482178	0.0150024	-0.122951
6.0358	-0.476837	0.0185119	-0.122855
6.0424	-0.470734	0.0161468	-0.12275
6.0489	-0.465393	0.0165283	-0.122645
6.0555	-0.460052	0.0162994	-0.122534
6.062	-0.454712	0.0153076	-0.122424
6.0686	-0.448608	0.0146972	-0.122308
6.0751	-0.443268	0.0189697	-0.122195
6.0817	-0.437164	0.0169861	-0.122069
6.0882	-0.431824	0.0189697	-0.121953
6.0948	-0.426483	0.0191986	-0.121829
6.1014	-0.42038	0.0224029	-0.121704
6.1079	-0.415039	0.0233185	-0.121575
6.1145	-0.408936	0.0226318	-0.121444
6.121	-0.403595	0.0236999	-0.121311
6.1276	-0.397491	0.0232422	-0.121172
6.1341	-0.392151	0.0225555	-0.121031
6.1407	-0.386047	0.0220215	-0.120885
6.1472	-0.379944	0.0198852	-0.120743
6.1538	-0.374603	0.0209533	-0.120593
6.1603	-0.3685	0.0212585	-0.120442
6.1669	-0.362396	0.0198852	-0.120281
6.1734	-0.357056	0.0226318	-0.120126
6.18	-0.350952	0.0223266	-0.119956
6.1865	-0.344849	0.023471	-0.119792
6.1931	-0.339508	0.0253784	-0.119611
6.1997	-0.333405	0.0258362	-0.119441
6.2062	-0.327301	0.0272094	-0.11926
6.2128	-0.321198	0.0269043	-0.119075
6.2193	-0.315094	0.0276672	-0.118883
6.2259	-0.309753	0.029956	-0.11869
6.2324	-0.30365	0.0326263	-0.11849
6.239	-0.297546	0.0334655	-0.118283
6.2455	-0.291443	0.0350677	-0.118072
6.2521	-0.285339	0.0337707	-0.11786
6.2586	-0.279236	0.0368225	-0.117641
6.2652	-0.273132	0.0355255	-0.117417
6.2717	-0.267029	0.0410186	-0.117182
6.2783	-0.260925	0.0378906	-0.116945
6.2849	-0.254822	0.0422393	-0.116696
6.2914	-0.249481	0.0414764	-0.116447
6.298	-0.242615	0.0462066	-0.11618
6.3045	-0.237274	0.0424682	-0.115918
6.3111	-0.230408	0.046817	-0.115642
6.3176	-0.225067	0.0465881	-0.115365
6.3242	-0.218201	0.0516235	-0.115066
6.3307	-0.212097	0.0497924	-0.114771
6.3373	-0.205994	0.0548279	-0.114454
6.3438	-0.19989	0.0542175	-0.114139
6.3504	-0.193787	0.0552856	-0.1138
6.3569	-0.187683	0.0536071	-0.113471
6.3635	-0.18158	0.0586425	-0.113123
6.37	-0.175476	0.0582611	-0.11277
6.3766	-0.169373	0.0630676	-0.112387
6.3832	-0.163269	0.0615417	-0.112007
6.3897	-0.157166	0.0674164	-0.111604
6.3963	-0.150299	0.0680267	-0.111192
6.4028	-0.144196	0.0737488	-0.110751
6.4094	-0.138092	0.0693237	-0.110311
6.4159	-0.131989	0.077716	-0.109848
6.4225	-0.125885	0.0790893	-0.109368
6.429	-0.119781	0.0841247	-0.108852
6.4356	-0.112915	0.0857269	-0.108325
6.4421	-0.106812	0.0894653	-0.107767
6.4487	-0.100708	0.0948059	-0.107181
6.4552	-0.0946045	0.0953399	-0.106568
6.4618	-0.088501	0.0990783	-0.105945
6.4684	-0.0816345	0.102512	-0.105276
6.4749	-0.075531	0.107013	-0.104598
6.4815	-0.0694275	0.113879	-0.103848
6.488	-0.063324	0.116626	-0.10311
6.4946	-0.0572205	0.121204	-0.102295
6.5011	-0.050354	0.129291	-0.101473
6.5077	-0.0442505	0.130664	-0.10058
6.5142	-0.038147	0.136386	-0.0996944
6.5208	-0.0320435	0.141269	-0.09873
6.5273	-0.0259399	0.1505	-0.097752
6.5339	-0.0190735	0.154315	-0.0966943
6.5404	-0.01297	0.166522	-0.0956242
6.547	-0.00686646	0.173312	-0.0944809
6.5536	0	0.187808	-0.0932896
6.5601	0.00610352	0.184833	-0.0920763
6.5667	0.012207	0.194675	-0.0908127
6.5732	0.0183105	0.202304	-0.0895162
6.5798	0.0244141	0.21413	-0.0881368
6.5863	0.0312805	0.21741	-0.0867291
6.5929	0.037384	0.232211	-0.0852525
6.5994	0.0434875	0.237018	-0.0837341
6.606	0.0495911	0.252887	-0.0821397
6.6125	0.0556946	0.25304	-0.0805183
6.6191	0.062561	0.26662	-0.0788239
6.6256	0.0686646	0.271884	-0.077096
6.6322	0.0747681	0.285236	-0.0752777
6.6387	0.0808716	0.28844	-0.0734488
6.6453	0.087738	0.29729	-0.0715287
6.6519	0.0938416	0.304156	-0.069563
6.6584	0.0999451	0.311328	-0.0675729
6.665	0.106049	0.314075	-0.0655327
6.6715	0.112152	0.319797	-0.0634849
6.6781	0.119019	0.322009	-0.0613817
6.6846	0.125122	0.326434	-0.0592722
6.6912	0.131226	0.328189	-0.057124
6.6977	0.137329	0.329333	-0.0549812
6.7043	0.143433	0.331927	-0.0528031
6.7108	0.149536	0.33147	-0.0506295
6.7174	0.15564	0.32941	-0.0484359
6.7239	0.162506	0.330173	-0.0462665
6.7305	0.16861	0.329791	-0.0440623
6.7371	0.174713	0.329181	-0.0418498
6.7436	0.180817	0.331165	-0.0396863
6.7502	0.18692	0.328036	-0.0374804
6.7567	0.193024	0.328265	-0.0353182
6.7633	0.199127	0.325519	-0.0331261
6.7698	0.205231	0.326739	-0.0309879
6.7764	0.211334	0.322009	-0.0288233
6.7829	0.217438	0.320941	-0.0267075
6.7895	0.223541	0.318347	-0.024566
6.796	0.229645	0.317737	-0.0224766
6.8026	0.235748	0.312778	-0.0203703
6.8091	0.241852	0.313007	-0.0183151
6.8157	0.247955	0.306598	-0.0162439
6.8222	0.254059	0.304385	-0.014232
6.8288	0.260162	0.299808	-0.012209
6.8354	0.266266	0.298511	-0.0102111
6.8419	0.272369	0.293094	-0.00826457
6.8485	0.278473	0.289661	-0.0063206
6.855	0.284576	0.28638	-0.00442761
6.8616	0.29068	0.283252	-0.00253525
6.8681	0.296783	0.276157	-0.000699649
6.8747	0.302887	0.271808	0.00112762
6.8812	0.308228	0.265399	0.00289983
6.8878	0.314331	0.262805	0.00466425
6.8943	0.320435	0.25777	0.00637867
6.9009	0.326538	0.254108	0.00807905
6.9074	0.332642	0.250293	0.00972843
6.914	0.337982	0.246173	0.0113661
6.9206	0.344086	0.241672	0.0129804
6.9271	0.350189	0.234576	0.0145289
6.9337	0.356293	0.231219	0.0160717
6.9402	0.361633	0.225269	0.0175584
6.9468	0.367737	0.223209	0.019039
6.9533	0.37384	0.216266	0.0204588
6.9599	0.379181	0.21413	0.0218707
6.9664	0.385284	0.208102	0.0232267
6.973	0.390625	0.20444	0.0245721
6.9795	0.396729	0.196582	0.0258598
6.9861	0.402832	0.191775	0.0271303
6.9926	0.408173	0.185596	0.0283475
6.9992	0.414276	0.178882	0.0295491
7.0057	0.419617	0.174915	0.0306989
7.0123	0.42572	0.167438	0.0318312
7.0189	0.431061	0.164081	0.0329309
7.0254	0.436401	0.157367	0.0339799
7.032	0.442505	0.151874	0.0350137
7.0385	0.447845	0.149127	0.0359931
7.0451	0.453949	0.140735	0.0369601
7.0516	0.45929	0.137607	0.0378744
7.0582	0.46463	0.137378	0.0387744
7.0647	0.469971	0.12868	0.0396266
7.0713	0.476074	0.124484	0.0404594
7.0778	0.481415	0.120288	0.0412522
7.0844	0.486755	0.115024	0.042027
7.0909	0.492096	0.108844	0.0427599
7.0975	0.497437	0.106097	0.0434762
7.1041	0.50354	0.0999939	0.0441648
7.1106	0.508881	0.0963318	0.04481
7.1172	0.514221	0.0954162	0.0454478
7.1237	0.519562	0.0890075	0.0460431
7.1303	0.524902	0.0883972	0.0466221
7.1368	0.530243	0.083667	0.0471708
7.1434	0.535583	0.0793182	0.0477063
7.1499	0.540924	0.0734436	0.0482128
7.1565	0.546265	0.0722992	0.0487044
7.163	0.550842	0.0679504	0.0491688
7.1696	0.556183	0.0672638	0.049619
7.1761	0.561523	0.0679504	0.0500444
7.1827	0.566864	0.0631439	0.0504573
7.1892	0.572205	0.0582611	0.0508472
7.1958	0.576782	0.0526153	0.0512296
7.2024	0.582123	0.0562774	0.0515961
7.2089	0.587463	0.0502502	0.0519436
7.2155	0.592804	0.0502502	0.052276
7.222	0.597382	0.0500976	0.0525905
7.2286	0.602722	0.0451385	0.0528977
7.2351	0.6073	0.0423156	0.0531919
7.2417	0.61264	0.0421631	0.0534795
7.2482	0.617218	0.0409424	0.0537467
7.2548	0.622559	0.0392639	0.0540104
7.2613	0.627136	0.0386535	0.0542591
7.2679	0.632477	0.0337707	0.0545053
7.2744	0.637054	0.0358307	0.0547411
7.281	0.641632	0.0336181	0.0549672
7.2876	0.646973	0.0347625	0.0551862
7.2941	0.65155	0.0301849	0.0553931
7.3007	0.656128	0.0307953	0.0555995
7.3072	0.660706	0.0298034	0.0557968
7.3138	0.665283	0.0272094	0.0559879
7.3203	0.670624	0.0279724	0.0561664
7.3269	0.675201	0.0239288	0.056348
7.3334	0.679779	0.026828	0.0565185
7.34	0.684357	0.0244629	0.0566896
7.3465	0.688934	0.0251495	0.0568466
7.3531	0.693512	0.0198852	0.0570027
7.3596	0.69809	0.0218689	0.0571541
7.3662	0.701904	0.0200378	0.0573018
7.3728	0.706482	0.0233185	0.0574438
7.3793	0.71106	0.0194275	0.0575835
7.3859	0.715637	0.0212585	0.0577189
7.3924	0.720215	0.0201141	0.0578501
7.399	0.72403	0.0198852	0.0579772
7.4055	0.728607	0.01958	0.0581029
7.4121	0.733185	0.0186645	0.058227
7.4186	0.737	0.0196563	0.0583426
7.4252	0.741577	0.0170623	0.0584596
7.4317	0.745392	0.0172912	0.0585704
7.4383	0.749969	0.0171386	0.0586783
7.4448	0.753784	0.0154602	0.0587844
7.4514	0.757599	0.0172149	0.0588917
7.4579	0.762177	0.0166809	0.0589887
7.4645	0.765991	0.0136291	0.0590892
7.4711	0.769806	0.0155365	0.0591878
7.4776	0.774384	0.0137817	0.0592794
7.4842	0.778198	0.013858	0.0593737
7.4907	0.782013	0.0137817	0.0594642
7.4973	0.785828	0.0147735	0.0595489
7.5038	0.789642	0.0135528	0.0596332
7.5104	0.793457	0.0130188	0.0597161
7.5169	0.797272	0.0121032	0.0597936
7.5235	0.801086	0.0117981	0.0598748
7.53	0.804901	0.0130188	0.0599512
7.5366	0.808716	0.0108825	0.060029
7.5431	0.812531	0.0101196	0.0601
7.5497	0.815582	0.0105011	0.0601729
7.5563	0.819397	0.0114929	0.0602456
7.5628	0.823212	0.0101196	0.0603127
7.5694	0.827026	0.0101959	0.0603821
7.5759	0.830078	0.0116455	0.0604485
7.5825	0.833893	0.00783078	0.0605118
7.589	0.836945	0.0104248	0.0605763
7.5956	0.840759	0.0109588	0.0606368
7.6021	0.843811	0.00874631	0.0606992
7.6087	0.847626	0.00790708	0.0607584
7.6152	0.850677	0.00897519	0.060816
7.6218	0.853729	0.00950925	0.0608736
7.6283	0.856781	0.00950925	0.0609317
7.6349	0.860596	0.00798337	0.0609849
7.6414	0.863647	0.00683896	0.0610385
7.648	0.866699	0.00844113	0.0610906
7.6546	0.869751	0.0063049	0.0611434
7.6611	0.872803	0.00897519	0.0611922
7.6677	0.875854	0.00668637	0.0612408
7.6742	0.878906	0.00798337	0.0612901
7.6808	0.881958	0.00523679	0.0613372
7.6873	0.88501	0.00836484	0.0613821
7.6939	0.888062	0.00554196	0.061427
7.7004	0.89035	0.00821225	0.0614704
7.707	0.893402	0.00874631	0.0615143
7.7135	0.896454	0.00599973	0.0615527
7.7201	0.898743	0.00447385	0.0615969
7.7266	0.901794	0.0063049	0.0616368
7.7332	0.904083	0.00538938	0.0616786
7.7398	0.907135	0.00813596	0.0617148
7.7463	0.909424	0.00409238	0.0617521
7.7529	0.912476	0.00363461	0.0617901
7.7594	0.914764	0.00874631	0.0618252
7.766	0.917053	0.00538938	0.0618601
7.7725	0.920105	0.00302426	0.0618944
7.7791	0.922394	0.00767819	0.0619285
7.7856	0.924683	0.00523679	0.0619599
7.7922	0.926971	0.00691525	0.0619943
7.7987	0.92926	0.00561826	0.0620259
7.8053	0.931549	0.00538938	0.0620567
7.8118	0.933838	0.00569455	0.0620852
7.8184	0.936127	0.00592343	0.0621162
7.8249	0.938416	0.00455014	0.0621415
7.8315	0.940704	0.00416867	0.0621714
7.8381	0.94223	0.00187985	0.0622004
7.8446	0.944519	0.00462644	0.0622246
7.8512	0.946808	0.0038635	0.0622515
7.8577	0.948334	0.00187985	0.0622783
7.8643	0.950623	0.00615231	0.0623015
7.8708	0.952911	0.00119321	0.0623283
7.8774	0.954437	0.00653378	0.0623526
7.8839	0.955963	0.000353975	0.0623735
7.8905	0.958252	0.00447385	0.0623942
7.897	0.959778	0.00493161	0.0624179
7.9036	0.961304	0.00157468	0.0624372
7.9101	0.963593	0.00172727	0.0624553
7.9167	0.965118	0.00569455	0.0624783
7.9233	0.966644	0.00569455	0.0624994
7.9298	0.96817	0.00645749	0.0625167
7.9364	0.969696	0.00569455	0.0625363
7.9429	0.971222	0.00523679	0.062553
7.9495	0.972748	0.00714414	0.0625701
7.956	0.974274	0.00950925	0.0625837
7.9626	0.9758	0.00615231	0.0625976
7.9691	0.976562	-0.00170596	0.0626147
7.9757	0.978088	-0.00269778	0.0626327
7.9822	0.979614	0.00447385	0.0626458
7.9888	0.980377	0.0013458	0.062654
7.9953	0.981903	0.000659151	0.0626711
8.0019	0.983429	0.00325314	0.0626782
8.0084	0.984192	4.87992e-05	0.0626932
8.015	0.984955	0.00233762	0.0627012
8.0216	0.986481	0.00538938	0.0627131
8.0281	0.987244	-0.000408964	0.0627215
8.0347	0.988007	0.00210874	0.06273
8.0412	0.989532	0.00142209	0.0627389
8.0478	0.990295	0.00424497	0.0627484
8.0543	0.991058	0.00210874	0.0627574
8.0609	0.991821	0.00104062	0.0627622
8.0674	0.992584	-0.00170596	0.0627687
8.074	0.993347	0.000201387	0.0627749
8.0805	0.99411	0.00371091	0.0627818
8.0871	0.994873	0.00500791	0.0627835
8.0936	0.994873	0.000659151	0.062787
8.1002	0.995636	-0.000103789	0.0627937
8.1068	0.996399	-0.00147708	0.0627973
8.1133	0.996399	-0.000866728	0.0627977
8.1199	0.997162	-0.000943022	0.0628019
8.1264	0.997925	0.00149838	0.0628044
8.133	0.997925	0.000582857	0.0628033
8.1395	0.998688	0.00477902	0.0628042
8.1461	0.998688	0.000811739	0.0628055
8.1526	0.998688	-0.000103789	0.0628051
8.1592	0.999451	0.00218503	0.0628077
8.1657	0.999451	0.000353975	0.0628065
8.1723	0.999451	4.87992e-05	0.0628034
8.1788	0.999451	-0.0012482	0.0628009
8.1854	0.999451	-0.000561552	0.0627981
8.192	0.999451	-0.000866728	0.0627951
8.1985	0.999451	-0.000408964	0.0627926
8.2051	0.999451	-0.000408964	0.062789
8.2116	0.999451	0.000506563	0.0627866
8.2182	0.999451	-0.00101932	0.0627822
8.2247	0.999451	-0.000943022	0.0627786
8.2313	0.998688	-0.00208743	0.0627702
8.2378	0.998688	-0.00155337	0.062766
8.2444	0.998688	-0.00132449	0.0627615
8.2509	0.997925	0.000201387	0.0627518
8.2575	0.997925	-0.00162967	0.0627482
8.264	0.997162	-0.00155337	0.062741
8.2706	0.997162	-0.00162967	0.0627367
8.2771	0.996399	0.000582857	0.0627286
8.2837	0.995636	0.00203244	0.0627207
8.2903	0.994873	-0.00361331	0.0627128
8.2968	0.994873	-0.000866728	0.0627067
8.3034	0.99411	0.000659151	0.0626974
8.3099	0.993347	-0.00300296	0.0626879
8.3165	0.992584	-0.00346072	0.0626809
8.323	0.991821	-0.00285037	0.0626725
8.3296	0.991058	-0.00162967	0.0626642
8.3361	0.990295	-0.00315555	0.0626544
8.3427	0.989532	-0.00201114	0.0626452
8.3492	0.988007	-0.00323184	0.0626351
8.3558	0.987244	-0.0012482	0.0626221
8.3623	0.986481	-0.0012482	0.0626143
8.3689	0.984955	-0.00292666	0.0626024
8.3755	0.984192	0.000811739	0.0625909
8.382	0.983429	-0.00178226	0.0625819
8.3886	0.981903	4.87992e-05	0.0625679
8.3951	0.980377	-0.00330813	0.0625579
8.4017	0.979614	0.00218503	0.0625454
8.4082	0.978088	-0.00346072	0.0625321
8.4148	0.976562	-0.00452884	0.0625234
8.4213	0.9758	0.000735445	0.0625098
8.4279	0.974274	0.00332944	0.0624928
8.4344	0.972748	-0.000256377	0.0624781
8.441	0.971222	-0.00391849	0.062464
8.4475	0.969696	-0.00788577	0.0624516
8.4541	0.96817	-0.00895389	0.0624372
8.4606	0.966644	-0.00643619	0.0624239
8.4672	0.965118	-0.00460513	0.0624086
8.4738	0.963593	-0.000103789	0.0623924
8.4803	0.961304	0.0013458	0.0623781
8.4869	0.959778	-0.00452884	0.0623631
8.4934	0.958252	-0.00468143	0.0623451
8.5	0.955963	-0.000561552	0.0623292
8.5065	0.954437	-0.00323184	0.0623137
8.5131	0.952911	-0.000637846	0.0622958
8.5196	0.950623	-0.00513919	0.0622791
8.5262	0.949097	-0.000561552	0.06226
8.5327	0.946808	-0.00483401	0.062243
8.5393	0.944519	-0.00491031	0.0622247
8.5458	0.942993	-0.000866728	0.0622051
8.5524	0.940704	-0.00361331	0.062187
8.559	0.938416	-0.00460513	0.062167
8.5655	0.936127	-0.00231631	0.0621479
8.5721	0.933838	-0.00391849	0.0621273
8.5786	0.931549	-0.00330813	0.0621074
8.5852	0.92926	-0.0036896	0.0620874
8.5917	0.926971	-0.00445254	0.0620672
8.5983	0.924683	-0.00559695	0.0620433
8.6048	0.922394	-0.00323184	0.0620229
8.6114	0.920105	-0.00224002	0.0619993
8.6179	0.917053	-0.00346072	0.0619788
8.6245	0.914764	-0.00307925	0.0619557
8.631	0.912476	-0.00468143	0.0619299
8.6376	0.909424	-0.0036896	0.0619087
8.6441	0.907135	-0.00285037	0.0618846
8.6507	0.904846	-0.00239261	0.0618595
8.6573	0.901794	-0.00452884	0.0618343
8.6638	0.898743	-0.00407107	0.0618113
8.6704	0.896454	-0.00307925	0.0617855
8.6769	0.893402	-0.00300296	0.0617597
8.6835	0.89035	-0.00269778	0.061734
8.69	0.888062	-0.00437625	0.0617065
8.6966	0.88501	-0.00605472	0.0616806
8.7031	0.881958	-0.00544437	0.0616541
8.7097	0.878906	-0.00468143	0.0616287
8.7162	0.875854	-0.00635989	0.0615987
8.7228	0.872803	-0.00468143	0.0615701
8.7293	0.869751	-0.00643619	0.0615402
8.7359	0.866699	-0.00445254	0.0615117
8.7425	0.863647	-0.00613101	0.0614788
8.749	0.860596	-0.00605472	0.06145
8.7556	0.856781	-0.00468143	0.0614183
8.7621	0.853729	-0.00437625	0.0613892
8.7687	0.850677	-0.00346072	0.061355
8.7752	0.847626	-0.0049866	0.0613232
8.7818	0.843811	-0.00445254	0.0612916
8.7883	0.840759	-0.00590213	0.0612574
8.7949	0.836945	-0.00552066	0.0612246
8.8014	0.833893	-0.00574954	0.0611904
8.808	0.830078	-0.00452884	0.0611582
8.8145	0.827026	-0.00773318	0.0611201
8.8211	0.823212	-0.0062073	0.0610857
8.8276	0.819397	-0.00437625	0.0610501
8.8342	0.816345	-0.00483401	0.061011
8.8408	0.812531	-0.00590213	0.0609746
8.8473	0.808716	-0.0049866	0.0609385
8.8539	0.804901	-0.00834353	0.0609022
8.8604	0.801086	-0.00491031	0.0608633
8.867	0.797272	-0.00574954	0.0608223
8.8735	0.793457	-0.00681766	0.0607839
8.8801	0.789642	-0.00674136	0.0607427
8.8866	0.785828	-0.00582583	0.0607031
8.8932	0.782013	-0.00651248	0.0606622
8.8997	0.778198	-0.00719913	0.0606192
8.9063	0.774384	-0.00643619	0.0605761
8.9128	0.770569	-0.00712283	0.0605336
8.9194	0.765991	-0.00605472	0.0604876
8.926	0.762177	-0.00643619	0.0604437
8.9325	0.758362	-0.00712283	0.0603995
8.9391	0.753784	-0.00704654	0.0603514
8.9456	0.749969	-0.0062073	0.0603056
8.9522	0.745392	-0.00727542	0.060258
8.9587	0.741577	-0.00735171	0.0602082
8.9653	0.737	-0.00857242	0.0601614
8.9718	0.733185	-0.00658877	0.060113
8.9784	0.728607	-0.00704654	0.0600597
8.9849	0.72403	-0.00895389	0.0600084
8.9915	0.720215	-0.00819095	0.0599568
8.998	0.715637	-0.00849612	0.0599044
9.0046	0.71106	-0.00796206	0.0598497
9.0112	0.706482	-0.0107849	0.0597975
9.0177	0.702667	-0.00933536	0.0597413
9.0243	0.69809	-0.00666507	0.0596859
9.0308	0.693512	-0.00849612	0.0596283
9.0374	0.688934	-0.00803836	0.059573
9.0439	0.684357	-0.00986941	0.0595167
9.0505	0.679779	-0.00651248	0.0594562
9.057	0.675201	-0.0106324	0.0593954
9.0636	0.670624	-0.00895389	0.0593355
9.0701	0.666046	-0.00803836	0.059273
9.0767	0.660706	-0.0062073	0.0592118
9.0832	0.656128	-0.00986941	0.0591462
9.0898	0.65155	-0.010022	0.0590819
9.0963	0.646973	-0.0107086	0.059017
9.1029	0.641632	-0.0103272	0.0589505
9.1095	0.637054	-0.00788577	0.058881
9.116	0.632477	-0.0107849	0.0588118
9.1226	0.627136	-0.00979312	0.0587421
9.1291	0.622559	-0.0126923	0.0586712
9.1357	0.617218	-0.0109375	0.0585979
9.1422	0.61264	-0.0101746	0.0585254
9.1488	0.6073	-0.0112427	0.0584481
9.1553	0.602722	-0.0117005	0.058375
9.1619	0.597382	-0.0120056	0.0582981
9.1684	0.592804	-0.0123871	0.0582214
9.175	0.587463	-0.0110901	0.0581426
9.1815	0.582123	-0.0118531	0.05806
9.1881	0.577545	-0.0119293	0.0579786
9.1947	0.572205	-0.0131501	0.0578937
9.2012	0.566864	-0.0123108	0.0578089
9.2078	0.561523	-0.0137604	0.0577248
9.2143	0.556183	-0.0120056	0.0576362
9.2209	0.551605	-0.0120819	0.0575438
9.2274	0.546265	-0.0149048	0.057452
9.234	0.540924	-0.0150574	0.0573619
9.2405	0.535583	-0.0165833	0.0572688
9.2471	0.530243	-0.0140656	0.0571705
9.2536	0.524902	-0.0171173	0.0570746
9.2602	0.519562	-0.0155152	0.0569744
9.2667	0.514221	-0.0126923	0.0568739
9.2733	0.508881	-0.0123108	0.0567666
9.2798	0.50354	-0.0178803	0.0566642
9.2864	0.498199	-0.0155152	0.0565562
9.293	0.492096	-0.0165833	0.0564508
9.2995	0.486755	-0.0187195	0.0563445
9.3061	0.481415	-0.0184143	0.0562282
9.3126	0.476074	-0.0187958	0.0561173
9.3192	0.469971	-0.0185669	0.0559968
9.3257	0.46463	-0.0174988	0.0558798
9.3323	0.45929	-0.0175751	0.0557554
9.3388	0.453949	-0.0174988	0.0556328
9.3454	0.447845	-0.0181855	0.055505
9.3519	0.442505	-0.0210083	0.0553819
9.3585	0.436401	-0.0221527	0.0552486
9.365	0.431061	-0.0219239	0.0551171
9.3716	0.42572	-0.022992	0.0549814
9.3782	0.419617	-0.0220002	0.0548427
9.3847	0.414276	-0.0227631	0.0547061
9.3913	0.408173	-0.022992	0.0545586
9.3978	0.402832	-0.0237549	0.0544157
9.4044	0.396729	-0.0230683	0.0542657
9.4109	0.391388	-0.0213898	0.0541182
9.4175	0.385284	-0.0238312	0.053958
9.424	0.379181	-0.0217713	0.053799
9.4306	0.37384	-0.0216187	0.0536315
9.4371	0.367737	-0.0228394	0.0534677
9.4437	0.361633	-0.0210846	0.0532914
9.4502	0.356293	-0.0243653	0.0531183
9.4568	0.350189	-0.0267304	0.052938
9.4633	0.344086	-0.0275696	0.0527599
9.4699	0.338745	-0.0312317	0.0525698
9.4765	0.332642	-0.0310791	0.0523772
9.483	0.326538	-0.0316132	0.0521821
9.4896	0.320435	-0.032071	0.0519829
9.4961	0.314331	-0.033902	0.0517796
9.5027	0.30899	-0.0319947	0.0515683
9.5092	0.302887	-0.0350464	0.0513582
9.5158	0.296783	-0.0339783	0.0511391
9.5223	0.29068	-0.0393189	0.0509231
9.5289	0.284576	-0.0380219	0.050687
9.5354	0.278473	-0.0417603	0.0504516
9.542	0.272369	-0.0376404	0.0502085
9.5485	0.266266	-0.0421418	0.0499646
9.5551	0.260162	-0.0409973	0.0497047
9.5617	0.254059	-0.0433625	0.0494436
9.5682	0.248718	-0.0427521	0.0491799
9.5748	0.241852	-0.0489319	0.0489062
9.5813	0.236511	-0.0463379	0.0486202
9.5879	0.229645	-0.0497711	0.0483292
9.5944	0.224304	-0.0476349	0.0480328
9.601	0.217438	-0.05206	0.0477275
9.6075	0.211334	-0.051297	0.0474108
9.6141	0.205231	-0.0548828	0.0470867
9.6206	0.199127	-0.0537384	0.0467568
9.6272	0.193024	-0.0590027	0.0464152
9.6337	0.18692	-0.0594605	0.0460557
9.6403	0.180817	-0.0643433	0.0456847
9.6468	0.174713	-0.0597657	0.0453076
9.6534	0.16861	-0.0682343	0.0449123
9.66	0.162506	-0.0669373	0.0444996
9.6665	0.156403	-0.0695313	0.044081
9.6731	0.149536	-0.0699127	0.0436477
9.6796	0.143433	-0.078534	0.0431995
9.6862	0.137329	-0.0754822	0.0427209
9.6927	0.131226	-0.0821961	0.0422357
9.6993	0.125122	-0.0820435	0.0417254
9.7058	0.119019	-0.0915802	0.0411952
9.7124	0.112152	-0.0889099	0.0406349
9.7189	0.106049	-0.0966156	0.0400576
9.7255	0.0999451	-0.0953186	0.0394565
9.732	0.0938416	-0.105389	0.0388319
9.7386	0.087738	-0.105161	0.038159
9.7452	0.0808716	-0.110883	0.0374543
9.7517	0.0747681	-0.111111	0.0367456
9.7583	0.0686646	-0.121564	0.0359788
9.7648	0.062561	-0.120496	0.0351969
9.7714	0.0564575	-0.127362	0.0343606
9.7779	0.0495911	-0.129041	0.0335215
9.7845	0.0434875	-0.139035	0.0326137
9.791	0.037384	-0.141705	0.0316881
9.7976	0.0312805	-0.148572	0.0306939
9.8041	0.025177	-0.152005	0.0296968
9.8107	0.0183105	-0.162228	0.0286192
9.8172	0.012207	-0.167798	0.0275278
9.8238	0.00610352	-0.175732	0.0263707
9.8304	0	-0.180157	0.025189
9.8369	-0.00686646	-0.19122	0.0239551
9.8435	-0.01297	-0.199155	0.0226569
9.85	-0.0190735	-0.206174	0.0213185
9.8566	-0.025177	-0.213803	0.0199198
9.8631	-0.0320435	-0.220898	0.0184759
9.8697	-0.038147	-0.231732	0.0169771
9.8762	-0.0442505	-0.237683	0.0154325
9.8828	-0.050354	-0.250501	0.0138393
9.8893	-0.0564575	-0.256223	0.0121875
9.8959	-0.063324	-0.269879	0.0104731
9.9024	-0.0694275	-0.272321	0.00872436
9.909	-0.075531	-0.285672	0.00690971
9.9155	-0.0816345	-0.288495	0.00506422
9.9221	-0.088501	-0.296353	0.00314972
9.9287	-0.0946045	-0.299405	0.00120213
9.9352	-0.100708	-0.309552	-0.00074682
9.9418	-0.106812	-0.312604	-0.00277638
9.9483	-0.112915	-0.31741	-0.0047962
9.9549	-0.119781	-0.316953	-0.00687196
9.9614	-0.125885	-0.32298	-0.00893747
9.968	-0.131989	-0.322598	-0.0110484
9.9745	-0.138092	-0.323361	-0.0131409
9.9811	-0.144196	-0.32359	-0.0152602
9.9876	-0.150299	-0.325726	-0.0173652
9.9942	-0.156403	-0.320309	-0.0195047
10.0007	-0.163269	-0.323209	-0.0216128
10.0073	-0.169373	-0.318478	-0.0237466
10.0139	-0.175476	-0.320538	-0.0258834
10.0204	-0.18158	-0.319699	-0.0279791
10.027	-0.187683	-0.317181	-0.0301028
10.0335	-0.193787	-0.314282	-0.0321767
10.0401	-0.19989	-0.31535	-0.0342826
10.0466	-0.205994	-0.313443	-0.0363456
10.0532	-0.212097	-0.310162	-0.0384331
10.0597	-0.218201	-0.308331	-0.0404673
10.0663	-0.224304	-0.306653	-0.0425267
10.0728	-0.230408	-0.304211	-0.0445357
10.0794	-0.236511	-0.299939	-0.046557
10.0859	-0.242615	-0.298718	-0.0485236
10.0925	-0.248718	-0.294141	-0.0505067
10.099	-0.254822	-0.290936	-0.0524342
10.1056	-0.260925	-0.287961	-0.0543717
10.1122	-0.267029	-0.283002	-0.056278
10.1187	-0.273132	-0.279263	-0.0581362
10.1253	-0.279236	-0.276059	-0.059992
10.1318	-0.285339	-0.271176	-0.061793
10.1384	-0.291443	-0.264996	-0.0635875
10.1449	-0.297546	-0.263089	-0.0653303
10.1515	-0.30365	-0.257901	-0.0670719
10.158	-0.30899	-0.253705	-0.0687597
10.1646	-0.315094	-0.249738	-0.0704376
10.1711	-0.321198	-0.248212	-0.072065
10.1777	-0.327301	-0.241269	-0.0736825
10.1842	-0.333405	-0.238751	-0.075247
10.1908	-0.338745	-0.233411	-0.0768002
10.1974	-0.344849	-0.231122	-0.0783271
10.2039	-0.350952	-0.224637	-0.0797986
10.2105	-0.357056	-0.221585	-0.0812628
10.217	-0.362396	-0.214261	-0.0826711
10.2236	-0.3685	-0.212888	-0.0840679
10.2301	-0.374603	-0.205563	-0.0854156
10.2367	-0.379944	-0.201291	-0.086747
10.2432	-0.386047	-0.194501	-0.0880254
10.2498	-0.391388	-0.190228	-0.0892876
10.2563	-0.397491	-0.185345	-0.0905076
10.2629	-0.403595	-0.180386	-0.0917092
10.2694	-0.408936	-0.176877	-0.0928632
10.276	-0.415039	-0.168942	-0.0939976
10.2825	-0.42038	-0.165204	-0.0950871
10.2891	-0.426483	-0.158719	-0.0961586
10.2957	-0.431824	-0.153989	-0.0971991
10.3022	-0.437164	-0.146436	-0.098188
10.3088	-0.443268	-0.143994	-0.0991642
10.3153	-0.448608	-0.142087	-0.100093
10.3219	-0.454712	-0.135449	-0.101008
10.3284	-0.460052	-0.129803	-0.101872
10.335	-0.465393	-0.128888	-0.10272
10.3415	-0.470734	-0.12164	-0.10353
10.3481	-0.476837	-0.118359	-0.104319
10.3546	-0.482178	-0.114774	-0.105069
10.3612	-0.487518	-0.108289	-0.1058
10.3677	-0.492859	-0.103558	-0.106497
10.3743	-0.498199	-0.0995148	-0.107178
10.3809	-0.504303	-0.0960053	-0.107835
10.3874	-0.509644	-0.0919617	-0.108449
10.394	-0.514984	-0.0928009	-0.109054
10.4005	-0.520325	-0.084256	-0.109626
10.4071	-0.525665	-0.0837982	-0.110179
10.4136	-0.531006	-0.0812805	-0.110705
10.4202	-0.536346	-0.0741852	-0.111217
10.4267	-0.541687	-0.069989	-0.111704
10.4333	-0.547028	-0.0701416	-0.112179
10.4398	-0.551605	-0.0666321	-0.112628
10.4464	-0.556946	-0.0638855	-0.113062
10.4529	-0.562286	-0.0631226	-0.113472
10.4595	-0.567627	-0.0611389	-0.113875
10.466	-0.572968	-0.0553406	-0.114254
10.4726	-0.577545	-0.0525177	-0.114626
10.4792	-0.582886	-0.054654	-0.114982
10.4857	-0.588226	-0.0517548	-0.115319
10.4923	-0.593567	-0.048169	-0.115648
10.4988	-0.598145	-0.0499237	-0.115961
10.5054	-0.603485	-0.0445832	-0.116266
10.5119	-0.608063	-0.0405396	-0.116557
10.5185	-0.613403	-0.042981	-0.116843
10.525	-0.617981	-0.0416077	-0.117112
10.5316	-0.623322	-0.0394715	-0.117375
10.5381	-0.627899	-0.0396241	-0.117626
10.5447	-0.63324	-0.032071	-0.117873
10.5512	-0.637817	-0.0384034	-0.11811
10.5578	-0.642395	-0.0332917	-0.11834
10.5644	-0.647736	-0.0338257	-0.118562
10.5709	-0.652313	-0.0318421	-0.118773
10.5775	-0.656891	-0.0298584	-0.118984
10.584	-0.661469	-0.0319184	-0.119183
10.5906	-0.666046	-0.0278748	-0.119378
10.5971	-0.671387	-0.0287903	-0.119563
10.6037	-0.675964	-0.0239838	-0.119749
10.6102	-0.680542	-0.0276459	-0.119925
10.6168	-0.68512	-0.0266541	-0.120095
10.6233	-0.689697	-0.0265778	-0.120264
10.6299	-0.694275	-0.0214661	-0.120427
10.6364	-0.698853	-0.0232971	-0.120588
10.643	-0.702667	-0.0220764	-0.120742
10.6496	-0.707245	-0.0244416	-0.120892
10.6561	-0.711823	-0.0207794	-0.121039
10.6627	-0.7164	-0.0231446	-0.121183
10.6692	-0.720978	-0.0194062	-0.12132
10.6758	-0.724792	-0.0212372	-0.121456
10.6823	-0.72937	-0.0194062	-0.121588
10.6889	-0.733948	-0.0200928	-0.121715
10.6954	-0.737762	-0.0208557	-0.121842
10.702	-0.74234	-0.0162018	-0.121968
10.7085	-0.746155	-0.0210846	-0.122085
10.7151	-0.750732	-0.0178803	-0.122204
10.7216	-0.754547	-0.0161255	-0.122317
10.7282	-0.758362	-0.0181092	-0.122431
10.7347	-0.762939	-0.0171173	-0.12254
10.7413	-0.766754	-0.0139893	-0.122648
10.7479	-0.770569	-0.017041	-0.122754
10.7544	-0.775146	-0.0150574	-0.122855
10.761	-0.778961	-0.0147522	-0.122956
10.7675	-0.782776	-0.0159729	-0.123051
10.7741	-0.786591	-0.01521	-0.12315
10.7806	-0.790405	-0.0144471	-0.123246
10.7872	-0.79422	-0.0156678	-0.123338
10.7937	-0.798035	-0.0136841	-0.123429
10.8003	-0.801849	-0.0142945	-0.123521
10.8068	-0.805664	-0.0134552	-0.123606
10.8134	-0.809479	-0.0118531	-0.123695
10.8199	-0.813293	-0.0121582	-0.123778
10.8265	-0.816345	-0.0141419	-0.123862
10.8331	-0.82016	-0.0123108	-0.123945
10.8396	-0.823975	-0.0113953	-0.124023
10.8462	-0.827789	-0.00956424	-0.124102
10.8527	-0.830841	-0.0132263	-0.124175
10.8593	-0.834656	-0.0088013	-0.124252
10.8658	-0.837708	-0.0129212	-0.124329
10.8724	-0.841522	-0.012616	-0.124401
10.8789	-0.844574	-0.00971683	-0.124473
10.8855	-0.848389	-0.00956424	-0.124543
10.892	-0.85144	-0.0100983	-0.124611
10.8986	-0.854492	-0.0103272	-0.124677
10.9051	-0.857544	-0.0107086	-0.124747
10.9117	-0.861359	-0.00971683	-0.12481
10.9182	-0.86441	-0.00895389	-0.124875
10.9248	-0.867462	-0.0110138	-0.124937
10.9314	-0.870514	-0.00841983	-0.125001
10.9379	-0.873566	-0.00986941	-0.125061
10.9445	-0.876617	-0.00689395	-0.125121
10.951	-0.879669	-0.0105561	-0.125178
10.9576	-0.882721	-0.00635989	-0.125238
10.9641	-0.885773	-0.00819095	-0.125294
10.9707	-0.888824	-0.00742801	-0.125352
10.9772	-0.891113	-0.00903018	-0.125405
10.9838	-0.894165	-0.0107849	-0.125461
10.9903	-0.897217	-0.0075806	-0.125512
10.9969	-0.899506	-0.00697024	-0.125566
11.0034	-0.902557	-0.00674136	-0.125616
11.01	-0.904846	-0.00727542	-0.125669
11.0166	-0.907898	-0.00941165	-0.125717
11.0231	-0.910187	-0.00605472	-0.125767
11.0297	-0.913239	-0.00559695	-0.125816
11.0362	-0.915527	-0.00964053	-0.125861
11.0428	-0.917816	-0.00681766	-0.12591
11.0493	-0.920868	-0.00475772	-0.125955
11.0559	-0.923157	-0.00887759	-0.126
11.0624	-0.925446	-0.0050629	-0.126044
11.069	-0.927734	-0.00765689	-0.126087
11.0755	-0.930023	-0.00727542	-0.126132
11.0821	-0.932312	-0.00727542	-0.126175
11.0886	-0.934601	-0.00742801	-0.126214
11.0952	-0.93689	-0.00735171	-0.126258
11.1017	-0.939178	-0.00552066	-0.126294
11.1083	-0.941467	-0.00597842	-0.126335
11.1149	-0.942993	-0.00437625	-0.126375
11.1214	-0.945282	-0.00712283	-0.126411
11.128	-0.947571	-0.00803836	-0.126448
11.1345	-0.949097	-0.00323184	-0.126486
11.1411	-0.951385	-0.00719913	-0.126519
11.1476	-0.953674	-0.00285037	-0.126555
11.1542	-0.9552	-0.00803836	-0.126592
11.1607	-0.956726	-0.00285037	-0.126624
11.1673	-0.959015	-0.00697024	-0.126657
11.1738	-0.960541	-0.00666507	-0.126691
11.1804	-0.962067	-0.00353702	-0.126721
11.1869	-0.964355	-0.00422366	-0.126751
11.1935	-0.965881	-0.00834353	-0.126783
11.2001	-0.967407	-0.00803836	-0.126815
11.2066	-0.968933	-0.00719913	-0.126845
11.2132	-0.970459	-0.00651248	-0.126875
11.2197	-0.971985	-0.00796206	-0.126903
11.2263	-0.973511	-0.00918277	-0.126931
11.2328	-0.975037	-0.0107849	-0.126954
11.2394	-0.976562	-0.0075806	-0.126977
11.2459	-0.977325	-0.000256377	-0.127004
11.2525	-0.978851	0.000201387	-0.127036
11.259	-0.980377	-0.00674136	-0.12706
11.2656	-0.98114	-0.0036896	-0.127081
11.2721	-0.982666	-0.00071414	-0.12711
11.2787	-0.984192	-0.00452884	-0.12713
11.2852	-0.984955	-0.0012482	-0.127157
11.2918	-0.985718	-0.00384219	-0.127177
11.2984	-0.987244	-0.00605472	-0.1272
11.3049	-0.988007	-0.000637846	-0.127219
11.3115	-0.98877	-0.0036896	-0.127237
11.318	-0.990295	-0.0036896	-0.127258
11.3246	-0.991058	-0.00491031	-0.12728
11.3311	-0.991821	-0.00399478	-0.127301
11.3377	-0.992584	-0.00315555	-0.127318
11.3442	-0.993347	-0.000943022	-0.127336
11.3508	-0.99411	-0.000561552	-0.127354
11.3573	-0.994873	-0.0049866	-0.127371
11.3639	-0.995636	-0.00681766	-0.127384
11.3704	-0.995636	-0.0011719	-0.127398
11.377	-0.996399	-0.00101932	-0.127418
11.3836	-0.997162	-0.00101932	-0.127433
11.3901	-0.997162	-0.0011719	-0.127445
11.3967	-0.997925	-0.000637846	-0.127461
11.4032	-0.998688	-0.00185855	-0.127475
11.4098	-0.998688	-0.00208743	-0.127485
11.4163	-0.999451	-0.00613101	-0.127497
11.4229	-0.999451	-0.00254519	-0.12751
11.4294	-0.999451	-0.00147708	-0.12752
11.436	-1.00021	-0.00346072	-0.127533
11.4425	-1.00021	-0.00170596	-0.127543
11.4491	-1.00021	-0.00132449	-0.127551
11.4556	-1.00021	-0.0012482	-0.127559
11.4622	-1.00021	-0.000943022	-0.127568
11.4688	-1.00021	-0.00254519	-0.127576
11.4753	-1.00021	-0.00170596	-0.127584
11.4819	-1.00021	-0.00071414	-0.127592
11.4884	-1.00021	-0.00147708	-0.127601
11.495	-1.00021	-0.00216373	-0.127609
11.5015	-1.00021	-0.00147708	-0.127616
11.5081	-0.999451	0.000353975	-0.127621
11.5146	-0.999451	-2.74947e-05	-0.127628
11.5212	-0.999451	0.000353975	-0.127636
11.5277	-0.998688	-0.00170596	-0.127638
11.5343	-0.998688	-0.00101932	-0.127645
11.5408	-0.997925	0.000125093	-0.127649
11.5474	-0.997925	0.000201387	-0.127656
11.5539	-0.997162	-0.00208743	-0.12766
11.5605	-0.996399	-0.00407107	-0.127663
11.5671	-0.995636	0.00241391	-0.127667
11.5736	-0.995636	0.000201387	-0.127672
11.5802	-0.994873	-0.000943022	-0.127674
11.5867	-0.99411	0.000659151	-0.127676
11.5933	-0.993347	0.00187985	-0.12768
11.5998	-0.992584	-0.000866728	-0.127682
11.6064	-0.991821	4.87992e-05	-0.127686
11.6129	-0.991058	0.000659151	-0.127686
11.6195	-0.990295	-0.000485258	-0.127688
11.626	-0.98877	0.00233762	-0.127689
11.6326	-0.988007	-0.0012482	-0.127688
11.6391	-0.987244	0.000353975	-0.127692
11.6457	-0.985718	0.000125093	-0.127692
11.6523	-0.984955	-0.0024689	-0.127691
11.6588	-0.984192	0.000353975	-0.127694
11.6654	-0.982666	-0.00239261	-0.127691
11.6719	-0.98114	0.00165097	-0.127693
11.6785	-0.980377	-0.00315555	-0.127691
11.685	-0.978851	0.0013458	-0.127689
11.6916	-0.977325	0.00340573	-0.127691
11.6981	-0.976562	-0.00429996	-0.127688
11.7047	-0.975037	-0.00567325	-0.127685
11.7112	-0.973511	-0.00170596	-0.127682
11.7178	-0.971985	0.00447385	-0.127679
11.7243	-0.970459	0.0063812	-0.127678
11.7309	-0.968933	0.00569455	-0.127676
11.7374	-0.967407	0.00294797	-0.127675
11.744	-0.965881	0.00302426	-0.12767
11.7506	-0.964355	-0.000408964	-0.127666
11.7571	-0.962067	-0.00254519	-0.127665
11.7637	-0.960541	0.00187985	-0.127662
11.7702	-0.959015	0.00332944	-0.127656
11.7768	-0.956726	-0.00162967	-0.127652
11.7833	-0.9552	0.0013458	-0.127648
11.7899	-0.953674	-2.74947e-05	-0.127641
11.7964	-0.951385	0.00218503	-0.127635
11.803	-0.94986	-0.000790434	-0.127628
11.8095	-0.947571	0.00233762	-0.127623
11.8161	-0.945282	0.000582857	-0.127617
11.8226	-0.943756	-0.0012482	-0.127609
11.8292	-0.941467	0.00233762	-0.127602
11.8358	-0.939178	0.000353975	-0.127594
11.8423	-0.93689	0.000506563	-0.127587
11.8489	-0.934601	0.00172727	-0.127579
11.8554	-0.932312	0.00142209	-0.12757
11.862	-0.930023	0.00310056	-0.127561
11.8685	-0.927734	0.00203244	-0.127551
11.8751	-0.925446	0.00149838	-0.12754
11.8816	-0.923157	0.00294797	-0.127531
11.8882	-0.920868	0.0012695	-0.12752
11.8947	-0.917816	0.000277681	-0.127511
11.9013	-0.915527	0.00111691	-0.127499
11.9078	-0.913239	0.00249021	-0.127486
11.9144	-0.910187	0.00203244	-0.127476
11.9209	-0.907898	0.00233762	-0.127464
11.9275	-0.905609	-0.000180083	-0.12745
11.9341	-0.902557	0.00310056	-0.127436
11.9406	-0.899506	0.00104062	-0.127426
11.9472	-0.897217	0.00111691	-0.127411
11.9537	-0.894165	-0.000561552	-0.127397
11.9603	-0.891113	0.00203244	-0.127382
11.9668	-0.888824	0.00294797	-0.127368
11.9734	-0.885773	0.00554196	-0.127354
11.9799	-0.882721	0.00401608	-0.127338
11.9865	-0.879669	0.0038635	-0.127322
11.993	-0.876617	0.00310056	-0.127304
11.9996	-0.873566	0.00393979	-0.127288
12.0061	-0.870514	0.00393979	-0.127271
12.0127	-0.867462	0.00325314	-0.127255
12.0193	-0.86441	0.00432126	-0.127235
12.0258	-0.861359	0.00432126	-0.127218
12.0324	-0.857544	0.00409238	-0.127199
12.0389	-0.854492	0.00310056	-0.12718
12.0455	-0.85144	0.00226132	-0.12716
12.052	-0.848389	0.00317685	-0.12714
12.0586	-0.844574	0.00226132	-0.127121
12.0651	-0.841522	0.00287168	-0.127097
12.0717	-0.837708	0.00599973	-0.127076
12.0782	-0.834656	0.00325314	-0.127053
12.0848	-0.830841	0.00393979	-0.12703
12.0913	-0.827789	0.00516049	-0.127005
12.0979	-0.823975	0.00363461	-0.126984
12.1044	-0.82016	0.00203244	-0.126961
12.111	-0.817108	0.0038635	-0.126934
12.1176	-0.813293	0.0050842	-0.12691
12.1241	-0.809479	0.00455014	-0.126884
12.1307	-0.805664	0.00546567	-0.126858
12.1372	-0.801849	0.0037872	-0.126832
12.1438	-0.798035	0.0038635	-0.126804
12.1503	-0.79422	0.0050842	-0.126776
12.1569	-0.790405	0.00439755	-0.126746
12.1634	-0.786591	0.00554196	-0.126717
12.17	-0.782776	0.00615231	-0.126686
12.1765	-0.778961	0.00493161	-0.126655
12.1831	-0.775146	0.00432126	-0.126625
12.1896	-0.771332	0.00615231	-0.126595
12.1962	-0.766754	0.00500791	-0.126562
12.2028	-0.762939	0.00401608	-0.12653
12.2093	-0.759125	0.0063812	-0.126499
12.2159	-0.754547	0.00584714	-0.126463
12.2224	-0.750732	0.00439755	-0.126429
12.229	-0.746155	0.00645749	-0.126394
12.2355	-0.74234	0.00653378	-0.126357
12.2421	-0.737762	0.00569455	-0.126321
12.2486	-0.733948	0.00729672	-0.126284
12.2552	-0.72937	0.00455014	-0.126244
12.2617	-0.724792	0.00554196	-0.126206
12.2683	-0.720978	0.00767819	-0.126166
12.2748	-0.7164	0.0063812	-0.126127
12.2814	-0.711823	0.00661008	-0.126085
12.288	-0.707245	0.00844113	-0.126041
12.2945	-0.70343	0.00691525	-0.126001
12.3011	-0.698853	0.00325314	-0.125957
12.3076	-0.694275	0.00729672	-0.125912
12.3142	-0.689697	0.00676267	-0.125866
12.3207	-0.68512	0.00783078	-0.125821
12.3273	-0.680542	0.00531308	-0.125772
12.3338	-0.675964	0.00783078	-0.125727
12.3404	-0.671387	0.00645749	-0.125677
12.3469	-0.666809	0.0088989	-0.125629
12.3535	-0.661469	0.00516049	-0.125579
12.36	-0.656891	0.00775449	-0.125527
12.3666	-0.652313	0.00767819	-0.125475
12.3731	-0.647736	0.0101196	-0.125422
12.3797	-0.642395	0.00737302	-0.125368
12.3863	-0.637817	0.00844113	-0.12531
12.3928	-0.63324	0.00714414	-0.125252
12.3994	-0.627899	0.00722043	-0.125195
12.4059	-0.623322	0.01073	-0.125137
12.4125	-0.617981	0.00790708	-0.125077
12.419	-0.613403	0.00935666	-0.125015
12.4256	-0.608063	0.0088989	-0.12495
12.4321	-0.603485	0.00966184	-0.124889
12.4387	-0.598145	0.0108825	-0.124823
12.4452	-0.593567	0.00920407	-0.12476
12.4518	-0.588226	0.00996701	-0.124689
12.4583	-0.582886	0.00905148	-0.124619
12.4649	-0.578308	0.00950925	-0.124552
12.4715	-0.572968	0.0115692	-0.124479
12.478	-0.567627	0.0117981	-0.12441
12.4846	-0.562286	0.0126373	-0.124337
12.4911	-0.556946	0.0101196	-0.124262
12.4977	-0.552368	0.0104248	-0.124183
12.5042	-0.547028	0.0111877	-0.124104
12.5108	-0.541687	0.011264	-0.124024
12.5173	-0.536346	0.0153076	-0.123941
12.5239	-0.531006	0.0137817	-0.123858
12.5304	-0.525665	0.0159179	-0.123777
12.537	-0.520325	0.0133239	-0.123689
12.5435	-0.514984	0.0124084	-0.1236
12.5501	-0.509644	0.0127136	-0.123507
12.5566	-0.504303	0.0153076	-0.123418
12.5632	-0.498962	0.0129425	-0.12332
12.5698	-0.492859	0.0163757	-0.123225
12.5763	-0.487518	0.0182831	-0.123126
12.5829	-0.482178	0.0160705	-0.123028
12.5894	-0.476837	0.0174438	-0.122931
12.596	-0.470734	0.0160705	-0.122827
12.6025	-0.465393	0.0152313	-0.122722
12.6091	-0.460052	0.0162231	-0.122611
12.6156	-0.454712	0.0156128	-0.122502
12.6222	-0.448608	0.0150024	-0.122386
12.6287	-0.443268	0.0185119	-0.122273
12.6353	-0.437164	0.017749	-0.122147
12.6418	-0.431824	0.0197326	-0.122033
12.6484	-0.426483	0.0201141	-0.121908
12.655	-0.42038	0.0211059	-0.121783
12.6615	-0.415039	0.0235473	-0.121656
12.6681	-0.408936	0.0225555	-0.121524
12.6746	-0.403595	0.0230896	-0.121392
12.6812	-0.397491	0.0232422	-0.121253
12.6877	-0.392151	0.0217163	-0.121112
12.6943	-0.386047	0.0204956	-0.120968
12.7008	-0.379944	0.020877	-0.120825
12.7074	-0.374603	0.0200378	-0.120675
12.7139	-0.3685	0.0224792	-0.120525
12.7205	-0.362396	0.0200378	-0.120364
12.727	-0.357056	0.0225555	-0.120208
12.7336	-0.350952	0.0227844	-0.120041
12.7401	-0.344849	0.0252258	-0.119874
12.7467	-0.339508	0.0254547	-0.119695
12.7533	-0.333405	0.0269043	-0.119524
12.7598	-0.327301	0.0265228	-0.119344
12.7664	-0.321198	0.0297271	-0.119159
12.7729	-0.315094	0.0282776	-0.118965
12.7795	-0.309753	0.0287353	-0.118773
12.786	-0.30365	0.031253	-0.118573
12.7926	-0.297546	0.0337707	-0.118368
12.7991	-0.291443	0.03461	-0.118156
12.8057	-0.285339	0.0339996	-0.117944
12.8122	-0.279236	0.0365936	-0.117725
12.8188	-0.273132	0.035144	-0.117502
12.8253	-0.267029	0.0385009	-0.117268
12.8319	-0.260925	0.0389587	-0.117032
12.8385	-0.254822	0.0400268	-0.116784
12.845	-0.249481	0.0404083	-0.116535
12.8516	-0.242615	0.0467407	-0.116267
12.8581	-0.237274	0.0422393	-0.116006
12.8647	-0.230408	0.0475036	-0.11573
12.8712	-0.225067	0.0449859	-0.115454
12.8778	-0.218201	0.0502502	-0.115158
12.8843	-0.212097	0.0501739	-0.114861
12.8909	-0.205994	0.0535309	-0.114545
12.8974	-0.19989	0.0521576	-0.114229
12.904	-0.193787	0.0579559	-0.113891
12.9105	-0.187683	0.055133	-0.113562
12.9171	-0.18158	0.0594055	-0.113213
12.9236	-0.175476	0.0572693	-0.11286
12.9302	-0.169373	0.0626098	-0.112478
12.9368	-0.163269	0.0610077	-0.112099
12.9433	-0.157166	0.066806	-0.111697
12.9499	-0.150299	0.0663482	-0.111283
12.9564	-0.144196	0.0736725	-0.110845
12.963	-0.138092	0.0688659	-0.110405
12.9695	-0.131989	0.0767242	-0.109942
12.9761	-0.125885	0.0790893	-0.109459
12.9826	-0.119781	0.0840484	-0.108945
12.9892	-0.112915	0.0853454	-0.108419
12.9957	-0.106812	0.0907623	-0.107862
13.0023	-0.100708	0.0938904	-0.107278
13.0088	-0.0946045	0.094577	-0.106661
13.0154	-0.088501	0.0980102	-0.106039
13.022	-0.0816345	0.10213	-0.105368
13.0285	-0.075531	0.106784	-0.104691
13.0351	-0.0694275	0.110751	-0.103946
13.0416	-0.063324	0.117465	-0.103205
13.0482	-0.0572205	0.121661	-0.102392
13.0547	-0.050354	0.128223	-0.101569
13.0613	-0.0442505	0.130588	-0.100675
13.0678	-0.038147	0.137836	-0.0997904
13.0744	-0.0320435	0.141727	-0.0988265
13.0809	-0.0259399	0.154315	-0.0978482
13.0875	-0.0190735	0.154926	-0.0967919
13.094	-0.01297	0.166522	-0.0957208
13.1006	-0.00686646	0.173694	-0.0945757
