0	0	-0.0069118	0
0.0131	0.012207	-0.0140071	-0.00833588
0.0262	0.0244141	0.232651	-0.00644602
0.0393	0.037384	0.221055	-0.00489937
0.0524	0.0495911	0.247147	-0.00303128
0.0655	0.062561	0.255616	-0.000855276
0.0786	0.0747681	0.293534	0.00282123
0.0917	0.087738	0.304062	0.00716132
0.1048	0.0999451	0.324051	0.0111178
0.1179	0.112152	0.292618	0.0133879
0.131	0.125122	0.259736	0.0168852
0.1441	0.137329	0.241959	0.020207
0.1572	0.149536	0.24936	        0.02333
0.1703	0.162506	0.230973	0.026085
0.1835	0.174713	0.206635	0.0288055
0.1966	0.18692	        0.18985	        0.0313308
0.2097	0.199127	0.175126	0.0337035
0.2228	0.211334	0.170624	0.0358558
0.2359	0.223541	0.166123	0.037918
0.249	0.235748	0.162384	0.0398393
0.2621	0.247955	0.148804	0.0416894
0.2752	0.260162	0.140564	0.0433917
0.2883	0.272369	0.13118	        0.0450347
0.3014	0.284576	0.120728	0.0465696
0.3145	0.296783	0.106232	0.0480268
0.3276	0.308228	0.0959324	0.049355
0.3407	0.320435	0.0920414	0.0506406
0.3538	0.332642	0.0886845	0.051846
0.367	0.344086	0.0883793	0.0530208
0.3801	0.356293	0.0823521	0.0540922
0.3932	0.367737	0.0876927	0.0551296
0.4063	0.379181	0.0812077	0.0561129
0.4194	0.390625	0.0681614	0.0570608
0.4325	0.402832	0.0626683	0.0579258
0.4456	0.414276	0.0562596	0.0587607
0.4587	0.42572 	0.0578618	0.0595508
0.4718	0.436401	0.0616002	0.0603147
0.4849	0.447845	0.0623631	0.0610212
0.498	0.45929	        0.0526738	0.0617018
0.5111	0.469971	0.0419926	0.0623573
0.5242	0.481415	0.0410008	0.0629928
0.5373	0.492096	0.0329136	0.0635955
0.5505	0.50354	        0.0481724	0.0641601
0.5636	0.514221	0.0493931	0.0646864
0.5767	0.524902	0.0343632	0.0651869
0.5898	0.535583	0.0260472	0.0657043
0.6029	0.546265	0.0455784	0.066178
0.616	0.556183	0.0466466	0.0665969
0.6291	0.566864	0.0219273	0.0670244
0.6422	0.576782	0.0117039	0.0674769
0.6553	0.587463	0.0464177	0.0678764
0.6684	0.597382	0.0386357	0.0682094
0.6815	0.6073	        0.0126195	0.0685898
0.6946	0.617218	0.0356602	0.0689465
0.7077	0.627136	0.0249791	0.0692514
0.7208	0.637054	0.0168156	0.0696082
0.734	0.646973	0.0287938	0.069901
0.7471	0.656128	0.0175023	0.0701956
0.7602	0.665283	0.0263524	0.070489
0.7733	0.675201	0.0173497	0.0707569
0.7864	0.684357	0.0236058	0.0710355
0.7995	0.693512	0.014832	0.071271
0.8126	0.701904	0.0202488	0.0715235
0.8257	0.71106	        0.0124669	0.0717556
0.8388	0.720215	0.0175786	0.0719818
0.8519	0.728607	0.0136876	0.0721983
0.865	0.737	        0.0171208	0.072409
0.8781	0.745392	0.0198674	0.0726241
0.8912	0.753784	0.0171971	0.0728135
0.9043	0.762177	0.0181126	0.0730014
0.9175	0.769806	0.0138402	0.0731973
0.9306	0.778198	0.0165104	0.0733697
0.9437	0.785828	0.0118565	0.0735336
0.9568	0.793457	0.0168156	0.0736971
0.9699	0.801086	0.0102543	0.0738498
0.983	0.808716	0.0117039	0.0740024
0.9961	0.815582	0.00857587	0.0741416
1.0092	0.823212	0.0152134	0.0742859
1.0223	0.830078	0.0110936	0.0744295
1.0354	0.836945	0.00743146	0.0745507
1.0485	0.843811	0.010178	0.074678
1.0616	0.850677	0.0104832	0.0747991
1.0747	0.856781	0.0094914	0.0749188
1.0878	0.863647	0.00537153	0.0750296
1.101	0.869751	0.00422712	0.0751372
1.1141	0.875854	0.00674482	0.0752413
1.1272	0.881958	0.00605817	0.075345
1.1403	0.888062	0.00605817	0.075438
1.1534	0.893402	0.00903364	0.0755281
1.1665	0.898743	0.00613447	0.0756177
1.1796	0.904083	0.00499006	0.0757073
1.1927	0.909424	0.00499006	0.0757813
1.2058	0.914764	0.00621076	0.0758599
1.2189	0.920105	0.00994916	0.0759354
1.232	0.924683	0.00201459	0.0760096
1.2451	0.92926	        0.0082707	0.076079
1.2582	0.933838	0.00384565	0.076146
1.2713	0.938416	0.00437971	0.0762085
1.2845	0.94223  	0.00422712	0.0762677
1.2976	0.946808	0.00857587	0.0763197
1.3107	0.950623	0.00224348	0.0763747
1.3238	0.954437	0.0107121	0.0764286
1.3369	0.958252	0.000870185	0.0764732
1.35	0.961304	0.000412421	0.0765137
1.3631	0.965118	0.00666852	0.0765638
1.3762	0.96817	        0.00735517	0.0766038
1.3893	0.971222	0.00811811	0.0766411
1.4024	0.974274	0.00727888	0.0766709
1.4155	0.976562	-0.00416522	0.0767138
1.4286	0.979614	0.00560041	0.0767349
1.4417	0.981903	0.0110936	0.0767729
1.4548	0.984192	0.000488715	0.0768046
1.468	0.986481	0.00346418	0.07682
1.4811	0.988007	0.000717597	0.076823
1.4942	0.990295	0.00354047	0.0768461
1.5073	0.991821	-0.00157122	0.0768576
1.5204	0.993347	0.00262495	0.0768701
1.5335	0.994873	0.00178571	0.0768766
1.5466	0.995636	0.00415082	0.0768901
1.5597	0.996399	0.00346418	0.0768938
1.5728	0.997925	0.00682111	0.0768967
1.5859	0.998688	0.010941	0.0768952
1.599	0.998688	-0.000655694	0.0768929
1.6121	0.999451	-0.00195269	0.0768888
1.6252	0.999451	-0.000655694	0.0768795
1.6384	0.999451	-0.00111346	0.0768698
1.6515	0.999451	-0.000426812	0.0768598
1.6646	0.999451	-0.000655694	0.0768499
1.6777	0.998688	-0.00645403	0.0768373
1.6908	0.998688	-0.00340228	0.0768227
1.7039	0.997925	0.00102277	0.0768111
1.717	0.997162	0.000259834	0.0767971
1.7301	0.995636	0.000412421	0.0767774
1.7432	0.994873	0.00453229	0.0767642
1.7563	0.993347	-0.00614886	0.0767475
1.7694	0.991821	-0.0030971	0.0767214
1.7825	0.990295	-0.00263934	0.0767038
1.7956	0.988007	-0.00416522	0.0766791
1.8087	0.986481	-0.000274224	0.076662
1.8219	0.984192	0.00437971	0.0766311
1.835	0.981903	0.00544782	0.076602
1.8481	0.979614	0.0165867	0.0765763
1.8612	0.976562	0.00682111	0.0765689
1.8743	0.974274	-0.0153041	0.0765225
1.8874	0.971222	-0.00744586	0.076496
1.9005	0.96817	        -0.00447039	0.0764654
1.9136	0.965118	-0.00515704	0.0764317
1.9267	0.961304	0.000641303	0.0763977
1.9398	0.958252	-0.00225787	0.0763628
1.9529	0.954437	-0.00210528	0.0763277
1.966	0.950623	-0.00332598	0.076285
1.9791	0.946808	-0.00477557	0.0762461
1.9922	0.942993	-0.000121636	0.076199
2.0054	0.938416	-0.00386004	0.0761529
2.0185	0.933838	-0.00797991	0.0761127
2.0316	0.92926	        -0.00958209	0.076068
2.0447	0.924683	-0.00965838	0.0760131
2.0578	0.920105	-0.00912432	0.0759595
2.0709	0.914764	-0.00729327	0.0759072
2.084	0.909424	-0.000426812	0.0758554
2.0971	0.904846	-0.00523333	0.075797
2.1102	0.898743	0.000259834	0.0757389
2.1233	0.893402	-0.00111346	0.0756731
2.1364	0.888062	-0.00584368	0.0756065
2.1495	0.881958	-0.00767474	0.0755444
2.1626	0.875854	-0.00881915	0.0754786
2.1757	0.869751	-0.0043178	0.0754041
2.1889	0.863647	-0.00653033	0.0753276
2.202	0.856781	-0.00515704	0.0752514
2.2151	0.850677	-0.00721697	0.0751694
2.2282	0.843811	-0.00614886	0.0750915
2.2413	0.836945	-0.00828509	0.0750042
2.2544	0.830078	-0.00569109	0.0749154
2.2675	0.823212	-0.0069118	0.0748226
2.2806	0.816345	-0.0102687	0.0747242
2.2937	0.808716	-0.00767474	0.0746272
2.3068	0.801086	-0.00950579	0.07453
2.3199	0.793457	-0.0081325	0.0744206
2.333	0.785828	-0.00981097	0.0743174
2.3461	0.778198	-0.00897173	0.0741947
2.3592	0.770569	-0.0121761	0.0740889
2.3724	0.762177	-0.00584368	0.0739565
2.3855	0.753784	-0.0143886	0.0738317
2.3986	0.745392	-0.00904803	0.0737054
2.4117	0.737	        -0.00790362	0.0735679
2.4248	0.728607	-0.0100398	0.0734241
2.4379	0.720215	-0.0152278	0.0732795
2.451	0.71106	        -0.0137783	0.0731268
2.4641	0.702667	-0.0120998	0.0729704
2.4772	0.693512	-0.0101924	0.0728083
2.4903	0.684357	-0.014999	0.0726478
2.5034	0.675201	-0.0107265	0.0724643
2.5165	0.666046	-0.0148464	0.0722885
2.5296	0.656128	-0.0134731	0.0720908
2.5427	0.646973	-0.0169826	0.0719027
2.5559	0.637054	-0.0138545	0.0717018
2.569	0.627136	-0.0178981	0.0714828
2.5821	0.617218	-0.0158382	0.0712724
2.5952	0.6073	        -0.0187374	0.0710354
2.6083	0.597382	-0.0223232	0.0708099
2.6214	0.587463	-0.0174404	0.0705702
2.6345	0.577545	-0.0193477	0.0703003
2.6476	0.566864	-0.0250698	0.0700407
2.6607	0.556183	-0.0120998	0.0697689
2.6738	0.546265	-0.0198818	0.0694709
2.6869	0.535583	-0.034988	0.0691773
2.7	0.524902	-0.0314784	0.0688785
2.7131	0.514221	-0.0143123	0.0685471
2.7262	0.50354  	-0.0240016	0.0681876
2.7394	0.492096	-0.0351406	0.0678403
2.7525	0.481415	-0.0343776	0.0674947
2.7656	0.469971	-0.00927691	0.0670987
2.7787	0.45929	        -0.0154567	0.0666586
2.7918	0.447845	-0.048492	0.0662365
2.8049	0.436401	-0.0604701	0.0658368
2.818	0.42572	        -0.0339961	0.0653806
2.8311	0.414276	-0.0249172	0.0648781
2.8442	0.402832	-0.0341487	0.0643607
2.8573	0.391388	-0.0363613	0.0638302
2.8704	0.379181	-0.0467372	0.0632568
2.8835	0.367737	-0.0505519	0.0626572
2.8966	0.356293	-0.0613857	0.0620236
2.9097	0.344086	-0.0529933	0.0613623
2.9229	0.332642	-0.059402	0.0606574
2.936	0.320435	-0.0626064	0.0598938
2.9491	0.30899	-0.056808	0.0591042
2.9622	0.296783	-0.0642848	0.0582726
2.9753	0.284576	-0.0656581	0.0573621
2.9884	0.272369	-0.0678707	0.0564083
3.0015	0.260162	-0.0709987	0.0553754
3.0146	0.248718	-0.0747371	0.054298
3.0277	0.236511	-0.0806118	0.0531126
3.0408	0.224304	-0.0811458	0.0518638
3.0539	0.211334	-0.0880886	0.0505165
3.067	0.199127	-0.097549	0.0491071
3.0801	0.18692	-0.115249	0.0475467
3.0932	0.174713	-0.120437	0.0458698
3.1064	0.162506	-0.130432	0.0440397
3.1195	0.149536	-0.140502	0.0421393
3.1326	0.137329	-0.169952	0.040021
3.1457	0.125122	-0.201156	0.0378224
3.1588	0.112152	-0.210311	0.0354106
3.1719	0.0999451	-0.217254	0.0328219
3.185	0.087738	-0.243118	0.0298875
3.1981	0.0747681	-0.253952	0.0267312
3.2112	0.062561	-0.281799	0.0231511
3.2243	0.0495911	-0.304458	0.0192797
3.2374	0.037384	-0.351532	0.0149124
3.2505	0.025177	-0.341613	0.0103758
3.2636	0.012207	-0.375183	0.00550749
3.2768	0	-0.344894	0.000811796
3.2899	-0.01297	-0.376709	-0.004241
3.303	-0.025177	-0.363739	-0.0090424
3.3161	-0.038147	-0.343139	-0.013949
3.3292	-0.050354	-0.337265	-0.0184403
3.3423	-0.063324	-0.318038	-0.0229539
3.3554	-0.075531	-0.301559	-0.027054
3.3685	-0.088501	-0.280349	-0.0310421
3.3816	-0.100708	-0.281951	-0.0346308
3.3947	-0.112915	-0.251739	-0.0382278
3.4078	-0.125885	-0.251815	-0.0414903
3.4209	-0.138092	-0.220306	-0.0445749
3.434	-0.150299	-0.224578	-0.0474096
3.4471	-0.163269	-0.19551	-0.0500813
3.4603	-0.175476	-0.190475	-0.0526007
3.4734	-0.187683	-0.168197	-0.0549375
3.4865	-0.19989	-0.174301	-0.0571035
3.4996	-0.212097	-0.155456	-0.0592056
3.5127	-0.224304	-0.155532	-0.0611697
3.5258	-0.236511	-0.150878	-0.063004
3.5389	-0.248718	-0.159652	-0.0647378
3.552	-0.260925	-0.146835	-0.0663866
3.5651	-0.273132	-0.145538	-0.0679489
3.5782	-0.285339	-0.13684	-0.0694218
3.5913	-0.297546	-0.134094	-0.0707975
3.6044	-0.30899	-0.119522	-0.0721313
3.6175	-0.321198	-0.116317	-0.0733755
3.6306	-0.333405	-0.0938869	-0.0745441
3.6438	-0.344849	-0.100906	-0.0756517
3.6569	-0.357056	-0.0869441	-0.0767179
3.67	-0.3685	-0.0833583	-0.0776982
3.6831	-0.379944	-0.07756	-0.0786636
3.6962	-0.391388	-0.0622249	-0.0795507
3.7093	-0.403595	-0.0632167	-0.0804379
3.7224	-0.415039	-0.0610042	-0.0812782
3.7355	-0.426483	-0.056274	-0.0820672
3.7486	-0.437164	-0.0560451	-0.0828071
3.7617	-0.448608	-0.0583339	-0.0835255
3.7748	-0.460052	-0.0486446	-0.0841993
3.7879	-0.470734	-0.0372768	-0.0848602
3.801	-0.482178	-0.0400997	-0.0854845
3.8141	-0.492859	-0.0476528	-0.0860767
3.8273	-0.504303	-0.0548244	-0.0866452
3.8404	-0.514984	-0.0488735	-0.0871674
3.8535	-0.525665	-0.0271297	-0.0876929
3.8666	-0.536346	-0.0317836	-0.0881985
3.8797	-0.547028	-0.0499416	-0.0886746
3.8928	-0.556946	-0.0415492	-0.0891053
3.9059	-0.567627	-0.0152278	-0.0895494
3.919	-0.577545	-0.0227809	-0.0900037
3.9321	-0.588226	-0.0515438	-0.0903713
3.9452	-0.598145	-0.0288845	-0.0907424
3.9583	-0.608063	-0.0140834	-0.0911447
3.9714	-0.617981	-0.0418544	-0.0915076
3.9845	-0.627899	-0.0218654	-0.091829
3.9976	-0.637817	-0.0278163	-0.0921922
4.0108	-0.647736	-0.0326991	-0.0924944
4.0239	-0.656891	-0.019424	-0.0928082
4.037	-0.666046	-0.0282741	-0.093113
4.0501	-0.675964	-0.0148464	-0.0933962
4.0632	-0.68512	-0.0223232	-0.0936691
4.0763	-0.694275	-0.0137783	-0.0939405
4.0894	-0.702667	-0.0205684	-0.0942096
4.1025	-0.711823	-0.0125575	-0.0944586
4.1156	-0.720978	-0.0195766	-0.0946947
4.1287	-0.72937	-0.0153041	-0.0949292
4.1418	-0.737762	-0.020721	-0.0951481
4.1549	-0.746155	-0.0240016	-0.095378
4.168	-0.754547	-0.0157619	-0.0955902
4.1811	-0.762939	-0.0210262	-0.0957925
4.1943	-0.770569	-0.01683	-0.0959982
4.2074	-0.778961	-0.0137783	-0.0961837
4.2205	-0.786591	-0.016296	-0.0963671
4.2336	-0.79422	-0.0163722	-0.0965549
4.2467	-0.801849	-0.0127101	-0.0967321
4.2598	-0.809479	-0.00752215	-0.0969023
4.2729	-0.816345	-0.00904803	-0.097058
4.286	-0.823975	-0.0138545	-0.0972238
4.2991	-0.830841	-0.0102687	-0.0973756
4.3122	-0.837708	-0.0139308	-0.0975252
4.3253	-0.844574	-0.0134731	-0.0976776
4.3384	-0.85144	-0.0109554	-0.0978158
4.3515	-0.857544	-0.00714068	-0.0979513
4.3646	-0.86441	-0.00584368	-0.0980795
4.3778	-0.870514	-0.00759844	-0.0982052
4.3909	-0.876617	-0.00492815	-0.0983255
4.404	-0.882721	-0.00828509	-0.0984457
4.4171	-0.888824	-0.00828509	-0.0985638
4.4302	-0.894165	-0.00767474	-0.0986758
4.4433	-0.899506	-0.00675921	-0.0987869
4.4564	-0.904846	-0.00607256	-0.0988946
4.4695	-0.910187	-0.00614886	-0.0989887
4.4826	-0.915527	-0.00698809	-0.0990859
4.4957	-0.920868	-0.00973467	-0.0991841
4.5088	-0.925446	-0.00485186	-0.0992748
4.5219	-0.930023	-0.00736956	-0.0993641
4.535	-0.934601	-0.00828509	-0.0994528
4.5481	-0.939178	-0.00530962	-0.0995347
4.5613	-0.942993	-0.0056148	-0.0996183
4.5744	-0.947571	-0.0109554	-0.0996875
4.5875	-0.951385	-0.00096087	-0.0997618
4.6006	-0.9552	-0.0101924	-0.0998385
4.6137	-0.959015	-0.00294451	-0.0999009
4.6268	-0.962067	-0.00294451	-0.0999637
4.6399	-0.965881	-0.00607256	-0.10003
4.653	-0.968933	-0.0121761	-0.100091
4.6661	-0.971985	-0.0101161	-0.100148
4.6792	-0.975037	-0.00759844	-0.100196
4.6923	-0.977325	0.00277753	-0.100255
4.7054	-0.980377	-0.00759844	-0.100301
4.7185	-0.982666	-0.0127864	-0.100361
4.7316	-0.984955	-0.00416522	-0.100416
4.7448	-0.987244	-0.00675921	-0.100453
4.7579	-0.98877	-0.00134234	-0.100473
4.771	-0.991058	-0.00553851	-0.100521
4.7841	-0.992584	0.00018354	-0.10055
4.7972	-0.99411	-0.00271563	-0.100583
4.8103	-0.995636	-0.00294451	-0.100609
4.8234	-0.996399	-0.00591998	-0.100644
4.8365	-0.997162	-0.00492815	-0.10067
4.8496	-0.998688	-0.00706439	-0.100692
4.8627	-0.999451	-0.00965838	-0.10071
4.8758	-0.999451	-0.00225787	-0.100728
4.8889	-1.00021	0.00117536	-0.100746
4.902	-1.00021	-0.00096087	-0.100757
4.9152	-1.00021	-0.000655694	-0.100769
4.9283	-1.00021	-0.000731988	-0.100778
4.9414	-1.00021	-0.000503106	-0.100789
4.9545	-0.999451	0.00399824	-0.100798
4.9676	-0.999451	0.00163312	-0.100804
4.9807	-0.998688	-0.00401263	-0.100813
4.9938	-0.997925	-0.0018001	-0.10082
5.0069	-0.996399	3.09517e-05	-0.100821
5.02	-0.995636	-0.00668292	-0.100826
5.0331	-0.99411	0.00270124	-0.100833
5.0462	-0.992584	0.000336127	-0.100829
5.0593	-0.991058	0.00155683	-0.100831
5.0724	-0.98877	0.00369306	-0.100824
5.0855	-0.987244	-0.00195269	-0.100829
5.0987	-0.984955	-0.0069118	-0.100821
5.1118	-0.982666	-0.00729327	-0.100811
5.1249	-0.980377	-0.0217128	-0.100807
5.138	-0.977325	-0.0108791	-0.10082
5.1511	-0.975037	0.0160527	-0.100797
5.1642	-0.971985	0.0101018	-0.100788
5.1773	-0.968933	0.00392194	-0.100779
5.1904	-0.965881	0.00308271	-0.100767
5.2035	-0.962067	-0.00256304	-0.100755
5.2166	-0.959015	0.00331159	-0.10074
5.2297	-0.9552	3.09517e-05	-0.100726
5.2428	-0.951385	0.000870185	-0.100704
5.2559	-0.947571	0.00270124	-0.100688
5.269	-0.943756	-0.00324969	-0.100664
5.2822	-0.939178	0.00224348	-0.100639
5.2953	-0.934601	0.00735517	-0.100617
5.3084	-0.930023	0.00773664	-0.100593
5.3215	-0.925446	0.00704999	-0.100561
5.3346	-0.920868	0.00621076	-0.10053
5.3477	-0.915527	0.004456	-0.100496
5.3608	-0.910187	-0.0005794	-0.100467
5.3739	-0.905609	0.00422712	-0.100428
5.387	-0.899506	-0.000426812	-0.100392
5.4001	-0.894165	0.00018354	-0.100347
5.4132	-0.888824	0.00392194	-0.100301
5.4263	-0.882721	0.0081944	-0.100259
5.4394	-0.876617	0.005753	-0.100213
5.4525	-0.870514	0.00392194	-0.100163
5.4657	-0.86441	0.00788923	-0.100109
5.4788	-0.857544	0.00369306	-0.100055
5.4919	-0.85144	0.00361677	-0.0999935
5.505	-0.844574	0.00308271	-0.0999393
5.5181	-0.837708	0.00514265	-0.099874
5.5312	-0.830841	0.00880476	-0.0998001
5.5443	-0.823975	0.00354047	-0.0997296
5.5574	-0.817108	0.00773664	-0.0996561
5.5705	-0.809479	0.00712629	-0.0995778
5.5836	-0.801849	0.00499006	-0.0995004
5.5967	-0.79422	0.0106358	-0.0994119
5.6098	-0.786591	0.00491376	-0.0993235
5.6229	-0.778961	0.00979658	-0.0992286
5.636	-0.771332	0.00514265	-0.0991432
5.6492	-0.762939	0.0094914	-0.099034
5.6623	-0.754547	0.0100255	-0.0989362
5.6754	-0.746155	0.00651594	-0.0988282
5.6885	-0.737762	0.00895734	-0.0987139
5.7016	-0.72937	0.0105595	-0.098596
5.7147	-0.720978	0.0146031	-0.0984717
5.7278	-0.711823	0.00796552	-0.0983462
5.7409	-0.70343	0.0115513	-0.0982111
5.754	-0.694275	0.0069737	-0.0980661
5.7671	-0.68512	0.0123143	-0.0979257
5.7802	-0.675964	0.0115513	-0.0977739
5.7933	-0.666809	0.0113225	-0.0976151
5.8064	-0.656891	0.00766035	-0.0974454
5.8195	-0.647736	0.0149846	-0.0972812
5.8327	-0.637817	0.0156712	-0.0970995
5.8458	-0.627899	0.0126195	-0.0969018
5.8589	-0.617981	0.0150609	-0.0967187
5.872	-0.608063	0.0139164	-0.0964996
5.8851	-0.598145	0.0232243	-0.0962899
5.8982	-0.588226	0.0165867	-0.0960683
5.9113	-0.578308	0.010178	-0.0958338
5.9244	-0.567627	0.023911	-0.0955983
5.9375	-0.556946	0.013535	-0.095358
5.9506	-0.547028	0.011475	-0.0950828
5.9637	-0.536346	0.0284886	-0.0947938
5.9768	-0.525665	0.0326085	-0.0945307
5.9899	-0.514984	0.0159001	-0.0942325
6.003	-0.504303	0.0165867	-0.0938954
6.0162	-0.492859	0.0319981	-0.0935539
6.0293	-0.482178	0.0398564	-0.0932344
6.0424	-0.470734	0.018723	-0.0928871
6.0555	-0.460052	0.00720258	-0.0924786
6.0686	-0.448608	0.0329136	-0.0920584
6.0817	-0.437164	0.057404	-0.0916609
6.0948	-0.426483	0.0409245	-0.0912526
6.1079	-0.415039	0.0303196	-0.0907761
6.121	-0.403595	0.0281071	-0.0902789
6.1341	-0.392151	0.0360417	-0.0897489
6.1472	-0.379944	0.0342869	-0.0892242
6.1603	-0.3685	0.0496983	-0.0886529
6.1734	-0.357056	0.0532078	-0.0880664
6.1865	-0.344849	0.0603032	-0.0874205
6.1997	-0.333405	0.0571751	-0.0867643
6.2128	-0.321198	0.0681614	-0.0860323
6.2259	-0.309753	0.0613713	-0.0852889
6.239	-0.297546	0.0736546	-0.0844666
6.2521	-0.285339	0.0653386	-0.0836054
6.2652	-0.273132	0.0736546	-0.0827001
6.2783	-0.260925	0.072205	-0.0817112
6.2914	-0.249481	0.0809025	-0.0806578
6.3045	-0.237274	0.0733494	-0.079529
6.3176	-0.225067	0.0867772	-0.0783252
6.3307	-0.212097	0.0898289	-0.0770197
6.3438	-0.19989	0.106003	-0.0756047
6.3569	-0.187683	0.0980687	-0.0741127
6.37	-0.175476	0.107529	-0.0725011
6.3832	-0.163269	0.102723	-0.0707422
6.3963	-0.150299	0.116303	-0.0688417
6.4094	-0.138092	0.123398	-0.0667834
6.4225	-0.125885	0.164216	-0.064583
6.4356	-0.112915	0.18306	-0.0621868
6.4487	-0.100708	0.218155	-0.0595823
6.4618	-0.088501	0.219223	-0.0568292
6.4749	-0.075531	0.241044	-0.0537114
6.488	-0.063324	0.256073	-0.0502533
6.5011	-0.050354	0.3107	-0.046336
6.5142	-0.038147	0.32222	-0.0421593
6.5273	-0.0259399	0.363114	-0.0374628
6.5404	-0.01297	0.369523	-0.0326047
6.5536	0	0.386918	-0.0274691
6.5667	0.012207	0.35022	-0.0226089
6.5798	0.0244141	0.398819	-0.0174384
6.5929	0.037384	0.364411	-0.0126155
6.606	0.0495911	0.367463	-0.00755482
6.6191	0.062561	0.345719	-0.0030774
6.6322	0.0747681	0.32573	0.00149447
6.6453	0.087738	0.323441	0.00562127
6.6584	0.0999451	0.299637	0.00965514
6.6715	0.112152	0.283463	0.0133005
6.6846	0.125122	0.268891	0.0168474
6.6977	0.137329	0.249283	0.0201081
6.7108	0.149536	0.242035	0.0232451
6.7239	0.162506	0.228074	0.0260149
6.7371	0.174713	0.208008	0.0287362
6.7502	0.18692	0.195878	0.0312406
6.7633	0.199127	0.178864	0.0335963
6.7764	0.211334	0.171692	0.0357395
6.7895	0.223541	0.163987	0.0378046
6.8026	0.235748	0.161393	0.0397114
6.8157	0.247955	0.150635	0.0415526
6.8288	0.260162	0.142243	0.0432464
6.8419	0.272369	0.131638	0.0448863
6.855	0.284576	0.123017	0.0464183
6.8681	0.296783	0.104401	0.0478706
6.8812	0.308228	0.0947117	0.0491869
6.8943	0.320435	0.0919652	0.0504641
6.9074	0.332642	0.0873112	0.0516556
6.9206	0.344086	0.0950932	0.0528366
6.9337	0.356293	0.0867772	0.0539109
6.9468	0.367737	0.0793767	0.0549371
6.9599	0.379181	0.0783848	0.055907
6.973	0.390625	0.0717473	0.0568558
6.9861	0.402832	0.059998	0.0577239
6.9992	0.414276	0.0526738	0.0585474
7.0123	0.42572	0.0601506	0.0593351
7.0254	0.436401	0.0592351	0.060095
7.0385	0.447845	0.0659489	0.0608022
7.0516	0.45929	0.0534367	0.0614756
7.0647	0.469971	0.0439763	0.0621296
7.0778	0.481415	0.0396275	0.0627638
7.0909	0.492096	0.0358128	0.0633641
7.1041	0.50354	0.0492405	0.0639224
7.1172	0.514221	0.0506138	0.0644419
7.1303	0.524902	0.0304722	0.0649484
7.1434	0.535583	0.025208	0.0654583
7.1565	0.546265	0.0449681	0.0659323
7.1696	0.556183	0.0471806	0.0663482
7.1827	0.566864	0.0222325	0.0667737
7.1958	0.576782	0.0115513	0.0672263
7.2089	0.587463	0.0469517	0.0676257
7.222	0.597382	0.0388646	0.0679532
7.2351	0.6073	0.0116276	0.0683339
7.2482	0.617218	0.0336766	0.0686911
7.2613	0.627136	0.0240635	0.068998
7.2744	0.637054	0.0167393	0.0693505
7.2876	0.646973	0.0303196	0.0696416
7.3007	0.656128	0.0184178	0.0699328
7.3138	0.665283	0.0274968	0.0702291
7.3269	0.675201	0.0156712	0.0704932
7.34	0.684357	0.0214696	0.0707721
7.3531	0.693512	0.0150609	0.0710094
7.3662	0.701904	0.0197148	0.0712577
7.3793	0.71106	0.0129246	0.0714923
7.3924	0.720215	0.0191807	0.0717187
7.4055	0.728607	0.0169682	0.0719356
7.4186	0.737	0.021317	0.0721438
7.4317	0.745392	0.0217747	0.0723563
7.4448	0.753784	0.0168156	0.0725459
7.4579	0.762177	0.0199437	0.0727343
7.4711	0.769806	0.0138402	0.0729297
7.4842	0.778198	0.0149083	0.0730975
7.4973	0.785828	0.0126195	0.0732639
7.5104	0.793457	0.0159764	0.0734286
7.5235	0.801086	0.0112462	0.0735834
7.5366	0.808716	0.0107884	0.0737326
7.5497	0.815582	0.00972028	0.0738709
7.5628	0.823212	0.014832	0.0740134
7.5759	0.830078	0.0141453	0.0741608
7.589	0.836945	0.00659223	0.0742818
7.6021	0.843811	0.0104832	0.0744084
7.6152	0.850677	0.00972028	0.0745289
7.6283	0.856781	0.00865217	0.0746458
7.6414	0.863647	0.00636335	0.0747585
7.6546	0.869751	0.00483747	0.0748651
7.6677	0.875854	0.00331159	0.0749713
7.6808	0.881958	0.00712629	0.0750708
7.6939	0.888062	0.00849958	0.0751648
7.707	0.893402	0.00888105	0.075254
7.7201	0.898743	0.00430341	0.075342
7.7332	0.904083	0.00148054	0.075432
7.7463	0.909424	0.00674482	0.0755069
7.7594	0.914764	0.00689741	0.0755847
7.7725	0.920105	0.00857587	0.0756605
7.7856	0.924683	0.00376936	0.0757353
7.7987	0.92926	0.00514265	0.0758044
7.8118	0.933838	0.00476118	0.0758705
7.8249	0.938416	0.00582929	0.0759291
7.8381	0.94223	0.00254865	0.0759915
7.8512	0.946808	0.00926252	0.0760429
7.8643	0.950623	0.00132795	0.076097
7.8774	0.954437	0.010941	0.0761519
7.8905	0.958252	0.00102277	0.0761964
7.9036	0.961304	0.00102277	0.0762363
7.9167	0.965118	0.00605817	0.0762852
7.9298	0.96817	0.00796552	0.076325
7.9429	0.971222	0.00743146	0.076364
7.956	0.974274	0.0056767	0.0763938
7.9691	0.976562	-0.00386004	0.076436
7.9822	0.979614	0.00773664	0.0764583
7.9953	0.981903	0.010941	0.076496
8.0084	0.984192	0.000717597	0.076527
8.0216	0.986481	0.00499006	0.0765412
8.0347	0.988007	0.000259834	0.0765466
8.0478	0.990295	0.00437971	0.0765718
8.0609	0.991821	-0.00256304	0.07658
8.074	0.993347	0.0019383	0.076592
8.0871	0.994873	0.00369306	0.0765966
8.1002	0.995636	0.00407453	0.0766118
8.1133	0.996399	0.00186201	0.076615
8.1264	0.997925	0.00544782	0.0766165
8.1395	0.998688	0.00941511	0.0766144
8.1526	0.998688	0.00148054	0.0766125
8.1657	0.999451	-0.00202898	0.0766092
8.1788	0.999451	0.000717597	0.0766
8.192	0.999451	-0.000350518	0.0765908
8.2051	0.999451	-0.00172381	0.07658
8.2182	0.999451	-0.000121636	0.076569
8.2313	0.998688	-0.00538592	0.0765569
8.2444	0.998688	-0.00294451	0.0765437
8.2575	0.997925	0.00224348	0.0765319
8.2706	0.997162	-0.000808282	0.0765183
8.2837	0.995636	-0.00126605	0.0764973
8.2968	0.994873	0.00392194	0.0764832
8.3099	0.993347	-0.00653033	0.0764688
8.323	0.991821	-0.00263934	0.0764435
8.3361	0.990295	-0.00378375	0.0764258
8.3492	0.988007	-0.00698809	0.0764007
8.3623	0.986481	0.00102277	0.0763823
8.3755	0.984192	0.00521894	0.0763526
8.3886	0.981903	0.00605817	0.0763238
8.4017	0.979614	0.0167393	0.0762987
8.4148	0.976562	0.00659223	0.0762912
8.4279	0.974274	-0.0160671	0.0762442
8.441	0.971222	-0.00874285	0.0762165
8.4541	0.96817	-0.00454669	0.0761868
8.4672	0.965118	-0.00447039	0.076154
8.4803	0.961304	0.00132795	0.0761182
8.4934	0.958252	-0.00279192	0.0760833
8.5065	0.954437	-0.00111346	0.0760482
8.5196	0.950623	-0.00210528	0.076006
8.5327	0.946808	-0.0030971	0.0759679
8.5458	0.942993	0.00117536	0.0759211
8.559	0.938416	-0.0043178	0.0758744
8.5721	0.933838	-0.00637774	0.0758343
8.5852	0.92926	-0.00920062	0.0757892
8.5983	0.924683	-0.0102687	0.0757349
8.6114	0.920105	-0.00973467	0.0756813
8.6245	0.914764	-0.0081325	0.0756277
8.6376	0.909424	-0.00134234	0.0755768
8.6507	0.904846	-0.00477557	0.0755175
8.6638	0.898743	-0.000350518	0.0754602
8.6769	0.893402	-0.00111346	0.0753931
8.69	0.888062	-0.00508074	0.0753275
8.7031	0.881958	-0.0081325	0.075264
8.7162	0.875854	-0.00950579	0.0751994
8.7293	0.869751	-0.00424151	0.075127
8.7425	0.863647	-0.00736956	0.0750485
8.7556	0.856781	-0.0043941	0.0749727
8.7687	0.850677	-0.00782732	0.0748925
8.7818	0.843811	-0.00630145	0.0748154
8.7949	0.836945	-0.00759844	0.0747279
8.808	0.830078	-0.00675921	0.0746406
8.8211	0.823212	-0.00553851	0.0745478
8.8342	0.816345	-0.0120998	0.07445
8.8473	0.808716	-0.00591998	0.0743506
8.8604	0.801086	-0.0117183	0.0742544
8.8735	0.793457	-0.00675921	0.074145
8.8866	0.785828	-0.0113368	0.0740394
8.8997	0.778198	-0.00645403	0.0739194
8.9128	0.770569	-0.0126338	0.0738106
8.926	0.762177	-0.00492815	0.0736789
8.9391	0.753784	-0.0156093	0.0735534
8.9522	0.745392	-0.00904803	0.0734284
8.9653	0.737	-0.00744586	0.0732908
8.9784	0.728607	-0.00996356	0.0731483
8.9915	0.720215	-0.0137783	0.0730034
9.0046	0.71106	-0.0125575	0.0728507
9.0177	0.702667	-0.0128627	0.072696
9.0308	0.693512	-0.0109554	0.0725299
9.0439	0.684357	-0.0112606	0.072372
9.057	0.675201	-0.0120235	0.0721912
9.0701	0.666046	-0.0146175	0.0720117
9.0832	0.656128	-0.0112606	0.0718161
9.0963	0.646973	-0.0180507	0.0716314
9.1095	0.637054	-0.0177455	0.0714266
9.1226	0.627136	-0.0159908	0.0712067
9.1357	0.617218	-0.0130153	0.0709979
9.1488	0.6073	-0.0156093	0.0707627
9.1619	0.597382	-0.0207973	0.0705369
9.175	0.587463	-0.0166774	0.0702973
9.1881	0.577545	-0.0189662	0.0700294
9.2012	0.566864	-0.0259853	0.0697696
9.2143	0.556183	-0.0146938	0.0694959
9.2274	0.546265	-0.0204921	0.0691924
9.2405	0.535583	-0.0378871	0.0689016
9.2536	0.524902	-0.0320125	0.0686046
9.2667	0.514221	-0.0169063	0.0682767
9.2798	0.50354	-0.027206	0.0679141
9.293	0.492096	-0.0403285	0.0675748
9.3061	0.481415	-0.0344539	0.0672268
9.3192	0.469971	-0.0118709	0.066831
9.3323	0.45929	-0.0174404	0.066392
9.3454	0.447845	-0.0494838	0.0659672
9.3585	0.436401	-0.062759	0.0655711
9.3716	0.42572	-0.0336147	0.0651154
9.3847	0.414276	-0.0298	0.0646108
9.3978	0.402832	-0.0333095	0.0640968
9.4109	0.391388	-0.0365901	0.0635631
9.424	0.379181	-0.0483394	0.0629904
9.4371	0.367737	-0.0473476	0.0623925
9.4502	0.356293	-0.0581813	0.0617641
9.4633	0.344086	-0.0532985	0.0610967
9.4765	0.332642	-0.0617671	0.0603941
9.4896	0.320435	-0.0629878	0.0596318
9.5027	0.30899	-0.0557399	0.0588431
9.5158	0.296783	-0.0642848	0.0580183
9.5289	0.284576	-0.0662685	0.0570999
9.542	0.272369	-0.0634456	0.0561446
9.5551	0.260162	-0.0655818	0.0551228
9.5682	0.248718	-0.0752712	0.0540472
9.5813	0.236511	-0.0835872	0.0528606
9.5944	0.224304	-0.0841213	0.0516168
9.6075	0.211334	-0.0930477	0.0502665
9.6206	0.199127	-0.0980068	0.0488475
9.6337	0.18692	-0.114486	0.0472986
9.6468	0.174713	-0.117385	0.0456256
9.66	0.162506	-0.130432	0.043802
9.6731	0.149536	-0.146148	0.0418944
9.6862	0.137329	-0.178115	0.0397819
9.6993	0.125122	-0.202835	0.0375958
9.7124	0.112152	-0.212295	0.0351829
9.7255	0.0999451	-0.212219	0.032589
9.7386	0.087738	-0.240142	0.0296396
9.7517	0.0747681	-0.25975	0.0265015
9.7648	0.062561	-0.277298	0.0229395
9.7779	0.0495911	-0.302932	0.0190314
9.791	0.037384	-0.351608	0.0146985
9.8041	0.025177	-0.342453	0.0101385
9.8172	0.012207	-0.37976	0.00528389
9.8304	0	-0.345199	0.000574033
9.8435	-0.01297	-0.373504	-0.00449745
9.8566	-0.025177	-0.371215	-0.00932742
9.8697	-0.038147	-0.343063	-0.0142211
9.8828	-0.050354	-0.337265	-0.0187574
9.8959	-0.063324	-0.320098	-0.0232709
9.909	-0.075531	-0.303237	-0.0273681
9.9221	-0.088501	-0.278976	-0.0313786
9.9352	-0.100708	-0.285385	-0.0349734
9.9483	-0.112915	-0.25418	-0.0385543
9.9614	-0.125885	-0.24617	-0.0418318
9.9745	-0.138092	-0.220535	-0.0449214
9.9876	-0.150299	-0.22908	-0.0477381
10.0007	-0.163269	-0.191619	-0.0504123
10.0139	-0.175476	-0.189102	-0.0529357
10.027	-0.187683	-0.170028	-0.0552577
10.0401	-0.19989	-0.172164	-0.0574246
10.0532	-0.212097	-0.154235	-0.0595288
10.0663	-0.224304	-0.155456	-0.0614872
10.0794	-0.236511	-0.146453	-0.0633219
10.0925	-0.248718	-0.155838	-0.0650634
10.1056	-0.260925	-0.148513	-0.0667085
10.1187	-0.273132	-0.149047	-0.0682691
10.1318	-0.285339	-0.138137	-0.0697372
10.1449	-0.297546	-0.134552	-0.0711077
10.158	-0.30899	-0.117385	-0.0724369
10.1711	-0.321198	-0.114639	-0.0736786
10.1842	-0.333405	-0.0958705	-0.0748515
10.1974	-0.344849	-0.0964046	-0.0759559
10.2105	-0.357056	-0.0849605	-0.0770183
10.2236	-0.3685	-0.0860286	-0.0780017
10.2367	-0.379944	-0.0761867	-0.0789629
10.2498	-0.391388	-0.0622249	-0.079849
10.2629	-0.403595	-0.0630641	-0.0807361
10.276	-0.415039	-0.0549007	-0.0815669
10.2891	-0.426483	-0.0610805	-0.0823561
10.3022	-0.437164	-0.0550533	-0.0831053
10.3153	-0.448608	-0.057571	-0.0838106
10.3284	-0.460052	-0.0494838	-0.0844928
10.3415	-0.470734	-0.034988	-0.0851529
10.3546	-0.482178	-0.0429988	-0.0857705
10.3677	-0.492859	-0.0435329	-0.086363
10.3809	-0.504303	-0.056808	-0.0869379
10.394	-0.514984	-0.0455165	-0.0874509
10.4071	-0.525665	-0.0285793	-0.0879796
10.4202	-0.536346	-0.0294948	-0.0884842
10.4333	-0.547028	-0.0510097	-0.0889622
10.4464	-0.556946	-0.0376583	-0.0893882
10.4595	-0.567627	-0.0143886	-0.0898383
10.4726	-0.577545	-0.0215602	-0.0902831
10.4857	-0.588226	-0.0536037	-0.0906594
10.4988	-0.598145	-0.030334	-0.0910241
10.5119	-0.608063	-0.0107265	-0.0914278
10.525	-0.617981	-0.0388027	-0.0917918
10.5381	-0.627899	-0.0211025	-0.0921157
10.5512	-0.637817	-0.0284267	-0.0924761
10.5644	-0.647736	-0.0307155	-0.0927798
10.5775	-0.656891	-0.0175167	-0.093093
10.5906	-0.666046	-0.0296474	-0.0933955
10.6037	-0.675964	-0.013702	-0.0936782
10.6168	-0.68512	-0.0226284	-0.0939508
10.6299	-0.694275	-0.0114894	-0.0942183
10.643	-0.702667	-0.0205684	-0.0944861
10.6561	-0.711823	-0.014236	-0.094741
10.6692	-0.720978	-0.0157619	-0.094975
10.6823	-0.72937	-0.0164485	-0.0952097
10.6954	-0.737762	-0.0210262	-0.0954301
10.7085	-0.746155	-0.0234676	-0.095657
10.7216	-0.754547	-0.0162197	-0.0958678
10.7347	-0.762939	-0.0200344	-0.0960693
10.7479	-0.770569	-0.0159908	-0.0962744
10.761	-0.778961	-0.0139308	-0.0964596
10.7741	-0.786591	-0.01683	-0.0966438
10.7872	-0.79422	-0.0183559	-0.0968281
10.8003	-0.801849	-0.0171352	-0.0970063
10.8134	-0.809479	-0.0107265	-0.0971783
10.8265	-0.816345	-0.00950579	-0.0973323
10.8396	-0.823975	-0.0186611	-0.0974993
10.8527	-0.830841	-0.0093532	-0.0976507
10.8658	-0.837708	-0.0133968	-0.0977979
10.8789	-0.844574	-0.0143123	-0.0979533
10.892	-0.85144	-0.0105739	-0.0980898
10.9051	-0.857544	-0.00782732	-0.0982235
10.9182	-0.86441	-0.00599627	-0.0983536
10.9314	-0.870514	-0.00767474	-0.0984783
10.9445	-0.876617	-0.00492815	-0.0985989
10.9576	-0.882721	-0.0100398	-0.0987206
10.9707	-0.888824	-0.00782732	-0.0988382
10.9838	-0.894165	-0.0114894	-0.0989477
10.9969	-0.899506	-0.00477557	-0.0990609
11.01	-0.904846	-0.00797991	-0.099168
11.0231	-0.910187	-0.00721697	-0.0992628
11.0362	-0.915527	-0.00767474	-0.0993591
11.0493	-0.920868	-0.0108791	-0.0994563
11.0624	-0.925446	-0.0043941	-0.0995476
11.0755	-0.930023	-0.00721697	-0.0996348
11.0886	-0.934601	-0.00614886	-0.0997241
11.1017	-0.939178	-0.00500445	-0.0998053
11.1149	-0.942993	-0.00462298	-0.0998885
11.128	-0.947571	-0.0125575	-0.0999572
11.1411	-0.951385	-0.00111346	-0.100031
11.1542	-0.9552	-0.0117183	-0.100107
11.1673	-0.959015	-0.00248675	-0.100171
11.1804	-0.962067	-0.00248675	-0.100231
11.1935	-0.965881	-0.00599627	-0.100299
11.2066	-0.968933	-0.0102687	-0.100359
11.2197	-0.971985	-0.00958209	-0.100416
11.2328	-0.975037	-0.00721697	-0.100463
11.2459	-0.977325	0.00308271	-0.100521
11.259	-0.980377	-0.00797991	-0.100569
11.2721	-0.982666	-0.0120998	-0.100628
11.2852	-0.984955	-0.00416522	-0.100683
11.2984	-0.987244	-0.00714068	-0.100719
11.3115	-0.98877	-0.00218157	-0.100741
11.3246	-0.991058	-0.00492815	-0.100791
11.3377	-0.992584	0.000107246	-0.100822
11.3508	-0.99411	-0.00241045	-0.100854
11.3639	-0.995636	-0.00324969	-0.100879
11.377	-0.996399	-0.00553851	-0.100914
11.3901	-0.997162	-0.00302081	-0.100939
11.4032	-0.998688	-0.0069118	-0.100961
11.4163	-0.999451	-0.012405	-0.100979
11.4294	-0.999451	-0.00347857	-0.100999
11.4425	-1.00021	3.09517e-05	-0.101013
11.4556	-1.00021	-0.000808282	-0.101024
11.4688	-1.00021	-0.00134234	-0.101035
11.4819	-1.00021	-0.000503106	-0.101046
11.495	-1.00021	-0.00141863	-0.101056
11.5081	-0.999451	0.00399824	-0.101063
11.5212	-0.999451	-0.000808282	-0.101071
11.5343	-0.998688	-0.00218157	-0.10108
11.5474	-0.997925	-0.0018764	-0.101087
11.5605	-0.996399	-0.00401263	-0.10109
11.5736	-0.995636	-0.00447039	-0.101095
11.5867	-0.99411	0.00407453	-0.101101
11.5998	-0.992584	0.003159	-0.101097
11.6129	-0.991058	0.00308271	-0.101099
11.626	-0.98877	0.00270124	-0.101093
11.6391	-0.987244	-0.00347857	-0.101099
11.6523	-0.984955	-0.00645403	-0.101091
11.6654	-0.982666	-0.00736956	-0.101079
11.6785	-0.980377	-0.0200344	-0.101075
11.6916	-0.977325	-0.0110317	-0.101088
11.7047	-0.975037	0.0152134	-0.101064
11.7178	-0.971985	0.00857587	-0.101055
11.7309	-0.968933	0.00285383	-0.101047
11.744	-0.965881	0.00178571	-0.101036
11.7571	-0.962067	-0.00500445	-0.101025
11.7702	-0.959015	0.0019383	-0.101009
11.7833	-0.9552	0.00140424	-0.100996
11.7964	-0.951385	0.000717597	-0.100974
11.8095	-0.947571	0.00270124	-0.100957
11.8226	-0.943756	-0.0030971	-0.100933
11.8358	-0.939178	0.00422712	-0.100909
11.8489	-0.934601	0.00643964	-0.100887
11.862	-0.930023	0.00689741	-0.100863
11.8751	-0.925446	0.00666852	-0.100829
11.8882	-0.920868	0.00674482	-0.100798
11.9013	-0.915527	0.00514265	-0.100764
11.9144	-0.910187	0.000488715	-0.100737
11.9275	-0.905609	0.00483747	-0.100698
11.9406	-0.899506	3.09517e-05	-0.100664
11.9537	-0.894165	0.000259834	-0.100619
11.9668	-0.888824	0.00407453	-0.100573
11.9799	-0.882721	0.00682111	-0.10053
11.993	-0.876617	0.00437971	-0.100483
12.0061	-0.870514	0.00399824	-0.100434
12.0193	-0.86441	0.00621076	-0.100377
12.0324	-0.857544	0.00437971	-0.100324
12.0455	-0.85144	0.00369306	-0.100265
12.0586	-0.844574	0.00499006	-0.100208
12.0717	-0.837708	0.00422712	-0.100143
12.0848	-0.830841	0.00964399	-0.100068
12.0979	-0.823975	0.00476118	-0.100003
12.111	-0.817108	0.00544782	-0.0999269
12.1241	-0.809479	0.0102543	-0.0998499
12.1372	-0.801849	0.00506635	-0.0997735
12.1503	-0.79422	0.00956769	-0.0996858
12.1634	-0.786591	0.00537153	-0.0995951
12.1765	-0.778961	0.0115513	-0.0995008
12.1896	-0.771332	0.00437971	-0.0994154
12.2028	-0.762939	0.0069737	-0.0993069
12.2159	-0.754547	0.0110173	-0.0992107
12.229	-0.746155	0.00598188	-0.0991
12.2421	-0.737762	0.00727888	-0.0989864
12.2552	-0.72937	0.0103306	-0.0988676
12.2683	-0.720978	0.0136876	-0.0987441
12.2814	-0.711823	0.00895734	-0.0986162
12.2945	-0.70343	0.00880476	-0.098481
12.3076	-0.694275	0.00712629	-0.098338
12.3207	-0.68512	0.0108647	-0.0981969
12.3338	-0.675964	0.0104832	-0.0980468
12.3469	-0.666809	0.0123143	-0.0978891
12.36	-0.656891	0.00796552	-0.0977168
12.3731	-0.647736	0.0165867	-0.0975525
12.3863	-0.637817	0.0199437	-0.0973706
12.3994	-0.627899	0.0158238	-0.0971722
12.4125	-0.617981	0.0146031	-0.0969873
12.4256	-0.608063	0.0113987	-0.0967712
12.4387	-0.598145	0.0187993	-0.0965664
12.4518	-0.588226	0.0173497	-0.0963477
12.4649	-0.578308	0.0130772	-0.0961084
12.478	-0.567627	0.0256657	-0.0958701
12.4911	-0.556946	0.0130009	-0.0956275
12.5042	-0.547028	0.0133824	-0.0953532
12.5173	-0.536346	0.0301671	-0.0950686
12.5304	-0.525665	0.0345921	-0.0948047
12.5435	-0.514984	0.0185704	-0.0945079
12.5566	-0.504303	0.0182652	-0.0941703
12.5698	-0.492859	0.0374913	-0.0938316
12.5829	-0.482178	0.0424504	-0.0935152
12.596	-0.470734	0.0178074	-0.0931661
12.6091	-0.460052	0.00460859	-0.0927513
12.6222	-0.448608	0.0338292	-0.0923313
12.6353	-0.437164	0.0582432	-0.0919367
12.6484	-0.426483	0.043137	-0.0915277
12.6615	-0.415039	0.0297093	-0.0910538
12.6746	-0.403595	0.0307774	-0.0905601
12.6877	-0.392151	0.0333714	-0.0900308
12.7008	-0.379944	0.0409245	-0.0894968
12.7139	-0.3685	0.046494	-0.0889354
12.727	-0.357056	0.0558018	-0.0883422
12.7401	-0.344849	0.0553441	-0.0877076
12.7533	-0.333405	0.0608372	-0.0870383
12.7664	-0.321198	0.065186	-0.0863193
12.7795	-0.309753	0.0613713	-0.0855651
12.7926	-0.297546	0.0725865	-0.0847471
12.8057	-0.285339	0.0684666	-0.0838833
12.8188	-0.273132	0.0692296	-0.0829814
12.8319	-0.260925	0.0712132	-0.0819968
12.845	-0.249481	0.0854039	-0.0809418
12.8581	-0.237274	0.0799107	-0.0798006
12.8712	-0.225067	0.0847935	-0.0786001
12.8843	-0.212097	0.0891423	-0.0772992
12.8974	-0.19989	0.101731	-0.0758896
12.9105	-0.187683	0.0970006	-0.0744081
12.9236	-0.175476	0.105164	-0.0727922
12.9368	-0.163269	0.103409	-0.071044
12.9499	-0.150299	0.113709	-0.0691367
12.963	-0.138092	0.124619	-0.0670656
12.9761	-0.125885	0.16536	-0.0648689
12.9892	-0.112915	0.18573	-0.0624935
13.0023	-0.100708	0.217469	-0.0598862
13.0154	-0.088501	0.216248	-0.0571269
13.0285	-0.075531	0.24173	-0.0540103
13.0416	-0.063324	0.266526	-0.050574
13.0547	-0.050354	0.305665	-0.0466822
13.0678	-0.038147	0.318406	-0.0424387
13.0809	-0.0259399	0.365708	-0.037783
13.094	-0.01297	0.369065	-0.0329239
