0	0	-0.0082467	0
0.0131	0.012207	-0.24018	-0.00298763
0.0262	0.0244141	0.198128	-0.00255815
0.0393	0.037384	0.00510474	-0.00185102
0.0524	0.0495911	0.120232	-0.000961447
0.0655	0.062561	0.0915458	9.13184e-05
0.0786	0.0747681	0.0536277	0.00104681
0.0917	0.087738	0.0795676	0.00204958
0.1048	0.0999451	0.0994804	0.0031676
0.1179	0.112152	0.0674369	0.00410688
0.131	0.125122	0.0907065	0.00519885
0.1441	0.137329	0.0964286	0.00632779
0.1572	0.149536	0.080712	0.00747422
0.1703	0.162506	0.0739219	0.00855676
0.1835	0.174713	0.0852134	0.00970249
0.1966	0.18692	0.0830009	0.0108719
0.2097	0.199127	0.0791862	0.0120478
0.2228	0.211334	0.0790336	0.0131978
0.2359	0.223541	0.0818565	0.0143864
0.249	0.235748	0.0855949	0.0155858
0.2621	0.247955	0.0804069	0.0168133
0.2752	0.260162	0.082772	0.017999
0.2883	0.272369	0.0837638	0.0192163
0.3014	0.284576	0.0854423	0.0204127
0.3145	0.296783	0.0766685	0.0216066
0.3276	0.308228	0.0854423	0.0227641
0.3407	0.320435	0.0938346	0.023959
0.3538	0.332642	0.0897147	0.0251114
0.367	0.344086	0.0974967	0.0262841
0.3801	0.356293	0.088494	0.0273955
0.3932	0.367737	0.091851	0.0285185
0.4063	0.379181	0.0923087	0.0296306
0.4194	0.390625	0.0875785	0.0307439
0.4325	0.402832	0.078881	0.0317936
0.4456	0.414276	0.0756766	0.0328453
0.4587	0.42572	0.0793388	0.0338686
0.4718	0.436401	0.086663	0.0349064
0.4849	0.447845	0.0857474	0.0359053
0.498	0.45929	0.076287	0.0368834
0.5111	0.469971	0.0652244	0.0378665
0.5242	0.481415	0.0688102	0.038845
0.5373	0.492096	0.0599601	0.0398131
0.5505	0.50354	0.0707175	0.0407262
0.5636	0.514221	0.0764396	0.0416276
0.5767	0.524902	0.0672843	0.042516
0.5898	0.535583	0.0662925	0.0434103
0.6029	0.546265	0.0756766	0.0442531
0.616	0.556183	0.0639274	0.0450856
0.6291	0.566864	0.0495841	0.0459268
0.6422	0.576782	0.0604178	0.0467548
0.6553	0.587463	0.0659873	0.0475404
0.6684	0.597382	0.0561454	0.048299
0.6815	0.6073	0.0665214	0.0490659
0.6946	0.617218	0.0578239	0.0497695
0.7077	0.627136	0.0494315	0.0505219
0.7208	0.637054	0.0669791	0.0512469
0.734	0.646973	0.0422599	0.0519104
0.7471	0.656128	0.058129	0.0526063
0.7602	0.665283	0.0479056	0.0532312
0.7733	0.675201	0.0411918	0.0539192
0.7864	0.684357	0.0546958	0.0545166
0.7995	0.693512	0.0398185	0.0551554
0.8126	0.701904	0.0488975	0.0556862
0.8257	0.71106	0.0397422	0.0563504
0.8388	0.720215	0.0364616	0.0568223
0.8519	0.728607	0.0530936	0.0574478
0.865	0.737	0.0165488	0.0579255
0.8781	0.745392	0.0662162	0.0584835
0.8912	0.753784	0.0170829	0.0589918
0.9043	0.762177	0.0474479	0.0594328
0.9175	0.769806	0.0430991	0.0599888
0.9306	0.778198	0.0201346	0.0604169
0.9437	0.785828	0.0411918	0.0608457
0.9568	0.793457	0.0351646	0.0612989
0.9699	0.801086	0.0308158	0.0617171
0.983	0.808716	0.0197532	0.0621218
0.9961	0.815582	0.0322654	0.0624989
1.0092	0.823212	0.0353934	0.0628848
1.0223	0.830078	0.038903	0.0632828
1.0354	0.836945	0.0254752	0.0636306
1.0485	0.843811	0.0269248	0.0639806
1.0616	0.850677	0.0234916	0.064302
1.0747	0.856781	0.0165488	0.0646382
1.0878	0.863647	0.0279166	0.0649417
1.101	0.869751	0.0199058	0.0652504
1.1141	0.875854	0.0250938	0.0655485
1.1272	0.881958	0.0165488	0.0658311
1.1403	0.888062	0.0224235	0.0661011
1.1534	0.893402	0.0170829	0.0663567
1.1665	0.898743	0.0170829	0.0666095
1.1796	0.904083	0.0120475	0.0668708
1.1927	0.909424	0.0157096	0.0670967
1.2058	0.914764	0.0231864	0.0673164
1.2189	0.920105	0.0131156	0.0675227
1.232	0.924683	0.0131156	0.0677479
1.2451	0.92926	0.0131156	0.0679561
1.2582	0.933838	0.00869056	0.0681383
1.2713	0.938416	0.0227286	0.0683122
1.2845	0.94223	0.010369	0.068498
1.2976	0.946808	0.0163962	0.0686569
1.3107	0.950623	0.0178458	0.0688241
1.3238	0.954437	0.0189139	0.0689782
1.3369	0.958252	0.011132	0.0691203
1.35	0.961304	-0.00206689	0.0692507
1.3631	0.965118	0.0109794	0.0693946
1.3762	0.96817	0.0205161	0.0695026
1.3893	0.971222	0.01426	0.0696295
1.4024	0.974274	0.01632	0.0697292
1.4155	0.976562	0.00174781	0.069848
1.4286	0.979614	-0.000922481	0.0699435
1.4417	0.981903	0.0146415	0.0700299
1.4548	0.984192	0.00960608	0.0701093
1.468	0.986481	0.01426	0.0701754
1.4811	0.988007	-0.0045083	0.0702655
1.4942	0.990295	0.01632	0.0703255
1.5073	0.991821	0.00113746	0.0703971
1.5204	0.993347	0.00838538	0.0704367
1.5335	0.994873	0.00708838	0.0704775
1.5466	0.995636	-0.00206689	0.070517
1.5597	0.996399	-0.00328759	0.0705397
1.5728	0.997925	0.012963	0.0705866
1.5859	0.998688	0.0100638	0.0705882
1.599	0.998688	-0.00336389	0.0706141
1.6121	0.999451	0.00106116	0.070635
1.6252	0.999451	0.00151893	0.0706285
1.6384	0.999451	-0.00107507	0.0706218
1.6515	0.999451	-0.00275354	0.0706186
1.6646	0.999451	-0.000846187	0.0706152
1.6777	0.998688	0.00273963	0.0706076
1.6908	0.998688	0.00411292	0.0705932
1.7039	0.997925	-0.00252465	0.0705734
1.717	0.997162	-0.00992517	0.0705687
1.7301	0.995636	0.0122001	0.070545
1.7432	0.994873	-0.00328759	0.0705221
1.7563	0.993347	-0.00344018	0.0705157
1.7694	0.991821	0.00731727	0.0704883
1.7825	0.990295	0.00212928	0.0704692
1.7956	0.988007	-0.0164864	0.0704333
1.8087	0.986481	0.0192954	0.0704053
1.8219	0.984192	-0.0115273	0.070344
1.835	0.981903	-0.0299142	0.0703375
1.8481	0.979614	-0.00160913	0.0703002
1.8612	0.976562	0.00281592	0.0702609
1.8743	0.974274	-0.00664453	0.0702119
1.8874	0.971222	-0.00420312	0.0701658
1.9005	0.96817	-0.00633935	0.0701101
1.9136	0.965118	-0.00519494	0.0700578
1.9267	0.961304	-0.00221948	0.0699907
1.9398	0.958252	-0.010154	0.0699235
1.9529	0.954437	0.00121375	0.0698584
1.966	0.950623	-0.0120614	0.0697887
1.9791	0.946808	-0.00130395	0.0697031
1.9922	0.942993	-0.005729	0.0696245
2.0054	0.938416	-0.00923852	0.0695365
2.0185	0.933838	-0.00244836	0.0694512
2.0316	0.92926	-0.00679711	0.0693601
2.0447	0.924683	-0.0149606	0.069248
2.0578	0.920105	-0.0132821	0.0691312
2.0709	0.914764	-0.00855188	0.069024
2.084	0.909424	-0.00641565	0.0688992
2.0971	0.904846	-0.0151894	0.0687783
2.1102	0.898743	-0.0106881	0.0686359
2.1233	0.893402	-0.00763635	0.068493
2.1364	0.888062	-0.00641565	0.0683432
2.1495	0.881958	-0.00641565	0.0681867
2.1626	0.875854	-0.00870446	0.068018
2.1757	0.869751	-0.0177071	0.0678388
2.1889	0.863647	-0.0191567	0.0676559
2.202	0.856781	-0.017936	0.0674672
2.2151	0.850677	-0.0149606	0.0672697
2.2282	0.843811	-0.010154	0.0670646
2.2413	0.836945	-0.0161813	0.0668458
2.2544	0.830078	-0.0217507	0.066624
2.2675	0.823212	-0.0212167	0.0663625
2.2806	0.816345	-0.0220559	0.0661086
2.2937	0.808716	-0.0235055	0.0658555
2.3068	0.801086	-0.0142739	0.0655851
2.3199	0.793457	-0.0236581	0.0652996
2.333	0.785828	-0.0235818	0.0649889
2.3461	0.778198	-0.0299905	0.0646778
2.3592	0.770569	-0.019233	0.0643654
2.3724	0.762177	-0.0343392	0.0639998
2.3855	0.753784	-0.0293038	0.0636343
2.3986	0.745392	-0.0260995	0.0632938
2.4117	0.737	-0.0355599	0.0628893
2.4248	0.728607	-0.0216744	0.062478
2.4379	0.720215	-0.0409005	0.0620984
2.451	0.71106	-0.0289987	0.0616275
2.4641	0.702667	-0.0262521	0.0612279
2.4772	0.693512	-0.049064	0.0607161
2.4903	0.684357	-0.02053	0.0603024
2.5034	0.675201	-0.0631783	0.0597655
2.5165	0.666046	-0.00992517	0.0592751
2.5296	0.656128	-0.0727151	0.0587175
2.5427	0.646973	-0.0169442	0.0582121
2.5559	0.637054	-0.063865	0.0576122
2.569	0.627136	-0.0312875	0.0570745
2.5821	0.617218	-0.0445626	0.0564209
2.5952	0.6073	-0.0602792	0.0558442
2.6083	0.597382	-0.0355599	0.0552076
2.6214	0.587463	-0.0574563	0.0545609
2.6345	0.577545	-0.0527261	0.0539045
2.6476	0.566864	-0.0423501	0.0531878
2.6607	0.556183	-0.0521157	0.0524584
2.6738	0.546265	-0.0642465	0.0517538
2.6869	0.535583	-0.0627206	0.051022
2.7	0.524902	-0.0572274	0.0502261
2.7131	0.514221	-0.0624917	0.0494508
2.7262	0.50354	-0.0680612	0.0486596
2.7394	0.492096	-0.0627969	0.0478295
2.7525	0.481415	-0.0528787	0.0469536
2.7656	0.469971	-0.0533364	0.0461007
2.7787	0.45929	-0.0822518	0.0452052
2.7918	0.447845	-0.0816415	0.0443016
2.8049	0.436401	-0.0750802	0.0433985
2.818	0.42572	-0.0732491	0.042453
2.8311	0.414276	-0.0752328	0.0414927
2.8442	0.402832	-0.0765298	0.0405008
2.8573	0.391388	-0.0686715	0.0395187
2.8704	0.379181	-0.077369	0.0384822
2.8835	0.367737	-0.0850747	0.0374225
2.8966	0.356293	-0.0855325	0.036339
2.9097	0.344086	-0.0865243	0.0352546
2.9229	0.332642	-0.0817941	0.0341114
2.936	0.320435	-0.0808022	0.0329863
2.9491	0.30899	-0.0807259	0.0318162
2.9622	0.296783	-0.0882028	0.0306464
2.9753	0.284576	-0.0931619	0.0294193
2.9884	0.272369	-0.0820992	0.028182
3.0015	0.260162	-0.0754617	0.0269192
3.0146	0.248718	-0.0770638	0.0256684
3.0277	0.236511	-0.0836251	0.0243574
3.0408	0.224304	-0.0852273	0.023055
3.0539	0.211334	-0.0839303	0.021724
3.067	0.199127	-0.0871346	0.0203984
3.0801	0.18692	-0.0926278	0.019027
3.0932	0.174713	-0.090339	0.0176487
3.1064	0.162506	-0.0840829	0.01626
3.1195	0.149536	-0.0859902	0.0149136
3.1326	0.137329	-0.089042	0.0135029
3.1457	0.125122	-0.0894235	0.0121218
3.1588	0.112152	-0.0926278	0.010716
3.1719	0.0999451	-0.094764	0.00934927
3.185	0.087738	-0.0936196	0.00793743
3.1981	0.0747681	-0.0911019	0.00655449
3.2112	0.062561	-0.0932382	0.00515544
3.2243	0.0495911	-0.0911782	0.00378246
3.2374	0.037384	-0.0965951	0.00237784
3.2505	0.025177	-0.098121	0.00100249
3.2636	0.012207	-0.103156	-0.000398592
3.2768	0	-0.10514	-0.00175788
3.2899	-0.01297	-0.112693	-0.00317187
3.303	-0.025177	-0.103156	-0.00454984
3.3161	-0.038147	-0.106056	-0.00591908
3.3292	-0.050354	-0.115669	-0.00726463
3.3423	-0.063324	-0.126121	-0.0086549
3.3554	-0.075531	-0.131614	-0.0100152
3.3685	-0.088501	-0.126273	-0.0113813
3.3816	-0.100708	-0.129173	-0.0127002
3.3947	-0.112915	-0.127113	-0.0140716
3.4078	-0.125885	-0.123222	-0.0154122
3.4209	-0.138092	-0.120094	-0.0167557
3.434	-0.150299	-0.125434	-0.0180735
3.4471	-0.163269	-0.115058	-0.019383
3.4603	-0.175476	-0.122993	-0.0206918
3.4734	-0.187683	-0.110938	-0.0219965
3.4865	-0.19989	-0.114143	-0.0232651
3.4996	-0.212097	-0.102241	-0.024561
3.5127	-0.224304	-0.103004	-0.0258266
3.5258	-0.236511	-0.0966714	-0.0270751
3.5389	-0.248718	-0.103156	-0.0283239
3.552	-0.260925	-0.0946877	-0.0295676
3.5651	-0.273132	-0.0972817	-0.0307824
3.5782	-0.285339	-0.0967477	-0.0319699
3.5913	-0.297546	-0.100715	-0.0331412
3.6044	-0.30899	-0.100028	-0.0343301
3.6175	-0.321198	-0.108878	-0.0355012
3.6306	-0.333405	-0.0978158	-0.0366528
3.6438	-0.344849	-0.104301	-0.0377745
3.6569	-0.357056	-0.100181	-0.0389018
3.67	-0.3685	-0.0959847	-0.0399896
3.6831	-0.379944	-0.0882028	-0.0410821
3.6962	-0.391388	-0.0777505	-0.0421264
3.7093	-0.403595	-0.0775216	-0.0432005
3.7224	-0.415039	-0.0811837	-0.0442482
3.7355	-0.426483	-0.0777505	-0.0452927
3.7486	-0.437164	-0.0777505	-0.0462967
3.7617	-0.448608	-0.0734017	-0.0472969
3.7748	-0.460052	-0.0659249	-0.0482629
3.7879	-0.470734	-0.0647805	-0.049245
3.801	-0.482178	-0.0663827	-0.0501964
3.8141	-0.492859	-0.0700448	-0.0511243
3.8273	-0.504303	-0.078666	-0.0520364
3.8404	-0.514984	-0.0757668	-0.0529098
3.8535	-0.525665	-0.0605843	-0.0537998
3.8666	-0.536346	-0.0653146	-0.0546521
3.8797	-0.547028	-0.0694344	-0.0554968
3.8928	-0.556946	-0.0595162	-0.0563271
3.9059	-0.567627	-0.0526498	-0.0571549
3.919	-0.577545	-0.0644753	-0.0579373
3.9321	-0.588226	-0.0667642	-0.0586748
3.9452	-0.598145	-0.0563882	-0.059467
3.9583	-0.608063	-0.0644753	-0.0602149
3.9714	-0.617981	-0.045707	-0.060922
3.9845	-0.627899	-0.0538705	-0.0616645
3.9976	-0.637817	-0.0717233	-0.0623475
4.0108	-0.647736	-0.0332711	-0.063033
4.0239	-0.656891	-0.0621102	-0.0636916
4.037	-0.666046	-0.0354073	-0.0643278
4.0501	-0.675964	-0.0527261	-0.0649866
4.0632	-0.68512	-0.0441049	-0.0655424
4.0763	-0.694275	-0.0489114	-0.0661979
4.0894	-0.702667	-0.0331948	-0.0667301
4.1025	-0.711823	-0.0565408	-0.0673758
4.1156	-0.720978	-0.0215981	-0.0678488
4.1287	-0.72937	-0.0657723	-0.0684291
4.1418	-0.737762	-0.00435571	-0.0689404
4.1549	-0.746155	-0.0724862	-0.0694337
4.168	-0.754547	-0.0180123	-0.0699761
4.1811	-0.762939	-0.0363992	-0.0703878
4.1943	-0.770569	-0.0519631	-0.0709124
4.2074	-0.778961	-0.0174783	-0.0713394
4.2205	-0.786591	-0.0355599	-0.0717678
4.2336	-0.79422	-0.0418923	-0.0722139
4.2467	-0.801849	-0.0343392	-0.0726501
4.2598	-0.809479	-0.0228188	-0.0730546
4.2729	-0.816345	-0.0286172	-0.0734284
4.286	-0.823975	-0.0307534	-0.0738073
4.2991	-0.830841	-0.0410531	-0.074181
4.3122	-0.837708	-0.0252602	-0.0745576
4.3253	-0.844574	-0.0353311	-0.0749095
4.3384	-0.85144	-0.0219033	-0.0752287
4.3515	-0.857544	-0.021827	-0.0755716
4.3646	-0.86441	-0.0247262	-0.0758699
4.3778	-0.870514	-0.0184701	-0.0761744
4.3909	-0.876617	-0.0200723	-0.0764633
4.404	-0.882721	-0.0171731	-0.0767475
4.4171	-0.888824	-0.0212167	-0.0770302
4.4302	-0.894165	-0.0212167	-0.0772906
4.4433	-0.899506	-0.0203011	-0.0775424
4.4564	-0.904846	-0.0217507	-0.077795
4.4695	-0.910187	-0.0112985	-0.0780277
4.4826	-0.915527	-0.0232766	-0.0782587
4.4957	-0.920868	-0.0224374	-0.0784629
4.5088	-0.925446	-0.00771264	-0.078679
4.5219	-0.930023	-0.0135873	-0.078903
4.535	-0.934601	-0.0167153	-0.079081
4.5481	-0.939178	-0.0193856	-0.0792706
4.5613	-0.942993	-0.0113748	-0.0794559
4.5744	-0.947571	-0.017936	-0.0796259
4.5875	-0.951385	-0.016639	-0.0797837
4.6006	-0.9552	-0.0183175	-0.0799487
4.6137	-0.959015	-0.0123666	-0.0800964
4.6268	-0.962067	-0.00229577	-0.0802383
4.6399	-0.965881	-0.0149606	-0.0803811
4.653	-0.968933	-0.0198434	-0.0805007
4.6661	-0.971985	-0.0187753	-0.0806276
4.6792	-0.975037	-0.0162576	-0.0807288
4.6923	-0.977325	-0.00595788	-0.0808499
4.7054	-0.980377	-0.00244836	-0.0809596
4.7185	-0.982666	-0.0150369	-0.0810592
4.7316	-0.984955	-0.0133584	-0.0811539
4.7448	-0.987244	-0.0152657	-0.0812288
4.7579	-0.98877	0.00624915	-0.081326
4.771	-0.991058	-0.0186227	-0.0814035
4.7841	-0.992584	-0.000312129	-0.0814828
4.7972	-0.99411	-0.00672082	-0.0815362
4.8103	-0.995636	-0.00595788	-0.0815778
4.8234	-0.996399	0.00319739	-0.0816356
4.8365	-0.997162	0.00144263	-0.0816669
4.8496	-0.998688	-0.0131295	-0.0817202
4.8627	-0.999451	-0.00977258	-0.0817344
4.8758	-0.999451	0.00373145	-0.0817725
4.8889	-1.00021	-0.00176171	-0.0817965
4.902	-1.00021	0.000221928	-0.0818028
4.9152	-1.00021	-0.00130395	-0.0818086
4.9283	-1.00021	0.000603398	-0.0818157
4.9414	-1.00021	-0.000769893	-0.0818229
4.9545	-0.999451	-0.00275354	-0.0818266
4.9676	-0.999451	-0.00290612	-0.0818243
4.9807	-0.998688	0.00342627	-0.0818178
4.9938	-0.997925	0.00975867	-0.0818287
5.0069	-0.996399	-0.0184701	-0.0818127
5.02	-0.995636	0.00472327	-0.0817991
5.0331	-0.99411	0.00472327	-0.0818082
5.0462	-0.992584	-0.0112985	-0.081794
5.0593	-0.991058	-0.000846187	-0.0817837
5.0724	-0.98877	0.0186851	-0.0817605
5.0855	-0.987244	-0.0221322	-0.0817435
5.0987	-0.984955	0.0113608	-0.0816924
5.1118	-0.982666	0.0306632	-0.0816948
5.1249	-0.980377	-0.00229577	-0.0816688
5.138	-0.977325	-0.0032113	-0.0816353
5.1511	-0.975037	0.00411292	-0.081602
5.1642	-0.971985	0.00853797	-0.0815716
5.1773	-0.968933	0.00663062	-0.0815302
5.1904	-0.965881	0.00586768	-0.0814905
5.2035	-0.962067	0.00159522	-0.0814377
5.2166	-0.959015	0.00991126	-0.0813834
5.2297	-0.9552	-0.00290612	-0.0813329
5.2428	-0.951385	0.0106742	-0.0812729
5.2559	-0.947571	0.00144263	-0.0812049
5.269	-0.943756	0.00487586	-0.0811391
5.2822	-0.939178	0.0056388	-0.0810615
5.2953	-0.934601	0.00365516	-0.080989
5.3084	-0.930023	0.0081565	-0.0809086
5.3215	-0.925446	0.0161674	-0.0808082
5.3346	-0.920868	0.00869056	-0.0807099
5.3477	-0.915527	0.00998755	-0.0806123
5.3608	-0.910187	0.0093772	-0.080503
5.3739	-0.905609	0.0118949	-0.080392
5.387	-0.899506	0.00609656	-0.0802681
5.4001	-0.894165	0.00922461	-0.080136
5.4132	-0.888824	0.0130393	-0.0799948
5.4263	-0.882721	0.0154044	-0.0798528
5.4394	-0.876617	0.0144889	-0.0796979
5.4525	-0.870514	0.0206687	-0.0795419
5.4657	-0.86441	0.0226523	-0.0793745
5.4788	-0.857544	0.0223472	-0.0791958
5.4919	-0.85144	0.0182273	-0.0790084
5.505	-0.844574	0.0135734	-0.0788143
5.5181	-0.837708	0.0183036	-0.0786045
5.5312	-0.830841	0.0241782	-0.0783844
5.5443	-0.823975	0.0204398	-0.0781441
5.5574	-0.817108	0.0157096	-0.0778963
5.5705	-0.809479	0.0226523	-0.0776539
5.5836	-0.801849	0.0212791	-0.0773941
5.5967	-0.79422	0.02517	-0.0771173
5.6098	-0.786591	0.0205161	-0.0768086
5.6229	-0.778961	0.0227286	-0.0765064
5.636	-0.771332	0.0269248	-0.0762183
5.6492	-0.762939	0.0317313	-0.0758771
5.6623	-0.754547	0.0192954	-0.0755273
5.6754	-0.746155	0.0308158	-0.0751943
5.6885	-0.737762	0.0334861	-0.0748007
5.7016	-0.72937	0.0173881	-0.0744149
5.7147	-0.720978	0.0414207	-0.0740388
5.7278	-0.711823	0.0205924	-0.073597
5.7409	-0.70343	0.0375297	-0.0732054
5.754	-0.694275	0.0375297	-0.0726883
5.7671	-0.68512	0.028527	-0.0722893
5.7802	-0.675964	0.0530936	-0.07175
5.7933	-0.666809	0.015557	-0.0713233
5.8064	-0.656891	0.0599601	-0.0707277
5.8195	-0.647736	0.0274589	-0.0702805
5.8327	-0.637817	0.0553824	-0.0696427
5.8458	-0.627899	0.0419547	-0.0691537
5.8589	-0.617981	0.0378348	-0.0684946
5.872	-0.608063	0.0547721	-0.0679154
5.8851	-0.598145	0.0411918	-0.0673008
5.8982	-0.588226	0.058129	-0.0666221
5.9113	-0.578308	0.0521781	-0.0659982
5.9244	-0.567627	0.0435569	-0.0653279
5.9375	-0.556946	0.0454642	-0.0645986
5.9506	-0.547028	0.0606467	-0.0638985
5.9637	-0.536346	0.0669791	-0.0631637
5.9768	-0.525665	0.0543143	-0.0623898
5.9899	-0.514984	0.0595786	-0.0616227
6.003	-0.504303	0.0754478	-0.0608428
6.0162	-0.492859	0.066674	-0.0600049
6.0293	-0.482178	0.0547721	-0.0591563
6.0424	-0.470734	0.0528647	-0.0583052
6.0555	-0.460052	0.0605704	-0.0574117
6.0686	-0.448608	0.0774314	-0.0565237
6.0817	-0.437164	0.0760581	-0.0555774
6.0948	-0.426483	0.0727012	-0.0546465
6.1079	-0.415039	0.0743034	-0.0536919
6.121	-0.403595	0.0773551	-0.0527055
6.1341	-0.392151	0.0812461	-0.0516769
6.1472	-0.379944	0.0854423	-0.0506671
6.1603	-0.3685	0.0881888	-0.0496191
6.1734	-0.357056	0.0873496	-0.0485714
6.1865	-0.344849	0.0928428	-0.0474821
6.1997	-0.333405	0.0900962	-0.0463778
6.2128	-0.321198	0.0982597	-0.0452409
6.2259	-0.309753	0.0881888	-0.0440752
6.239	-0.297546	0.0974967	-0.0428827
6.2521	-0.285339	0.0942924	-0.0416833
6.2652	-0.273132	0.0973441	-0.0404561
6.2783	-0.260925	0.0851371	-0.0392049
6.2914	-0.249481	0.0888755	-0.0379245
6.3045	-0.237274	0.0837638	-0.0366246
6.3176	-0.225067	0.0909354	-0.0353146
6.3307	-0.212097	0.0881888	-0.0339692
6.3438	-0.19989	0.0981834	-0.0326048
6.3569	-0.187683	0.0941398	-0.031243
6.37	-0.175476	0.0996329	-0.029871
6.3832	-0.163269	0.0945975	-0.0284884
6.3963	-0.150299	0.0964286	-0.0271035
6.4094	-0.138092	0.0925376	-0.0257042
6.4225	-0.125885	0.105279	-0.0242984
6.4356	-0.112915	0.107949	-0.0228834
6.4487	-0.100708	0.116418	-0.0214554
6.4618	-0.088501	0.114815	-0.0200579
6.4749	-0.075531	0.114129	-0.018649
6.488	-0.063324	0.114968	-0.0172332
6.5011	-0.050354	0.116723	-0.0157987
6.5142	-0.038147	0.118554	-0.0143977
6.5273	-0.0259399	0.125268	-0.0129716
6.5404	-0.01297	0.127099	-0.011541
6.5536	0	0.127404	-0.0100884
6.5667	0.012207	0.126717	-0.00871162
6.5798	0.0244141	0.11657	-0.00731339
6.5929	0.037384	0.118325	-0.00594087
6.606	0.0495911	0.126488	-0.00453993
6.6191	0.062561	0.129311	-0.00316511
6.6322	0.0747681	0.132134	-0.00176301
6.6453	0.087738	0.121606	-0.000388956
6.6584	0.0999451	0.115044	0.000998656
6.6715	0.112152	0.106805	0.00232724
6.6846	0.125122	0.105736	0.00369449
6.6977	0.137329	0.104897	0.00503894
6.7108	0.149536	0.102914	0.00640049
6.7239	0.162506	0.102303	0.00771124
6.7371	0.174713	0.101617	0.00906515
6.7502	0.18692	0.0994804	0.0104004
6.7633	0.199127	0.0880363	0.0117142
6.7764	0.211334	0.084069	0.0129711
6.7895	0.223541	0.0808646	0.0142509
6.8026	0.235748	0.0872733	0.0155168
6.8157	0.247955	0.0881888	0.0168048
6.8288	0.260162	0.0826957	0.0180422
6.8419	0.272369	0.0823905	0.0192914
6.855	0.284576	0.0874259	0.0205096
6.8681	0.296783	0.0793388	0.021729
6.8812	0.308228	0.0839927	0.0228971
6.8943	0.320435	0.0945212	0.0240917
6.9074	0.332642	0.0955894	0.0252583
6.9206	0.344086	0.101006	0.0264457
6.9337	0.356293	0.0900962	0.0275649
6.9468	0.367737	0.0891807	0.0286891
6.9599	0.379181	0.0885703	0.0297952
6.973	0.390625	0.0818565	0.0308975
6.9861	0.402832	0.0837638	0.0319402
6.9992	0.414276	0.0782706	0.0329919
7.0123	0.42572	0.0765159	0.0340155
7.0254	0.436401	0.0836112	0.0350404
7.0385	0.447845	0.0845267	0.0360251
7.0516	0.45929	0.0761344	0.0370016
7.0647	0.469971	0.0656058	0.0379814
7.0778	0.481415	0.0625541	0.0389551
7.0909	0.492096	0.0564506	0.0399051
7.1041	0.50354	0.0747611	0.0407965
7.1172	0.514221	0.0788047	0.0416996
7.1303	0.524902	0.066674	0.0425855
7.1434	0.535583	0.0616386	0.0434583
7.1565	0.546265	0.0730064	0.0442816
7.1696	0.556183	0.0669028	0.0451149
7.1827	0.566864	0.0483634	0.0459488
7.1958	0.576782	0.0589683	0.0467605
7.2089	0.587463	0.0610282	0.0475331
7.222	0.597382	0.0543143	0.0482718
7.2351	0.6073	0.0637748	0.0490316
7.2482	0.617218	0.0541617	0.0497155
7.2613	0.627136	0.0476768	0.0504552
7.2744	0.637054	0.065377	0.0511776
7.2876	0.646973	0.0339439	0.0518197
7.3007	0.656128	0.0601127	0.0525002
7.3138	0.665283	0.0454642	0.0531143
7.3269	0.675201	0.0437858	0.0537967
7.34	0.684357	0.0524833	0.0543708
7.3531	0.693512	0.0348594	0.0549989
7.3662	0.701904	0.0501945	0.0555179
7.3793	0.71106	0.0356986	0.0561644
7.3924	0.720215	0.0402762	0.0566294
7.4055	0.728607	0.0509574	0.0572424
7.4186	0.737	0.0157096	0.0577006
7.4317	0.745392	0.0664451	0.0582515
7.4448	0.753784	0.0133445	0.0587364
7.4579	0.762177	0.048516	0.0591739
7.4711	0.769806	0.0421836	0.0597158
7.4842	0.778198	0.0196006	0.0601289
7.4973	0.785828	0.041497	0.0605569
7.5104	0.793457	0.0356986	0.0609905
7.5235	0.801086	0.0318839	0.061405
7.5366	0.808716	0.0146415	0.0617943
7.5497	0.815582	0.0299766	0.0621648
7.5628	0.823212	0.0338676	0.0625366
7.5759	0.830078	0.0406577	0.0629248
7.589	0.836945	0.0245597	0.0632631
7.6021	0.843811	0.0245597	0.0636102
7.6152	0.850677	0.0228049	0.0639131
7.6283	0.856781	0.0158622	0.0642448
7.6414	0.863647	0.0266196	0.0645405
7.6546	0.869751	0.0196006	0.0648405
7.6677	0.875854	0.0217368	0.0651347
7.6808	0.881958	0.0229575	0.0654034
7.6939	0.888062	0.0196006	0.0656646
7.707	0.893402	0.0189139	0.0659174
7.7201	0.898743	0.0160148	0.0661614
7.7332	0.904083	0.0128867	0.0664165
7.7463	0.909424	0.0154044	0.0666327
7.7594	0.914764	0.0250938	0.0668487
7.7725	0.920105	0.012963	0.0670444
7.7856	0.924683	0.00952979	0.0672676
7.7987	0.92926	0.0131919	0.0674685
7.8118	0.933838	0.0134971	0.0676452
7.8249	0.938416	0.0205924	0.0678117
7.8381	0.94223	0.00991126	0.067993
7.8512	0.946808	0.0204398	0.06815
7.8643	0.950623	0.0186088	0.0683067
7.8774	0.954437	0.0187614	0.0684604
7.8905	0.958252	0.0106742	0.0685973
7.9036	0.961304	-0.00145654	0.0687251
7.9167	0.965118	0.0108268	0.0688652
7.9298	0.96817	0.0218131	0.0689714
7.9429	0.971222	0.0163962	0.0690935
7.956	0.974274	0.0187614	0.0691892
7.9691	0.976562	0.00457068	0.0693069
7.9822	0.979614	6.93404e-05	0.069397
7.9953	0.981903	0.0178458	0.0694822
8.0084	0.984192	0.0100638	0.0695602
8.0216	0.986481	0.0154044	0.0696233
8.0347	0.988007	-0.00542382	0.0697093
8.0478	0.990295	0.0164725	0.0697704
8.0609	0.991821	-0.00122766	0.0698374
8.074	0.993347	0.00708838	0.0698774
8.0871	0.994873	0.0069358	0.0699145
8.1002	0.995636	-0.00366906	0.0699539
8.1133	0.996399	-0.00313501	0.0699756
8.1264	0.997925	0.012429	0.0700191
8.1395	0.998688	0.00983497	0.0700212
8.1526	0.998688	-0.00633935	0.070049
8.1657	0.999451	0.000374516	0.0700682
8.1788	0.999451	0.00273963	0.0700591
8.192	0.999451	-0.00183801	0.0700554
8.2051	0.999451	-0.00168542	0.0700504
8.2182	0.999451	-0.000617305	0.0700445
8.2313	0.998688	0.00083228	0.0700388
8.2444	0.998688	0.00632544	0.0700237
8.2575	0.997925	-0.00435571	0.0700028
8.2706	0.997162	-0.00992517	0.0700009
8.2837	0.995636	0.0141837	0.0699741
8.2968	0.994873	-0.00389794	0.0699479
8.3099	0.993347	-0.00618676	0.0699437
8.323	0.991821	0.00792762	0.0699182
8.3361	0.990295	0.00121375	0.0698963
8.3492	0.988007	-0.0181649	0.0698607
8.3623	0.986481	0.0193717	0.0698344
8.3755	0.984192	-0.0112222	0.0697727
8.3886	0.981903	-0.0272439	0.0697633
8.4017	0.979614	-0.00359277	0.0697268
8.4148	0.976562	0.00502845	0.0696857
8.4279	0.974274	-0.00603418	0.0696372
8.441	0.971222	-0.00763635	0.069592
8.4541	0.96817	-0.00717858	0.0695355
8.4672	0.965118	-0.00672082	0.0694839
8.4803	0.961304	-0.00214318	0.0694163
8.4934	0.958252	-0.0111459	0.0693486
8.5065	0.954437	0.0030448	0.0692837
8.5196	0.950623	-0.0132058	0.0692136
8.5327	0.946808	-0.00183801	0.0691279
8.5458	0.942993	-0.00427941	0.0690517
8.559	0.938416	-0.007026	0.0689619
8.5721	0.933838	-0.00221948	0.0688739
8.5852	0.92926	-0.00351647	0.0687837
8.5983	0.924683	-0.0151132	0.0686732
8.6114	0.920105	-0.0139687	0.0685577
8.6245	0.914764	-0.0106881	0.0684486
8.6376	0.909424	-0.00832299	0.068323
8.6507	0.904846	-0.0128243	0.0682005
8.6638	0.898743	-0.00740747	0.0680604
8.6769	0.893402	-0.00900964	0.0679168
8.69	0.888062	-0.00611047	0.0677669
8.7031	0.881958	-0.00923852	0.0676123
8.7162	0.875854	-0.0082467	0.0674447
8.7293	0.869751	-0.0177071	0.0672669
8.7425	0.863647	-0.0182412	0.0670822
8.7556	0.856781	-0.0157998	0.0668962
8.7687	0.850677	-0.0135873	0.0666981
8.7818	0.843811	-0.00885705	0.0664931
8.7949	0.836945	-0.017402	0.0662742
8.808	0.830078	-0.0234292	0.0660536
8.8211	0.823212	-0.0209115	0.0657957
8.8342	0.816345	-0.017936	0.0655378
8.8473	0.808716	-0.025718	0.0652801
8.8604	0.801086	-0.0178597	0.0650131
8.8735	0.793457	-0.0234292	0.0647287
8.8866	0.785828	-0.0222848	0.0644186
8.8997	0.778198	-0.0311349	0.0641049
8.9128	0.770569	-0.0209115	0.0637965
8.926	0.762177	-0.0335763	0.0634314
8.9391	0.753784	-0.0292275	0.0630671
8.9522	0.745392	-0.027015	0.0627271
8.9653	0.737	-0.0344918	0.0623234
8.9784	0.728607	-0.0235055	0.0619112
8.9915	0.720215	-0.0394509	0.0615315
9.0046	0.71106	-0.0283883	0.0610641
9.0177	0.702667	-0.0300668	0.060663
9.0308	0.693512	-0.0491403	0.0601547
9.0439	0.684357	-0.017402	0.0597373
9.057	0.675201	-0.0633309	0.0592058
9.0701	0.666046	-0.0106881	0.0587142
9.0832	0.656128	-0.0737069	0.0581597
9.0963	0.646973	-0.0164102	0.0576554
9.1095	0.637054	-0.0641702	0.0570548
9.1226	0.627136	-0.0308297	0.0565197
9.1357	0.617218	-0.047004	0.0558647
9.1488	0.6073	-0.0593636	0.055291
9.1619	0.597382	-0.0345681	0.0546545
9.175	0.587463	-0.0569222	0.0540163
9.1881	0.577545	-0.0559304	0.0533448
9.2012	0.566864	-0.0392983	0.052639
9.2143	0.556183	-0.0544808	0.0519153
9.2274	0.546265	-0.0698159	0.051202
9.2405	0.535583	-0.0595925	0.0504751
9.2536	0.524902	-0.0573037	0.0496835
9.2667	0.514221	-0.0641702	0.0489091
9.2798	0.50354	-0.0662301	0.0481101
9.293	0.492096	-0.05738	0.0472881
9.3061	0.481415	-0.0568459	0.0464143
9.3192	0.469971	-0.0536416	0.0455565
9.3323	0.45929	-0.0787423	0.0446594
9.3454	0.447845	-0.0793527	0.0437644
9.3585	0.436401	-0.0784371	0.042863
9.3716	0.42572	-0.0758431	0.0419058
9.3847	0.414276	-0.0723336	0.0409531
9.3978	0.402832	-0.0746224	0.0399689
9.4109	0.391388	-0.0732491	0.0389839
9.424	0.379181	-0.079963	0.0379397
9.4371	0.367737	-0.0857613	0.0368828
9.4502	0.356293	-0.0870583	0.0358031
9.4633	0.344086	-0.0857613	0.0347183
9.4765	0.332642	-0.0802682	0.0335753
9.4896	0.320435	-0.0827096	0.0324474
9.5027	0.30899	-0.0807259	0.03127
9.5158	0.296783	-0.0811074	0.0301057
9.5289	0.284576	-0.0854562	0.0288869
9.542	0.272369	-0.0820229	0.0276584
9.5551	0.260162	-0.0808785	0.0263924
9.5682	0.248718	-0.0818704	0.0251275
9.5813	0.236511	-0.082557	0.0238033
9.5944	0.224304	-0.0803445	0.022501
9.6075	0.211334	-0.0831674	0.0211756
9.6206	0.199127	-0.0862954	0.0198459
9.6337	0.18692	-0.09217	0.0184793
9.6468	0.174713	-0.0880502	0.0171002
9.66	0.162506	-0.0849984	0.0157097
9.6731	0.149536	-0.0833962	0.0143616
9.6862	0.137329	-0.0868295	0.012948
9.6993	0.125122	-0.0912545	0.0115608
9.7124	0.112152	-0.0915597	0.0101531
9.7255	0.0999451	-0.0906442	0.00878544
9.7386	0.087738	-0.0894235	0.00737493
9.7517	0.0747681	-0.0919412	0.00598493
9.7648	0.062561	-0.0920937	0.00457549
9.7779	0.0495911	-0.0900338	0.00319817
9.791	0.037384	-0.0953744	0.0017884
9.8041	0.025177	-0.0991891	0.000407135
9.8172	0.012207	-0.101249	-0.00100045
9.8304	0	-0.100105	-0.00236794
9.8435	-0.01297	-0.106361	-0.00378049
9.8566	-0.025177	-0.104453	-0.00515924
9.8697	-0.038147	-0.110481	-0.0065442
9.8828	-0.050354	-0.117805	-0.00790265
9.8959	-0.063324	-0.122993	-0.00930111
9.909	-0.075531	-0.130393	-0.0106637
9.9221	-0.088501	-0.126273	-0.0120342
9.9352	-0.100708	-0.128791	-0.0133662
9.9483	-0.112915	-0.125816	-0.014739
9.9614	-0.125885	-0.125434	-0.0160837
9.9745	-0.138092	-0.119941	-0.0174369
9.9876	-0.150299	-0.12635	-0.0187578
10.0007	-0.163269	-0.120094	-0.0200742
10.0139	-0.175476	-0.126807	-0.0213952
10.027	-0.187683	-0.109641	-0.0227032
10.0401	-0.19989	-0.114524	-0.0239737
10.0532	-0.212097	-0.108573	-0.0252714
10.0663	-0.224304	-0.108421	-0.0265436
10.0794	-0.236511	-0.102699	-0.0278012
10.0925	-0.248718	-0.105598	-0.0290557
10.1056	-0.260925	-0.0952218	-0.0302995
10.1187	-0.273132	-0.0967477	-0.0315103
10.1318	-0.285339	-0.0952218	-0.0327005
10.1449	-0.297546	-0.102546	-0.033872
10.158	-0.30899	-0.0967477	-0.0350614
10.1711	-0.321198	-0.104987	-0.0362288
10.1842	-0.333405	-0.0972054	-0.0373831
10.1974	-0.344849	-0.107429	-0.0385104
10.2105	-0.357056	-0.0978921	-0.039639
10.2236	-0.3685	-0.0938485	-0.0407286
10.2367	-0.379944	-0.0891183	-0.041813
10.2498	-0.391388	-0.0823281	-0.0428637
10.2629	-0.403595	-0.0801919	-0.043943
10.276	-0.415039	-0.0792764	-0.0449899
10.2891	-0.426483	-0.0759194	-0.0460282
10.3022	-0.437164	-0.0744698	-0.0470336
10.3153	-0.448608	-0.0743173	-0.0480399
10.3284	-0.460052	-0.0637124	-0.0490063
10.3415	-0.470734	-0.0615762	-0.0499871
10.3546	-0.482178	-0.063102	-0.0509293
10.3677	-0.492859	-0.076072	-0.0518558
10.3809	-0.504303	-0.0790475	-0.0527766
10.394	-0.514984	-0.0746224	-0.0536462
10.4071	-0.525665	-0.0661538	-0.0545323
10.4202	-0.536346	-0.065696	-0.0553927
10.4333	-0.547028	-0.0643227	-0.0562258
10.4464	-0.556946	-0.0595162	-0.0570506
10.4595	-0.567627	-0.0555489	-0.0578841
10.4726	-0.577545	-0.0616525	-0.0586744
10.4857	-0.588226	-0.0607369	-0.0593975
10.4988	-0.598145	-0.0619576	-0.0601837
10.5119	-0.608063	-0.0648568	-0.0609422
10.525	-0.617981	-0.0430367	-0.0616426
10.5381	-0.627899	-0.0540231	-0.0623768
10.5512	-0.637817	-0.0734017	-0.0630599
10.5644	-0.647736	-0.0323556	-0.063743
10.5775	-0.656891	-0.063102	-0.064405
10.5906	-0.666046	-0.0364755	-0.0650382
10.6037	-0.675964	-0.051658	-0.06569
10.6168	-0.68512	-0.0444863	-0.0662458
10.6299	-0.694275	-0.0476144	-0.0669005
10.643	-0.702667	-0.0344918	-0.0674275
10.6561	-0.711823	-0.0562356	-0.0680718
10.6692	-0.720978	-0.0212167	-0.068543
10.6823	-0.72937	-0.0628732	-0.0691215
10.6954	-0.737762	-0.00511865	-0.069628
10.7085	-0.746155	-0.0695107	-0.0701246
10.7216	-0.754547	-0.0197671	-0.0706599
10.7347	-0.762939	-0.0356362	-0.0710718
10.7479	-0.770569	-0.0524209	-0.0715938
10.761	-0.778961	-0.0180886	-0.0720214
10.7741	-0.786591	-0.0319741	-0.0724439
10.7872	-0.79422	-0.041816	-0.0728842
10.8003	-0.801849	-0.0312875	-0.0733246
10.8134	-0.809479	-0.0224374	-0.073723
10.8265	-0.816345	-0.0288461	-0.0740967
10.8396	-0.823975	-0.0322793	-0.074473
10.8527	-0.830841	-0.0385354	-0.0748456
10.8658	-0.837708	-0.028312	-0.0752212
10.8789	-0.844574	-0.0337289	-0.0755664
10.892	-0.85144	-0.0230477	-0.0758884
10.9051	-0.857544	-0.0223611	-0.0762295
10.9182	-0.86441	-0.0251077	-0.0765246
10.9314	-0.870514	-0.0195382	-0.0768315
10.9445	-0.876617	-0.0201486	-0.0771143
10.9576	-0.882721	-0.0180886	-0.0773951
10.9707	-0.888824	-0.0212167	-0.0776782
10.9838	-0.894165	-0.0217507	-0.0779377
10.9969	-0.899506	-0.019996	-0.078187
11.01	-0.904846	-0.0203774	-0.0784392
11.0231	-0.910187	-0.0122903	-0.0786707
11.0362	-0.915527	-0.0174783	-0.0789001
11.0493	-0.920868	-0.0236581	-0.079105
11.0624	-0.925446	-0.00664453	-0.079318
11.0755	-0.930023	-0.0137399	-0.0795409
11.0886	-0.934601	-0.0170205	-0.0797176
11.1017	-0.939178	-0.0177834	-0.0799045
11.1149	-0.942993	-0.0132058	-0.0800927
11.128	-0.947571	-0.0212167	-0.0802529
11.1411	-0.951385	-0.0154183	-0.080419
11.1542	-0.9552	-0.0191567	-0.0805806
11.1673	-0.959015	-0.0130532	-0.0807283
11.1804	-0.962067	-0.000769893	-0.0808658
11.1935	-0.965881	-0.0135873	-0.0810113
11.2066	-0.968933	-0.0183175	-0.081129
11.2197	-0.971985	-0.019233	-0.0812537
11.2328	-0.975037	-0.0184701	-0.0813553
11.2459	-0.977325	-0.00351647	-0.081474
11.259	-0.980377	-0.000846187	-0.0815872
11.2721	-0.982666	-0.0163339	-0.0816862
11.2852	-0.984955	-0.010917	-0.0817797
11.2984	-0.987244	-0.0145791	-0.0818551
11.3115	-0.98877	0.00449439	-0.0819496
11.3246	-0.991058	-0.0203011	-0.0820288
11.3377	-0.992584	0.00121375	-0.0821109
11.3508	-0.99411	-0.00611047	-0.0821579
11.3639	-0.995636	-0.00717858	-0.0822032
11.377	-0.996399	0.00144263	-0.0822567
11.3901	-0.997162	0.00373145	-0.0822919
11.4032	-0.998688	-0.0141976	-0.0823459
11.4163	-0.999451	-0.0102303	-0.0823613
11.4294	-0.999451	0.00411292	-0.0823955
11.4425	-1.00021	-0.0019906	-0.0824254
11.4556	-1.00021	-0.00336389	-0.0824279
11.4688	-1.00021	0.00174781	-0.082436
11.4819	-1.00021	0.000908574	-0.0824423
11.495	-1.00021	-0.00122766	-0.0824482
11.5081	-0.999451	-0.00214318	-0.0824507
11.5212	-0.999451	-0.0019906	-0.0824517
11.5343	-0.998688	0.000603398	-0.0824432
11.5474	-0.997925	0.00983497	-0.0824518
11.5605	-0.996399	-0.0159524	-0.0824383
11.5736	-0.995636	0.00426551	-0.0824233
11.5867	-0.99411	0.00579139	-0.0824329
11.5998	-0.992584	-0.0123666	-0.0824195
11.6129	-0.991058	-0.004432	-0.082407
11.626	-0.98877	0.0212791	-0.0823815
11.6391	-0.987244	-0.0230477	-0.0823694
11.6523	-0.984955	0.00930091	-0.0823141
11.6654	-0.982666	0.0308921	-0.0823178
11.6785	-0.980377	-0.00168542	-0.0822907
11.6916	-0.977325	-0.00290612	-0.0822605
11.7047	-0.975037	0.00426551	-0.0822257
11.7178	-0.971985	0.0069358	-0.0821957
11.7309	-0.968933	0.00396033	-0.0821535
11.744	-0.965881	0.00640174	-0.0821143
11.7571	-0.962067	0.00129004	-0.0820632
11.7702	-0.959015	0.0117423	-0.0820077
11.7833	-0.9552	-0.00206689	-0.0819547
11.7964	-0.951385	0.00930091	-0.081897
11.8095	-0.947571	0.00228186	-0.081827
11.8226	-0.943756	0.00487586	-0.0817607
11.8358	-0.939178	0.00464698	-0.0816854
11.8489	-0.934601	0.00205298	-0.0816123
11.862	-0.930023	0.00823279	-0.0815325
11.8751	-0.925446	0.0166251	-0.0814289
11.8882	-0.920868	0.00968238	-0.0813298
11.9013	-0.915527	0.00907203	-0.0812305
11.9144	-0.910187	0.00769873	-0.0811246
11.9275	-0.905609	0.0105216	-0.0810139
11.9406	-0.899506	0.00136634	-0.0808878
11.9537	-0.894165	0.00724097	-0.0807573
11.9668	-0.888824	0.0102164	-0.0806169
11.9799	-0.882721	0.0146415	-0.0804723
11.993	-0.876617	0.0147178	-0.0803161
12.0061	-0.870514	0.0240256	-0.0801631
12.0193	-0.86441	0.0231101	-0.0799952
12.0324	-0.857544	0.0205924	-0.0798195
12.0455	-0.85144	0.0178458	-0.0796314
12.0586	-0.844574	0.0112846	-0.0794375
12.0717	-0.837708	0.0167014	-0.0792234
12.0848	-0.830841	0.0208213	-0.0790069
12.0979	-0.823975	0.0179221	-0.0787637
12.111	-0.817108	0.0189902	-0.0785151
12.1241	-0.809479	0.0266959	-0.0782805
12.1372	-0.801849	0.0196769	-0.0780243
12.1503	-0.79422	0.0208976	-0.0777378
12.1634	-0.786591	0.0219657	-0.0774331
12.1765	-0.778961	0.0227286	-0.077131
12.1896	-0.771332	0.0244834	-0.0768402
12.2028	-0.762939	0.0336387	-0.0764988
12.2159	-0.754547	0.0177695	-0.0761517
12.229	-0.746155	0.032952	-0.0758256
12.2421	-0.737762	0.0323417	-0.0754293
12.2552	-0.72937	0.0175407	-0.0750462
12.2683	-0.720978	0.0450828	-0.0746627
12.2814	-0.711823	0.0236442	-0.0742284
12.2945	-0.70343	0.0351646	-0.073834
12.3076	-0.694275	0.0382926	-0.0733203
12.3207	-0.68512	0.0323417	-0.0729235
12.3338	-0.675964	0.0466849	-0.0723807
12.3469	-0.666809	0.0219657	-0.0719609
12.36	-0.656891	0.0591971	-0.0713552
12.3731	-0.647736	0.0254752	-0.0709123
12.3863	-0.637817	0.0531699	-0.0702835
12.3994	-0.627899	0.0412681	-0.0697916
12.4125	-0.617981	0.0401237	-0.0691401
12.4256	-0.608063	0.0589683	-0.0685528
12.4387	-0.598145	0.0390555	-0.0679422
12.4518	-0.588226	0.0596549	-0.0672672
12.4649	-0.578308	0.0550773	-0.0666371
12.478	-0.567627	0.0442435	-0.0659707
12.4911	-0.556946	0.0443961	-0.0652409
12.5042	-0.547028	0.0646903	-0.0645415
12.5173	-0.536346	0.0647666	-0.0638011
12.5304	-0.525665	0.0569846	-0.0630371
12.5435	-0.514984	0.0616386	-0.0622622
12.5566	-0.504303	0.0697257	-0.0614905
12.5698	-0.492859	0.0724723	-0.060657
12.5829	-0.482178	0.0540092	-0.0597994
12.596	-0.470734	0.0476768	-0.0589587
12.6091	-0.460052	0.0677421	-0.0580598
12.6222	-0.448608	0.0784232	-0.0571609
12.6353	-0.437164	0.0727775	-0.0562258
12.6484	-0.426483	0.0706412	-0.0553048
12.6615	-0.415039	0.0772025	-0.0543414
12.6746	-0.403595	0.0784232	-0.05335
12.6877	-0.392151	0.0818565	-0.0523263
12.7008	-0.379944	0.0815513	-0.0513209
12.7139	-0.3685	0.089257	-0.050275
12.727	-0.357056	0.0887229	-0.0492259
12.7401	-0.344849	0.0938346	-0.048139
12.7533	-0.333405	0.0898673	-0.0470302
12.7664	-0.321198	0.0942924	-0.0458937
12.7795	-0.309753	0.0878837	-0.0447348
12.7926	-0.297546	0.0950553	-0.0435466
12.8057	-0.285339	0.0916984	-0.0423396
12.8188	-0.273132	0.0916221	-0.0411208
12.8319	-0.260925	0.078881	-0.0398702
12.845	-0.249481	0.0891044	-0.0385929
12.8581	-0.237274	0.0849082	-0.0372907
12.8712	-0.225067	0.092385	-0.0359761
12.8843	-0.212097	0.0910117	-0.0346279
12.8974	-0.19989	0.0968864	-0.0332617
12.9105	-0.187683	0.0899436	-0.0319045
12.9236	-0.175476	0.0989463	-0.0305305
12.9368	-0.163269	0.0916984	-0.0291484
12.9499	-0.150299	0.0971915	-0.0277608
12.963	-0.138092	0.0939872	-0.0263571
12.9761	-0.125885	0.107568	-0.0249556
12.9892	-0.112915	0.107568	-0.0235351
13.0023	-0.100708	0.116875	-0.0221035
13.0154	-0.088501	0.114129	-0.0207129
13.0285	-0.075531	0.115044	-0.0193008
13.0416	-0.063324	0.117333	-0.0178871
13.0547	-0.050354	0.117943	-0.0164477
13.0678	-0.038147	0.117333	-0.0150415
13.0809	-0.0259399	0.124123	-0.0136063
13.094	-0.01297	0.129769	-0.0121732
