0	0	-0.00698809	0
0.0131	0.012207	0.473282	-0.00629088
0.0262	0.0244141	-0.00340228	-0.00473776
0.0393	0.037384	0.0467228	-0.00377678
0.0524	0.0495911	0.0937962	-0.00224401
0.0655	0.062561	0.121262	-0.000516844
0.0786	0.0747681	0.161698	0.00149303
0.0917	0.087738	0.181076	0.00383269
0.1048	0.0999451	0.19954	0.00632799
0.1179	0.112152	0.249512	0.00839271
0.131	0.125122	0.245621	0.0106291
0.1441	0.137329	0.210984	0.0128064
0.1572	0.149536	0.181229	0.0149691
0.1703	0.162506	0.162003	0.0169713
0.1835	0.174713	0.160782	0.0189531
0.1966	0.18692	0.155365	0.0208122
0.2097	0.199127	0.14827	0.022611
0.2228	0.211334	0.143082	0.0242864
0.2359	0.223541	0.134308	0.02594
0.249	0.235748	0.134079	0.0275301
0.2621	0.247955	0.125687	0.0291019
0.2752	0.260162	0.116837	0.0305805
0.2883	0.272369	0.102036	0.0320306
0.3014	0.284576	0.0921177	0.0334123
0.3145	0.296783	0.0747227	0.0347605
0.3276	0.308228	0.0714421	0.0360151
0.3407	0.320435	0.0816655	0.0372646
0.3538	0.332642	0.0902867	0.0384735
0.367	0.344086	0.0997471	0.0397019
0.3801	0.356293	0.0927281	0.0408468
0.3932	0.367737	0.0912022	0.0419715
0.4063	0.379181	0.0870823	0.0430575
0.4194	0.390625	0.086472	0.0441488
0.4325	0.402832	0.0875401	0.0452273
0.4456	0.414276	0.0889134	0.0463584
0.4587	0.42572	0.0884556	0.0474739
0.4718	0.436401	0.0897526	0.0485667
0.4849	0.447845	0.0834965	0.0495994
0.498	0.45929	0.0733494	0.0505983
0.5111	0.469971	0.0653386	0.0515793
0.5242	0.481415	0.0666356	0.0525315
0.5373	0.492096	0.0551915	0.0534425
0.5505	0.50354	0.0722813	0.0542819
0.5636	0.514221	0.0686192	0.0551045
0.5767	0.524902	0.0519108	0.0558796
0.5898	0.535583	0.0545811	0.0566459
0.6029	0.546265	0.0663304	0.0573618
0.616	0.556183	0.0514531	0.058035
0.6291	0.566864	0.0396275	0.0587091
0.6422	0.576782	0.0471043	0.0593749
0.6553	0.587463	0.0536656	0.0599611
0.6684	0.597382	0.0377202	0.0605363
0.6815	0.6073	0.0436711	0.0611072
0.6946	0.617218	0.0550389	0.0616045
0.7077	0.627136	0.0150609	0.06214
0.7208	0.637054	0.0591588	0.0626578
0.734	0.646973	0.0313115	0.0630735
0.7471	0.656128	0.0235295	0.0635775
0.7602	0.665283	0.0554204	0.0639773
0.7733	0.675201	0.00354047	0.0644076
0.7864	0.684357	0.0481724	0.0648325
0.7995	0.693512	0.0189519	0.0651696
0.8126	0.701904	0.0350499	0.0655583
0.8257	0.71106	0.0156712	0.0659045
0.8388	0.720215	0.0318455	0.0662453
0.8519	0.728607	0.0175023	0.0665732
0.865	0.737	0.0268101	0.0668751
0.8781	0.745392	0.0252842	0.0671905
0.8912	0.753784	0.0215458	0.0674699
0.9043	0.762177	0.0266575	0.067744
0.9175	0.769806	0.0211644	0.0680311
0.9306	0.778198	0.0190281	0.0682798
0.9437	0.785828	0.0185704	0.0685233
0.9568	0.793457	0.0243687	0.0687592
0.9699	0.801086	0.0158238	0.0689843
0.983	0.808716	0.0120091	0.069203
0.9961	0.815582	0.0107884	0.0694058
1.0092	0.823212	0.0178074	0.0696086
1.0223	0.830078	0.0178074	0.0698164
1.0354	0.836945	0.0115513	0.0699957
1.0485	0.843811	0.00720258	0.0701757
1.0616	0.850677	0.015366	0.0703413
1.0747	0.856781	0.013535	0.0705117
1.0878	0.863647	0.0136876	0.0706732
1.101	0.869751	0.00926252	0.070828
1.1141	0.875854	0.00529523	0.070976
1.1272	0.881958	0.00727888	0.0711182
1.1403	0.888062	0.00834699	0.0712482
1.1534	0.893402	0.0081944	0.0713738
1.1665	0.898743	0.00849958	0.0714983
1.1796	0.904083	0.0082707	0.0716228
1.1927	0.909424	0.00491376	0.0717292
1.2058	0.914764	0.00758405	0.0718386
1.2189	0.920105	0.0110936	0.0719375
1.232	0.924683	0.00880476	0.0720453
1.2451	0.92926	0.003159	0.0721445
1.2582	0.933838	0.00773664	0.0722311
1.2713	0.938416	0.00872846	0.0723183
1.2845	0.94223	0.003159	0.0724041
1.2976	0.946808	0.00880476	0.0724762
1.3107	0.950623	0.00338789	0.0725563
1.3238	0.954437	0.00926252	0.0726309
1.3369	0.958252	0.00102277	0.0726954
1.35	0.961304	-0.000655694	0.0727493
1.3631	0.965118	0.0108647	0.0728184
1.3762	0.96817	0.0110936	0.0728728
1.3893	0.971222	0.00964399	0.0729282
1.4024	0.974274	0.010941	0.0729708
1.4155	0.976562	-0.00118975	0.0730281
1.4286	0.979614	0.003159	0.0730616
1.4417	0.981903	0.0130772	0.0731073
1.4548	0.984192	0.00979658	0.0731485
1.468	0.986481	0.0186467	0.073177
1.4811	0.988007	0.00285383	0.0731966
1.4942	0.990295	0.00704999	0.0732257
1.5073	0.991821	-0.000350518	0.0732448
1.5204	0.993347	-0.00019793	0.0732663
1.5335	0.994873	0.00239606	0.0732748
1.5466	0.995636	0.00270124	0.0732917
1.5597	0.996399	0.00407453	0.0732987
1.5728	0.997925	0.00422712	0.0733085
1.5859	0.998688	0.0112462	0.0733071
1.599	0.998688	0.00369306	0.0733107
1.6121	0.999451	-0.00233416	0.0733113
1.6252	0.999451	-0.00111346	0.0733018
1.6384	0.999451	-0.00103716	0.0732927
1.6515	0.999451	-0.000503106	0.0732825
1.6646	0.999451	-0.00248675	0.0732727
1.6777	0.998688	-0.00485186	0.0732608
1.6908	0.998688	-0.00416522	0.0732486
1.7039	0.997925	0.00231977	0.0732334
1.717	0.997162	0.00209089	0.0732184
1.7301	0.995636	0.00308271	0.0731994
1.7432	0.994873	0.00621076	0.0731825
1.7563	0.993347	0.00125165	0.0731679
1.7694	0.991821	0.000641303	0.0731436
1.7825	0.990295	-0.00462298	0.0731244
1.7956	0.988007	-0.0113368	0.0730951
1.8087	0.986481	0.000412421	0.0730755
1.8219	0.984192	0.00514265	0.073039
1.835	0.981903	0.00178571	0.073004
1.8481	0.979614	0.0120854	0.0729711
1.8612	0.976562	0.0175023	0.0729599
1.8743	0.974274	-0.00317339	0.0729228
1.8874	0.971222	-0.00714068	0.0728913
1.9005	0.96817	-0.00660662	0.0728552
1.9136	0.965118	-0.00675921	0.072817
1.9267	0.961304	-0.00096087	0.0727771
1.9398	0.958252	-0.0018001	0.0727352
1.9529	0.954437	-0.00111346	0.0726952
1.966	0.950623	-0.00393633	0.0726441
1.9791	0.946808	-0.00477557	0.0726
1.9922	0.942993	0.000870185	0.0725437
2.0054	0.938416	-0.0093532	0.0724915
2.0185	0.933838	-0.00904803	0.0724432
2.0316	0.92926	-0.00790362	0.0723894
2.0447	0.924683	-0.00660662	0.072322
2.0578	0.920105	-0.0068355	0.0722586
2.0709	0.914764	-0.00904803	0.0721942
2.084	0.909424	0.000641303	0.0721273
2.0971	0.904846	-0.00897173	0.0720564
2.1102	0.898743	-4.53422e-05	0.0719855
2.1233	0.893402	-0.0056148	0.0719024
2.1364	0.888062	-0.00836138	0.0718239
2.1495	0.881958	-0.00752215	0.0717455
2.1626	0.875854	-0.00584368	0.0716592
2.1757	0.869751	-0.00591998	0.0715644
2.1889	0.863647	-0.00889544	0.0714714
2.202	0.856781	-0.00210528	0.0713735
2.2151	0.850677	-0.0105739	0.0712722
2.2282	0.843811	-0.00675921	0.0711693
2.2413	0.836945	-0.0102687	0.0710553
2.2544	0.830078	-0.0102687	0.0709431
2.2675	0.823212	-0.00706439	0.0708215
2.2806	0.816345	-0.012939	0.0706971
2.2937	0.808716	-0.0128627	0.070562
2.3068	0.801086	-0.00530962	0.0704373
2.3199	0.793457	-0.0157619	0.0702965
2.333	0.785828	-0.00912432	0.0701495
2.3461	0.778198	-0.0134731	0.0699953
2.3592	0.770569	-0.00996356	0.069844
2.3724	0.762177	-0.0139308	0.0696682
2.3855	0.753784	-0.0133205	0.0694968
2.3986	0.745392	-0.0125575	0.0693236
2.4117	0.737	-0.011108	0.0691308
2.4248	0.728607	-0.0100398	0.0689381
2.4379	0.720215	-0.0178981	0.0687398
2.451	0.71106	-0.0178981	0.0685253
2.4641	0.702667	-0.0208736	0.0683082
2.4772	0.693512	-0.0174404	0.0680679
2.4903	0.684357	-0.0177455	0.0678462
2.5034	0.675201	-0.0192714	0.0675823
2.5165	0.666046	-0.0202632	0.0673342
2.5296	0.656128	-0.0185085	0.0670463
2.5427	0.646973	-0.0269008	0.0667786
2.5559	0.637054	-0.0159145	0.0664828
2.569	0.627136	-0.0311733	0.0661643
2.5821	0.617218	-0.0220943	0.0658594
2.5952	0.6073	-0.0291133	0.0655044
2.6083	0.597382	-0.0337673	0.0651808
2.6214	0.587463	-0.0146175	0.064815
2.6345	0.577545	-0.0408626	0.0644098
2.6476	0.566864	-0.0374294	0.0640483
2.6607	0.556183	-0.00447039	0.0635935
2.6738	0.546265	-0.0522304	0.0631371
2.6869	0.535583	-0.0522304	0.0627444
2.7	0.524902	-0.014236	0.0622286
2.7131	0.514221	-0.0475002	0.0617057
2.7262	0.50354	-0.0530696	0.0612135
2.7394	0.492096	-0.0380397	0.0606546
2.7525	0.481415	-0.0330043	0.0600591
2.7656	0.469971	-0.0444484	0.0594482
2.7787	0.45929	-0.0503993	0.0587899
2.7918	0.447845	-0.0662685	0.0581378
2.8049	0.436401	-0.0618434	0.0574413
2.818	0.42572	-0.0603939	0.0566931
2.8311	0.414276	-0.0570369	0.0559247
2.8442	0.402832	-0.0632167	0.0551
2.8573	0.391388	-0.0616146	0.0542588
2.8704	0.379181	-0.0735927	0.0533488
2.8835	0.367737	-0.0807643	0.0523869
2.8966	0.356293	-0.0781703	0.0513823
2.9097	0.344086	-0.0766445	0.0503575
2.9229	0.332642	-0.0757289	0.0492443
2.936	0.320435	-0.0816036	0.0481085
2.9491	0.30899	-0.0835872	0.0468962
2.9622	0.296783	-0.093658	0.0456573
2.9753	0.284576	-0.102127	0.0443205
2.9884	0.272369	-0.0961757	0.0429302
3.0015	0.260162	-0.0965572	0.041462
3.0146	0.248718	-0.100906	0.0399753
3.0277	0.236511	-0.108993	0.0383814
3.0408	0.224304	-0.110977	0.0367506
3.0539	0.211334	-0.120971	0.0350294
3.067	0.199127	-0.134628	0.0332676
3.0801	0.18692	-0.163009	0.0313865
3.0932	0.174713	-0.170333	0.0294462
3.1064	0.162506	-0.176284	0.0273808
3.1195	0.149536	-0.175064	0.0252627
3.1326	0.137329	-0.19078	0.0229445
3.1457	0.125122	-0.209091	0.0205953
3.1588	0.112152	-0.212753	0.0181078
3.1719	0.0999451	-0.198486	0.0155728
3.185	0.087738	-0.209243	0.012845
3.1981	0.0747681	-0.213058	0.0101401
3.2112	0.062561	-0.213897	0.0073913
3.2243	0.0495911	-0.201767	0.00466621
3.2374	0.037384	-0.202987	0.00181742
3.2505	0.025177	-0.204895	-0.00091913
3.2636	0.012207	-0.207794	-0.00373062
3.2768	0	-0.202758	-0.00642489
3.2899	-0.01297	-0.201767	-0.00920906
3.303	-0.025177	-0.186126	-0.0119743
3.3161	-0.038147	-0.189712	-0.0147267
3.3292	-0.050354	-0.196807	-0.0173441
3.3423	-0.063324	-0.188873	-0.0200345
3.3554	-0.075531	-0.188263	-0.0226215
3.3685	-0.088501	-0.177887	-0.025206
3.3816	-0.100708	-0.190628	-0.0276729
3.3947	-0.112915	-0.18666	-0.0302053
3.4078	-0.125885	-0.194747	-0.0326341
3.4209	-0.138092	-0.179565	-0.035017
3.434	-0.150299	-0.1875	-0.0373197
3.4471	-0.163269	-0.165451	-0.0395966
3.4603	-0.175476	-0.172622	-0.0418212
3.4734	-0.187683	-0.161865	-0.0439646
3.4865	-0.19989	-0.176208	-0.0460116
3.4996	-0.212097	-0.15744	-0.0480499
3.5127	-0.224304	-0.157058	-0.0500158
3.5258	-0.236511	-0.149581	-0.0519187
3.5389	-0.248718	-0.163086	-0.0537529
3.552	-0.260925	-0.154846	-0.0555236
3.5651	-0.273132	-0.156143	-0.0572283
3.5782	-0.285339	-0.149429	-0.0588706
3.5913	-0.297546	-0.153549	-0.0604518
3.6044	-0.30899	-0.146072	-0.0620183
3.6175	-0.321198	-0.152481	-0.0635133
3.6306	-0.333405	-0.141037	-0.0649592
3.6438	-0.344849	-0.14714	-0.0663589
3.6569	-0.357056	-0.130966	-0.0677155
3.67	-0.3685	-0.122116	-0.0689981
3.6831	-0.379944	-0.109222	-0.0702423
3.6962	-0.391388	-0.0943447	-0.0714091
3.7093	-0.403595	-0.087936	-0.0725918
3.7224	-0.415039	-0.081451	-0.0737102
3.7355	-0.426483	-0.0757289	-0.0747903
3.7486	-0.437164	-0.0761867	-0.0758005
3.7617	-0.448608	-0.0750423	-0.0767995
3.7748	-0.460052	-0.06459	-0.0777515
3.7879	-0.470734	-0.0586391	-0.0786829
3.801	-0.482178	-0.0583339	-0.0795671
3.8141	-0.492859	-0.0642848	-0.0804037
3.8273	-0.504303	-0.0716091	-0.08122
3.8404	-0.514984	-0.0638271	-0.0819848
3.8535	-0.525665	-0.0478816	-0.0827411
3.8666	-0.536346	-0.0502468	-0.0834527
3.8797	-0.547028	-0.0615383	-0.084142
3.8928	-0.556946	-0.0467372	-0.0848013
3.9059	-0.567627	-0.0380397	-0.085454
3.919	-0.577545	-0.0484157	-0.0860667
3.9321	-0.588226	-0.0539089	-0.0866128
3.9452	-0.598145	-0.0343776	-0.0872063
3.9583	-0.608063	-0.0466609	-0.0877583
3.9714	-0.617981	-0.0429988	-0.0882463
3.9845	-0.627899	-0.0179744	-0.0887923
3.9976	-0.637817	-0.0668788	-0.0892609
4.0108	-0.647736	-0.0186611	-0.0896967
4.0239	-0.656891	-0.0333095	-0.0901958
4.037	-0.666046	-0.0465084	-0.0905691
4.0501	-0.675964	-0.00553851	-0.0910205
4.0632	-0.68512	-0.0492549	-0.0913946
4.0763	-0.694275	-0.0140071	-0.091768
4.0894	-0.702667	-0.0370479	-0.0921536
4.1025	-0.711823	-0.0169063	-0.0925103
4.1156	-0.720978	-0.029037	-0.0928401
4.1287	-0.72937	-0.0211025	-0.0931769
4.1418	-0.737762	-0.0233913	-0.0934779
4.1549	-0.746155	-0.0284267	-0.0937989
4.168	-0.754547	-0.0176692	-0.0940872
4.1811	-0.762939	-0.0278926	-0.0943656
4.1943	-0.770569	-0.0240779	-0.0946499
4.2074	-0.778961	-0.0173641	-0.0949024
4.2205	-0.786591	-0.0217128	-0.0951527
4.2336	-0.79422	-0.0215602	-0.0954051
4.2467	-0.801849	-0.0160671	-0.0956491
4.2598	-0.809479	-0.0104213	-0.0958833
4.2729	-0.816345	-0.0119472	-0.0960999
4.286	-0.823975	-0.0201869	-0.0963171
4.2991	-0.830841	-0.0211025	-0.0965233
4.3122	-0.837708	-0.0156856	-0.0967283
4.3253	-0.844574	-0.0180507	-0.0969279
4.3384	-0.85144	-0.0191951	-0.0971108
4.3515	-0.857544	-0.0154567	-0.0972945
4.3646	-0.86441	-0.00797991	-0.0974683
4.3778	-0.870514	-0.00584368	-0.0976339
4.3909	-0.876617	-0.00355486	-0.0977916
4.404	-0.882721	-0.00584368	-0.0979468
4.4171	-0.888824	-0.00675921	-0.0981
4.4302	-0.894165	-0.0093532	-0.0982466
4.4433	-0.899506	-0.00843768	-0.0983904
4.4564	-0.904846	-0.0120998	-0.0985296
4.4695	-0.910187	-0.0081325	-0.0986552
4.4826	-0.915527	-0.00790362	-0.098778
4.4957	-0.920868	-0.00889544	-0.0988965
4.5088	-0.925446	-0.0101161	-0.0990162
4.5219	-0.930023	-0.0043178	-0.0991304
4.535	-0.934601	-0.0125575	-0.0992381
4.5481	-0.939178	-0.00881915	-0.0993455
4.5613	-0.942993	-0.00660662	-0.0994497
4.5744	-0.947571	-0.00996356	-0.0995404
4.5875	-0.951385	-0.00393633	-0.0996339
4.6006	-0.9552	-0.0112606	-0.099725
4.6137	-0.959015	-0.00393633	-0.0998097
4.6268	-0.962067	-0.00096087	-0.0998821
4.6399	-0.965881	-0.00996356	-0.0999668
4.653	-0.968933	-0.0137783	-0.100041
4.6661	-0.971985	-0.0113368	-0.100112
4.6792	-0.975037	-0.0121761	-0.100171
4.6923	-0.977325	-0.000655694	-0.100243
4.7054	-0.980377	-0.00347857	-0.100301
4.7185	-0.982666	-0.0130916	-0.100367
4.7316	-0.984955	-0.0144649	-0.100431
4.7448	-0.987244	-0.022018	-0.100484
4.7579	-0.98877	-0.00637774	-0.100517
4.771	-0.991058	-0.0107265	-0.10057
4.7841	-0.992584	-0.000274224	-0.10061
4.7972	-0.99411	-0.00416522	-0.10065
4.8103	-0.995636	-0.00401263	-0.100678
4.8234	-0.996399	-0.00279192	-0.100715
4.8365	-0.997162	-0.00508074	-0.100742
4.8496	-0.998688	-0.00477557	-0.100773
4.8627	-0.999451	-0.0136257	-0.100794
4.8758	-0.999451	-0.00386004	-0.100816
4.8889	-1.00021	-0.00019793	-0.100834
4.902	-1.00021	-0.00294451	-0.100845
4.9152	-1.00021	-0.00248675	-0.100857
4.9283	-1.00021	-0.00157122	-0.100869
4.9414	-1.00021	-0.000350518	-0.10088
4.9545	-0.999451	0.00239606	-0.10089
4.9676	-0.999451	0.00376936	-0.100898
4.9807	-0.998688	-0.00218157	-0.100903
4.9938	-0.997925	-0.00386004	-0.100909
5.0069	-0.996399	-0.00462298	-0.100911
5.02	-0.995636	-0.0081325	-0.100915
5.0331	-0.99411	-0.00279192	-0.100922
5.0462	-0.992584	-0.00386004	-0.100919
5.0593	-0.991058	0.000717597	-0.10092
5.0724	-0.98877	0.00796552	-0.10091
5.0855	-0.987244	-4.53422e-05	-0.100911
5.0987	-0.984955	-0.0069118	-0.100895
5.1118	-0.982666	-0.00340228	-0.100879
5.1249	-0.980377	-0.0153041	-0.100866
5.138	-0.977325	-0.0211788	-0.100874
5.1511	-0.975037	-0.00157122	-0.100863
5.1642	-0.971985	0.00247236	-0.100852
5.1773	-0.968933	0.00422712	-0.100836
5.1904	-0.965881	0.00468488	-0.100819
5.2035	-0.962067	-0.00324969	-0.100802
5.2166	-0.959015	0.00140424	-0.10078
5.2297	-0.9552	-0.00019793	-0.100761
5.2428	-0.951385	0.00178571	-0.10073
5.2559	-0.947571	0.00247236	-0.100711
5.269	-0.943756	-0.00126605	-0.100678
5.2822	-0.939178	0.00704999	-0.100645
5.2953	-0.934601	0.00895734	-0.100618
5.3084	-0.930023	0.00529523	-0.100586
5.3215	-0.925446	0.004456	-0.100539
5.3346	-0.920868	0.00544782	-0.100502
5.3477	-0.915527	0.00743146	-0.100455
5.3608	-0.910187	-0.00202898	-0.100414
5.3739	-0.905609	0.00659223	-0.100362
5.387	-0.899506	-0.00202898	-0.100314
5.4001	-0.894165	0.00132795	-0.100254
5.4132	-0.888824	0.00735517	-0.100194
5.4263	-0.882721	0.00674482	-0.100136
5.4394	-0.876617	0.00308271	-0.100071
5.4525	-0.870514	0.00407453	-0.100001
5.4657	-0.86441	0.00880476	-0.0999319
5.4788	-0.857544	0.00163312	-0.0998533
5.4919	-0.85144	0.00804182	-0.099776
5.505	-0.844574	0.00201459	-0.0996939
5.5181	-0.837708	0.00972028	-0.0996057
5.5312	-0.830841	0.0117039	-0.0995049
5.5443	-0.823975	0.00491376	-0.0994091
5.5574	-0.817108	0.00605817	-0.0993084
5.5705	-0.809479	0.0149083	-0.0992014
5.5836	-0.801849	0.00788923	-0.0990855
5.5967	-0.79422	0.00895734	-0.098972
5.6098	-0.786591	0.0117039	-0.0988426
5.6229	-0.778961	0.0133824	-0.0987104
5.636	-0.771332	0.00773664	-0.0985826
5.6492	-0.762939	0.0130772	-0.0984352
5.6623	-0.754547	0.00743146	-0.0982875
5.6754	-0.746155	0.0104069	-0.0981367
5.6885	-0.737762	0.00972028	-0.097968
5.7016	-0.72937	0.0081944	-0.0978002
5.7147	-0.720978	0.0185704	-0.0976236
5.7278	-0.711823	0.0168919	-0.0974345
5.7409	-0.70343	0.0171208	-0.0972388
5.754	-0.694275	0.0123906	-0.0970208
5.7671	-0.68512	0.0176549	-0.0968148
5.7802	-0.675964	0.0131535	-0.0965874
5.7933	-0.666809	0.0197911	-0.0963627
5.8064	-0.656891	0.0149846	-0.0961012
5.8195	-0.647736	0.0299382	-0.0958545
5.8327	-0.637817	0.0194859	-0.0955865
5.8458	-0.627899	0.0300908	-0.0952894
5.8589	-0.617981	0.0242924	-0.0950218
5.872	-0.608063	0.0146794	-0.0946806
5.8851	-0.598145	0.0386357	-0.0943699
5.8982	-0.588226	0.0219273	-0.0940357
5.9113	-0.578308	0.0243687	-0.0936553
5.9244	-0.567627	0.0428319	-0.0933206
5.9375	-0.556946	0.00239606	-0.0929213
5.9506	-0.547028	0.0358891	-0.0924662
5.9637	-0.536346	0.0635838	-0.0920815
5.9768	-0.525665	0.0168919	-0.0916411
5.9899	-0.514984	0.0319981	-0.0911165
6.003	-0.504303	0.0582432	-0.0906511
6.0162	-0.492859	0.0416112	-0.090121
6.0293	-0.482178	0.0387883	-0.0895663
6.0424	-0.470734	0.0300908	-0.0889843
6.0555	-0.460052	0.0460362	-0.0883552
6.0686	-0.448608	0.056107	-0.0877203
6.0817	-0.437164	0.0574803	-0.0870379
6.0948	-0.426483	0.0561833	-0.0863382
6.1079	-0.415039	0.061295	-0.0855889
6.121	-0.403595	0.0615239	-0.0847808
6.1341	-0.392151	0.0576329	-0.0839432
6.1472	-0.379944	0.072205	-0.0830875
6.1603	-0.3685	0.0776219	-0.0821649
6.1734	-0.357056	0.0828862	-0.0812225
6.1865	-0.344849	0.0930333	-0.0802076
6.1997	-0.333405	0.0897526	-0.0791425
6.2128	-0.321198	0.0902867	-0.0780273
6.2259	-0.309753	0.0871586	-0.0768638
6.239	-0.297546	0.101578	-0.0756258
6.2521	-0.285339	0.0965428	-0.074344
6.2652	-0.273132	0.098679	-0.0730031
6.2783	-0.260925	0.0930333	-0.0715806
6.2914	-0.249481	0.0976872	-0.0700945
6.3045	-0.237274	0.0892949	-0.0685299
6.3176	-0.225067	0.0986027	-0.0669084
6.3307	-0.212097	0.0937962	-0.065176
6.3438	-0.19989	0.110276	-0.0633617
6.3569	-0.187683	0.109665	-0.061504
6.37	-0.175476	0.129502	-0.0595572
6.3832	-0.163269	0.138047	-0.0575067
6.3963	-0.150299	0.159256	-0.0553692
6.4094	-0.138092	0.163681	-0.053094
6.4225	-0.125885	0.197022	-0.0507412
6.4356	-0.112915	0.196335	-0.0482728
6.4487	-0.100708	0.201371	-0.0456315
6.4618	-0.088501	0.19191	-0.0429596
6.4749	-0.075531	0.207016	-0.0401928
6.488	-0.063324	0.207627	-0.0374183
6.5011	-0.050354	0.208542	-0.0345436
6.5142	-0.038147	0.195725	-0.0317092
6.5273	-0.0259399	0.201981	-0.0288069
6.5404	-0.01297	0.213959	-0.0259089
6.5536	0	0.226014	-0.0230125
6.5667	0.012207	0.212815	-0.0203193
6.5798	0.0244141	0.199234	-0.0174276
6.5929	0.037384	0.203507	-0.0146476
6.606	0.0495911	0.213501	-0.011823
6.6191	0.062561	0.216095	-0.00915219
6.6322	0.0747681	0.203812	-0.00642824
6.6453	0.087738	0.195725	-0.00376239
6.6584	0.0999451	0.203507	-0.00106959
6.6715	0.112152	0.215714	0.00143607
6.6846	0.125122	0.213044	0.00397356
6.6977	0.137329	0.205719	0.00642963
6.7108	0.149536	0.199387	0.0088872
6.7239	0.162506	0.186036	0.0111992
6.7371	0.174713	0.181076	0.0135562
6.7502	0.18692	0.181687	0.0158016
6.7633	0.199127	0.172303	0.0179833
6.7764	0.211334	0.167496	0.0200388
6.7895	0.223541	0.162995	0.0220709
6.8026	0.235748	0.164597	0.0240109
6.8157	0.247955	0.159867	0.0259272
6.8288	0.260162	0.161164	0.027726
6.8419	0.272369	0.155823	0.0295147
6.855	0.284576	0.153077	0.0312141
6.8681	0.296783	0.137131	0.0328821
6.8812	0.308228	0.13469	0.0344452
6.8943	0.320435	0.134079	0.0359816
6.9074	0.332642	0.12584	0.0374487
6.9206	0.344086	0.125306	0.0389066
6.9337	0.356293	0.112259	0.0402572
6.9468	0.367737	0.109131	0.0415713
6.9599	0.379181	0.10196	0.042828
6.973	0.390625	0.0954747	0.0440643
6.9861	0.402832	0.090897	0.0452029
6.9992	0.414276	0.0844121	0.0463335
7.0123	0.42572	0.0779271	0.047401
7.0254	0.436401	0.0827336	0.0484406
7.0385	0.447845	0.0828099	0.0494217
7.0516	0.45929	0.073502	0.0503742
7.0647	0.469971	0.0628209	0.0513082
7.0778	0.481415	0.0601506	0.0522134
7.0909	0.492096	0.0507664	0.0530782
7.1041	0.50354	0.0662541	0.0538732
7.1172	0.514221	0.0657963	0.0546557
7.1303	0.524902	0.049622	0.0553971
7.1434	0.535583	0.0513768	0.0561312
7.1565	0.546265	0.0655674	0.0568114
7.1696	0.556183	0.0502324	0.0574645
7.1827	0.566864	0.0356602	0.058103
7.1958	0.576782	0.041306	0.0587463
7.2089	0.587463	0.0553441	0.0593134
7.222	0.597382	0.0332188	0.0598578
7.2351	0.6073	0.04184	0.0604122
7.2482	0.617218	0.0503087	0.060886
7.2613	0.627136	0.0159001	0.0614024
7.2744	0.637054	0.0528264	0.0619081
7.2876	0.646973	0.0330662	0.0623062
7.3007	0.656128	0.0211644	0.0627951
7.3138	0.665283	0.0523686	0.0631783
7.3269	0.675201	0.00483747	0.0635875
7.34	0.684357	0.0435185	0.0640078
7.3531	0.693512	0.0200963	0.0643303
7.3662	0.701904	0.0329136	0.0647075
7.3793	0.71106	0.0156712	0.0650442
7.3924	0.720215	0.0327611	0.0653712
7.4055	0.728607	0.0165867	0.065686
7.4186	0.737	0.0233769	0.0659812
7.4317	0.745392	0.0256657	0.0662901
7.4448	0.753784	0.0182652	0.0665579
7.4579	0.762177	0.0241398	0.0668271
7.4711	0.769806	0.0199437	0.0671064
7.4842	0.778198	0.0210881	0.0673482
7.4973	0.785828	0.0213933	0.0675814
7.5104	0.793457	0.0214696	0.0678124
7.5235	0.801086	0.0154423	0.0680341
7.5366	0.808716	0.0133061	0.0682449
7.5497	0.815582	0.0119328	0.0684441
7.5628	0.823212	0.0183415	0.0686403
7.5759	0.830078	0.020554	0.0688452
7.589	0.836945	0.0120854	0.0690182
7.6021	0.843811	0.00796552	0.0691958
7.6152	0.850677	0.0159764	0.0693569
7.6283	0.856781	0.0165104	0.069524
7.6414	0.863647	0.0130009	0.0696803
7.6546	0.869751	0.00704999	0.0698304
7.6677	0.875854	0.005753	0.0699771
7.6808	0.881958	0.00888105	0.070115
7.6939	0.888062	0.00865217	0.0702422
7.707	0.893402	0.0094914	0.070366
7.7201	0.898743	0.00712629	0.0704857
7.7332	0.904083	0.00651594	0.0706104
7.7463	0.909424	0.00712629	0.0707133
7.7594	0.914764	0.00918623	0.0708212
7.7725	0.920105	0.0104832	0.070918
7.7856	0.924683	0.00674482	0.0710237
7.7987	0.92926	0.00544782	0.0711176
7.8118	0.933838	0.00895734	0.0712056
7.8249	0.938416	0.00918623	0.0712902
7.8381	0.94223	0.00430341	0.0713758
7.8512	0.946808	0.00895734	0.0714433
7.8643	0.950623	0.00491376	0.0715231
7.8774	0.954437	0.00758405	0.0715932
7.8905	0.958252	0.00422712	0.0716575
7.9036	0.961304	-0.000503106	0.0717083
7.9167	0.965118	0.0094914	0.0717773
7.9298	0.96817	0.0103306	0.0718296
7.9429	0.971222	0.00880476	0.0718838
7.956	0.974274	0.010941	0.0719261
7.9691	0.976562	0.000565009	0.0719829
7.9822	0.979614	0.00239606	0.0720144
7.9953	0.981903	0.0120854	0.0720584
8.0084	0.984192	0.0113987	0.0720984
8.0216	0.986481	0.0196385	0.07213
8.0347	0.988007	0.00415082	0.0721465
8.0478	0.990295	0.00758405	0.0721717
8.0609	0.991821	-0.00363116	0.0721916
8.074	0.993347	-0.00111346	0.0722122
8.0871	0.994873	0.00102277	0.0722223
8.1002	0.995636	0.00239606	0.0722368
8.1133	0.996399	0.00476118	0.0722443
8.1264	0.997925	0.005753	0.0722541
8.1395	0.998688	0.0121617	0.0722522
8.1526	0.998688	0.00270124	0.0722552
8.1657	0.999451	-0.00225787	0.0722545
8.1788	0.999451	-0.00141863	0.0722446
8.192	0.999451	-0.000655694	0.0722352
8.2051	0.999451	-0.000274224	0.0722248
8.2182	0.999451	-4.53422e-05	0.0722148
8.2313	0.998688	-0.00363116	0.0722033
8.2444	0.998688	-0.00363116	0.0721904
8.2575	0.997925	0.00148054	0.072175
8.2706	0.997162	0.00140424	0.0721595
8.2837	0.995636	0.00560041	0.0721417
8.2968	0.994873	0.00727888	0.0721247
8.3099	0.993347	0.000946479	0.0721104
8.323	0.991821	-0.000350518	0.0720857
8.3361	0.990295	-0.00416522	0.0720654
8.3492	0.988007	-0.00958209	0.0720364
8.3623	0.986481	-0.0005794	0.0720163
8.3755	0.984192	0.00560041	0.0719804
8.3886	0.981903	0.004456	0.0719452
8.4017	0.979614	0.0126195	0.0719121
8.4148	0.976562	0.0171971	0.0719013
8.4279	0.974274	-0.0030971	0.0718635
8.441	0.971222	-0.00607256	0.0718333
8.4541	0.96817	-0.0056148	0.0717959
8.4672	0.965118	-0.0068355	0.0717569
8.4803	0.961304	-0.000350518	0.0717184
8.4934	0.958252	-0.0030971	0.0716757
8.5065	0.954437	-0.00157122	0.0716344
8.5196	0.950623	-0.0043941	0.0715834
8.5327	0.946808	-0.00401263	0.0715403
8.5458	0.942993	0.00102277	0.0714855
8.559	0.938416	-0.00805621	0.0714315
8.5721	0.933838	-0.0104213	0.0713846
8.5852	0.92926	-0.00714068	0.0713322
8.5983	0.924683	-0.00614886	0.0712663
8.6114	0.920105	-0.00889544	0.0712031
8.6245	0.914764	-0.00744586	0.0711398
8.6376	0.909424	0.000717597	0.0710731
8.6507	0.904846	-0.00706439	0.0710021
8.6638	0.898743	-4.53422e-05	0.0709328
8.6769	0.893402	-0.00736956	0.0708511
8.69	0.888062	-0.00912432	0.0707735
8.7031	0.881958	-0.00523333	0.070693
8.7162	0.875854	-0.00599627	0.070607
8.7293	0.869751	-0.00447039	0.0705146
8.7425	0.863647	-0.00981097	0.0704223
8.7556	0.856781	-0.00530962	0.0703244
8.7687	0.850677	-0.00996356	0.0702244
8.7818	0.843811	-0.00752215	0.0701197
8.7949	0.836945	-0.0117946	0.0700072
8.808	0.830078	-0.011108	0.0698935
8.8211	0.823212	-0.0069118	0.0697727
8.8342	0.816345	-0.0125575	0.069648
8.8473	0.808716	-0.012939	0.0695153
8.8604	0.801086	-0.00736956	0.0693896
8.8735	0.793457	-0.0157619	0.0692493
8.8866	0.785828	-0.00782732	0.0691039
8.8997	0.778198	-0.0164485	0.0689481
8.9128	0.770569	-0.00912432	0.0687965
8.926	0.762177	-0.0120235	0.0686247
8.9391	0.753784	-0.0125575	0.0684522
8.9522	0.745392	-0.0133205	0.06828
8.9653	0.737	-0.0119472	0.0680875
8.9784	0.728607	-0.0093532	0.067893
8.9915	0.720215	-0.019424	0.0676955
9.0046	0.71106	-0.01683	0.0674831
9.0177	0.702667	-0.0213314	0.0672667
9.0308	0.693512	-0.0215602	0.0670294
9.0439	0.684357	-0.019424	0.0668069
9.057	0.675201	-0.0204921	0.0665448
9.0701	0.666046	-0.0235439	0.0662956
9.0832	0.656128	-0.022018	0.0660127
9.0963	0.646973	-0.0278163	0.0657454
9.1095	0.637054	-0.0179744	0.0654508
9.1226	0.627136	-0.0306392	0.0651333
9.1357	0.617218	-0.0180507	0.0648285
9.1488	0.6073	-0.0269771	0.0644729
9.1619	0.597382	-0.0351406	0.0641508
9.175	0.587463	-0.0162197	0.0637867
9.1881	0.577545	-0.0397945	0.0633844
9.2012	0.566864	-0.0383449	0.0630239
9.2143	0.556183	-0.00462298	0.0625722
9.2274	0.546265	-0.0547481	0.0621192
9.2405	0.535583	-0.0500942	0.0617241
9.2536	0.524902	-0.0134731	0.0612188
9.2667	0.514221	-0.0463558	0.0606922
9.2798	0.50354	-0.0532985	0.060207
9.293	0.492096	-0.0365901	0.0596492
9.3061	0.481415	-0.0305629	0.05906
9.3192	0.469971	-0.0448299	0.0584485
9.3323	0.45929	-0.0530696	0.0577942
9.3454	0.447845	-0.0613857	0.0571447
9.3585	0.436401	-0.0635219	0.0564553
9.3716	0.42572	-0.0567317	0.0557038
9.3847	0.414276	-0.058105	0.0549491
9.3978	0.402832	-0.0638271	0.0541183
9.4109	0.391388	-0.0609279	0.0532846
9.424	0.379181	-0.0703884	0.0523782
9.4371	0.367737	-0.0808406	0.0514232
9.4502	0.356293	-0.0787044	0.0504209
9.4633	0.344086	-0.0771022	0.0493995
9.4765	0.332642	-0.0774074	0.0482914
9.4896	0.320435	-0.0845027	0.047148
9.5027	0.30899	-0.0855709	0.0459455
9.5158	0.296783	-0.0915981	0.0447143
9.5289	0.284576	-0.102737	0.0433745
9.542	0.272369	-0.0958705	0.0419946
9.5551	0.260162	-0.0967861	0.040534
9.5682	0.248718	-0.0997615	0.0390418
9.5813	0.236511	-0.110366	0.0374516
9.5944	0.224304	-0.113418	0.0358159
9.6075	0.211334	-0.12593	0.0340922
9.6206	0.199127	-0.136306	0.0323266
9.6337	0.18692	-0.163086	0.0304383
9.6468	0.174713	-0.176742	0.0284943
9.66	0.162506	-0.180938	0.0264331
9.6731	0.149536	-0.175369	0.0243235
9.6862	0.137329	-0.188644	0.0219787
9.6993	0.125122	-0.204437	0.019627
9.7124	0.112152	-0.210769	0.0171297
9.7255	0.0999451	-0.201995	0.0145934
9.7386	0.087738	-0.21344	0.0118656
9.7517	0.0747681	-0.211532	0.00916178
9.7648	0.062561	-0.214737	0.00639336
9.7779	0.0495911	-0.202987	0.0036441
9.791	0.037384	-0.206878	0.000796727
9.8041	0.025177	-0.203445	-0.0019592
9.8172	0.012207	-0.208328	-0.00479483
9.8304	0	-0.203598	-0.00750854
9.8435	-0.01297	-0.205734	-0.0103044
9.8566	-0.025177	-0.19284	-0.0130729
9.8697	-0.038147	-0.185821	-0.0158358
9.8828	-0.050354	-0.191162	-0.0185029
9.8959	-0.063324	-0.194137	-0.0212176
9.909	-0.075531	-0.197341	-0.0238004
9.9221	-0.088501	-0.183609	-0.0263842
9.9352	-0.100708	-0.188034	-0.0288799
9.9483	-0.112915	-0.183914	-0.031434
9.9614	-0.125885	-0.195663	-0.0338755
9.9745	-0.138092	-0.183837	-0.0362563
9.9876	-0.150299	-0.191162	-0.038559
10.0007	-0.163269	-0.1669	-0.0408285
10.0139	-0.175476	-0.164154	-0.0430625
10.027	-0.187683	-0.156753	-0.0452139
10.0401	-0.19989	-0.173233	-0.0472654
10.0532	-0.212097	-0.160873	-0.0493027
10.0663	-0.224304	-0.161178	-0.0512614
10.0794	-0.236511	-0.152633	-0.053152
10.0925	-0.248718	-0.167587	-0.0549851
10.1056	-0.260925	-0.1595	-0.0567564
10.1187	-0.273132	-0.160339	-0.0584572
10.1318	-0.285339	-0.150039	-0.0600951
10.1449	-0.297546	-0.15271	-0.0616703
10.158	-0.30899	-0.145919	-0.0632351
10.1711	-0.321198	-0.153701	-0.0647204
10.1842	-0.333405	-0.145233	-0.0661645
10.1974	-0.344849	-0.147064	-0.0675597
10.2105	-0.357056	-0.129135	-0.0689089
10.2236	-0.3685	-0.117233	-0.0701886
10.2367	-0.379944	-0.104034	-0.07143
10.2498	-0.391388	-0.0943447	-0.0725863
10.2629	-0.403595	-0.0855709	-0.0737617
10.276	-0.415039	-0.0798488	-0.074873
10.2891	-0.426483	-0.0753475	-0.0759488
10.3022	-0.437164	-0.0792385	-0.0769662
10.3153	-0.448608	-0.0719142	-0.077967
10.3284	-0.460052	-0.060699	-0.0789021
10.3415	-0.470734	-0.0597072	-0.0798264
10.3546	-0.482178	-0.0584102	-0.0807153
10.3677	-0.492859	-0.0647426	-0.0815472
10.3809	-0.504303	-0.0738216	-0.0823557
10.394	-0.514984	-0.0629878	-0.0831192
10.4071	-0.525665	-0.0490261	-0.0838735
10.4202	-0.536346	-0.0526119	-0.0845882
10.4333	-0.547028	-0.0608516	-0.085269
10.4464	-0.556946	-0.0475002	-0.0859289
10.4595	-0.567627	-0.0363613	-0.0865763
10.4726	-0.577545	-0.0500942	-0.0871912
10.4857	-0.588226	-0.0519252	-0.0877306
10.4988	-0.598145	-0.0371242	-0.0883281
10.5119	-0.608063	-0.0439907	-0.0888713
10.525	-0.617981	-0.0450588	-0.0893622
10.5381	-0.627899	-0.0166774	-0.0898992
10.5512	-0.637817	-0.0674892	-0.0903729
10.5644	-0.647736	-0.0169063	-0.0908057
10.5775	-0.656891	-0.0312496	-0.0913043
10.5906	-0.666046	-0.0450588	-0.0916764
10.6037	-0.675964	-0.0081325	-0.0921236
10.6168	-0.68512	-0.0489498	-0.0924936
10.6299	-0.694275	-0.0117183	-0.0928759
10.643	-0.702667	-0.0351406	-0.0932546
10.6561	-0.711823	-0.0179744	-0.0936102
10.6692	-0.720978	-0.0306392	-0.093936
10.6823	-0.72937	-0.0182033	-0.0942725
10.6954	-0.737762	-0.0243068	-0.0945774
10.7085	-0.746155	-0.0306392	-0.0948947
10.7216	-0.754547	-0.0187374	-0.0951805
10.7347	-0.762939	-0.0253749	-0.0954557
10.7479	-0.770569	-0.0241542	-0.0957405
10.761	-0.778961	-0.0185848	-0.095994
10.7741	-0.786591	-0.0226284	-0.0962432
10.7872	-0.79422	-0.024612	-0.0964925
10.8003	-0.801849	-0.0193477	-0.096737
10.8134	-0.809479	-0.012405	-0.0969702
10.8265	-0.816345	-0.0106502	-0.0971849
10.8396	-0.823975	-0.0217128	-0.0974016
10.8527	-0.830841	-0.0201869	-0.0976078
10.8658	-0.837708	-0.0159145	-0.0978095
10.8789	-0.844574	-0.0157619	-0.0980067
10.892	-0.85144	-0.0172878	-0.0981897
10.9051	-0.857544	-0.0140071	-0.0983751
10.9182	-0.86441	-0.00904803	-0.0985474
10.9314	-0.870514	-0.00591998	-0.0987113
10.9445	-0.876617	-0.00248675	-0.0988688
10.9576	-0.882721	-0.00637774	-0.0990241
10.9707	-0.888824	-0.00630145	-0.0991786
10.9838	-0.894165	-0.0104213	-0.0993237
10.9969	-0.899506	-0.0068355	-0.0994663
11.01	-0.904846	-0.0125575	-0.0996064
11.0231	-0.910187	-0.00836138	-0.0997288
11.0362	-0.915527	-0.0093532	-0.0998522
11.0493	-0.920868	-0.0102687	-0.0999712
11.0624	-0.925446	-0.00950579	-0.100089
11.0755	-0.930023	-0.00599627	-0.100206
11.0886	-0.934601	-0.0102687	-0.100313
11.1017	-0.939178	-0.0113368	-0.100421
11.1149	-0.942993	-0.0068355	-0.100523
11.128	-0.947571	-0.00851397	-0.100613
11.1411	-0.951385	-0.00370745	-0.100706
11.1542	-0.9552	-0.0124813	-0.100798
11.1673	-0.959015	-0.00347857	-0.100882
11.1804	-0.962067	-0.00218157	-0.100955
11.1935	-0.965881	-0.0093532	-0.101038
11.2066	-0.968933	-0.0130916	-0.101113
11.2197	-0.971985	-0.00996356	-0.101183
11.2328	-0.975037	-0.0123287	-0.101241
11.2459	-0.977325	-0.000503106	-0.101313
11.259	-0.980377	-0.00553851	-0.10137
11.2721	-0.982666	-0.0125575	-0.101437
11.2852	-0.984955	-0.0143886	-0.101501
11.2984	-0.987244	-0.0217891	-0.101551
11.3115	-0.98877	-0.00752215	-0.101586
11.3246	-0.991058	-0.0120998	-0.101638
11.3377	-0.992584	-0.000808282	-0.101677
11.3508	-0.99411	-0.00172381	-0.101717
11.3639	-0.995636	-0.00599627	-0.101748
11.377	-0.996399	-0.00401263	-0.101785
11.3901	-0.997162	-0.00523333	-0.101812
11.4032	-0.998688	-0.00614886	-0.101843
11.4163	-0.999451	-0.014999	-0.101862
11.4294	-0.999451	-0.00523333	-0.101887
11.4425	-1.00021	-0.000655694	-0.101904
11.4556	-1.00021	0.000641303	-0.101916
11.4688	-1.00021	0.000717597	-0.101927
11.4819	-1.00021	0.000565009	-0.101937
11.495	-1.00021	-0.00172381	-0.101949
11.5081	-0.999451	0.00285383	-0.101957
11.5212	-0.999451	0.00285383	-0.101966
11.5343	-0.998688	-0.00241045	-0.101972
11.5474	-0.997925	-0.0030971	-0.101978
11.5605	-0.996399	-0.00492815	-0.10198
11.5736	-0.995636	-0.00973467	-0.101984
11.5867	-0.99411	-0.00508074	-0.10199
11.5998	-0.992584	-0.00530962	-0.101988
11.6129	-0.991058	0.00270124	-0.10199
11.626	-0.98877	0.00918623	-0.101978
11.6391	-0.987244	-0.00233416	-0.101978
11.6523	-0.984955	-0.00950579	-0.101963
11.6654	-0.982666	-0.00462298	-0.101945
11.6785	-0.980377	-0.0143886	-0.101931
11.6916	-0.977325	-0.0211025	-0.101939
11.7047	-0.975037	-0.00195269	-0.101927
11.7178	-0.971985	0.00186201	-0.101918
11.7309	-0.968933	0.00376936	-0.101904
11.744	-0.965881	0.00430341	-0.101888
11.7571	-0.962067	-0.0030971	-0.10187
11.7702	-0.959015	0.00140424	-0.101849
11.7833	-0.9552	0.000107246	-0.101829
11.7964	-0.951385	0.000412421	-0.101798
11.8095	-0.947571	0.00178571	-0.101777
11.8226	-0.943756	-0.00172381	-0.101743
11.8358	-0.939178	0.0069737	-0.101712
11.8489	-0.934601	0.00781293	-0.101685
11.862	-0.930023	0.00529523	-0.101651
11.8751	-0.925446	0.00437971	-0.101605
11.8882	-0.920868	0.00598188	-0.101566
11.9013	-0.915527	0.00704999	-0.101522
11.9144	-0.910187	-0.00172381	-0.101478
11.9275	-0.905609	0.00773664	-0.101427
11.9406	-0.899506	-0.00294451	-0.10138
11.9537	-0.894165	0.00102277	-0.101319
11.9668	-0.888824	0.00888105	-0.101261
11.9799	-0.882721	0.00605817	-0.101201
11.993	-0.876617	0.00361677	-0.101137
12.0061	-0.870514	0.00453229	-0.101066
12.0193	-0.86441	0.00598188	-0.100996
12.0324	-0.857544	0.00300642	-0.100919
12.0455	-0.85144	0.00727888	-0.10084
12.0586	-0.844574	0.00186201	-0.10076
12.0717	-0.837708	0.00941511	-0.100672
12.0848	-0.830841	0.0121617	-0.100571
12.0979	-0.823975	0.00422712	-0.100472
12.111	-0.817108	0.00529523	-0.100375
12.1241	-0.809479	0.0168919	-0.100265
12.1372	-0.801849	0.00361677	-0.100149
12.1503	-0.79422	0.00994916	-0.10004
12.1634	-0.786591	0.0141453	-0.0999066
12.1765	-0.778961	0.0113225	-0.099775
12.1896	-0.771332	0.00865217	-0.0996456
12.2028	-0.762939	0.0112462	-0.0995
12.2159	-0.754547	0.00834699	-0.0993555
12.229	-0.746155	0.0123143	-0.0992009
12.2421	-0.737762	0.010941	-0.0990335
12.2552	-0.72937	0.00972028	-0.0988679
12.2683	-0.720978	0.0181889	-0.0986915
12.2814	-0.711823	0.0142979	-0.0985027
12.2945	-0.70343	0.0165867	-0.098304
12.3076	-0.694275	0.0117039	-0.0980873
12.3207	-0.68512	0.0208592	-0.0978794
12.3338	-0.675964	0.0162053	-0.097654
12.3469	-0.666809	0.0210881	-0.0974298
12.36	-0.656891	0.0133824	-0.0971712
12.3731	-0.647736	0.0255894	-0.0969237
12.3863	-0.637817	0.0169682	-0.0966544
12.3994	-0.627899	0.0251317	-0.0963553
12.4125	-0.617981	0.0219273	-0.0960879
12.4256	-0.608063	0.0142216	-0.0957475
12.4387	-0.598145	0.0345158	-0.095438
12.4518	-0.588226	0.0201726	-0.0951027
12.4649	-0.578308	0.0248265	-0.0947256
12.478	-0.567627	0.045197	-0.0943875
12.4911	-0.556946	0.00651594	-0.0939942
12.5042	-0.547028	0.0336766	-0.0935408
12.5173	-0.536346	0.0628972	-0.093149
12.5304	-0.525665	0.0133824	-0.092715
12.5435	-0.514984	0.0334477	-0.0921885
12.5566	-0.504303	0.0625157	-0.0917257
12.5698	-0.492859	0.0377202	-0.0912011
12.5829	-0.482178	0.034821	-0.090643
12.596	-0.470734	0.0313878	-0.0900627
12.6091	-0.460052	0.0443577	-0.0894374
12.6222	-0.448608	0.0542759	-0.0888013
12.6353	-0.437164	0.0582432	-0.0881251
12.6484	-0.426483	0.0580144	-0.0874153
12.6615	-0.415039	0.0564885	-0.0866696
12.6746	-0.403595	0.0622105	-0.0858746
12.6877	-0.392151	0.0632786	-0.085023
12.7008	-0.379944	0.0692296	-0.0841697
12.7139	-0.3685	0.0774693	-0.083261
12.727	-0.357056	0.0878453	-0.082313
12.7401	-0.344849	0.0928807	-0.0812929
12.7533	-0.333405	0.0846409	-0.080229
12.7664	-0.321198	0.0925755	-0.0791207
12.7795	-0.309753	0.0845646	-0.0779545
12.7926	-0.297546	0.098679	-0.0767237
12.8057	-0.285339	0.0926518	-0.0754482
12.8188	-0.273132	0.0963139	-0.0741118
12.8319	-0.260925	0.0922703	-0.0726926
12.845	-0.249481	0.0992894	-0.0712053
12.8581	-0.237274	0.093491	-0.0696437
12.8712	-0.225067	0.0990605	-0.0680215
12.8843	-0.212097	0.0959324	-0.0662993
12.8974	-0.19989	0.106461	-0.0644848
12.9105	-0.187683	0.106461	-0.0626191
12.9236	-0.175476	0.12851	-0.0606733
12.9368	-0.163269	0.135987	-0.0586206
12.9499	-0.150299	0.156891	-0.0564825
12.963	-0.138092	0.162384	-0.0542183
12.9761	-0.125885	0.198624	-0.0518584
12.9892	-0.112915	0.200303	-0.0493892
13.0023	-0.100708	0.205491	-0.0467704
13.0154	-0.088501	0.187333	-0.0441043
13.0285	-0.075531	0.20076	-0.0413175
13.0416	-0.063324	0.205948	-0.0385304
13.0547	-0.050354	0.209839	-0.0356454
13.0678	-0.038147	0.20076	-0.0328358
13.0809	-0.0259399	0.199997	-0.0299277
13.094	-0.01297	0.212815	-0.0270226
