0	0	-0.00626306	0
0.0131	0.012207	0.0540092	-0.0035717
0.0262	0.0244141	0.131219	-0.00350547
0.0393	0.037384	0.0723197	-0.00235641
0.0524	0.0495911	0.0475242	-0.00138262
0.0655	0.062561	0.101083	-0.00024679
0.0786	0.0747681	0.144341	0.00126486
0.0917	0.087738	0.151513	0.00292349
0.1048	0.0999451	0.155709	0.00463417
0.1179	0.112152	0.1213	0.00591711
0.131	0.125122	0.136254	0.00759739
0.1441	0.137329	0.1419	0.0092465
0.1572	0.149536	0.141442	0.0109328
0.1703	0.162506	0.140221	0.0125318
0.1835	0.174713	0.146096	0.0141788
0.1966	0.18692	0.142892	0.0157937
0.2097	0.199127	0.131753	0.0173951
0.2228	0.211334	0.118401	0.0189239
0.2359	0.223541	0.109704	0.0204688
0.249	0.235748	0.110162	0.0219719
0.2621	0.247955	0.104516	0.0234844
0.2752	0.260162	0.101617	0.0249271
0.2883	0.272369	0.100472	0.0263899
0.3014	0.284576	0.0973441	0.0278115
0.3145	0.296783	0.0893333	0.0292302
0.3276	0.308228	0.0891044	0.0305677
0.3407	0.320435	0.0991752	0.0319198
0.3538	0.332642	0.100014	0.0332383
0.367	0.344086	0.108254	0.0345808
0.3801	0.356293	0.103448	0.0358485
0.3932	0.367737	0.1036	0.0371089
0.4063	0.379181	0.104058	0.0383352
0.4194	0.390625	0.0974204	0.039558
0.4325	0.402832	0.0914695	0.0407204
0.4456	0.414276	0.0875022	0.0418731
0.4587	0.42572	0.0849082	0.0429797
0.4718	0.436401	0.086663	0.0440891
0.4849	0.447845	0.088494	0.0451499
0.498	0.45929	0.0813224	0.0462011
0.5111	0.469971	0.0680472	0.0472489
0.5242	0.481415	0.0726249	0.0482743
0.5373	0.492096	0.06408	0.0492836
0.5505	0.50354	0.0750663	0.0502256
0.5636	0.514221	0.0752952	0.0511569
0.5767	0.524902	0.0693442	0.0520632
0.5898	0.535583	0.0696494	0.0529746
0.6029	0.546265	0.0714042	0.0538179
0.616	0.556183	0.065377	0.0546468
0.6291	0.566864	0.0480582	0.0554882
0.6422	0.576782	0.060189	0.0563039
0.6553	0.587463	0.0650718	0.0570796
0.6684	0.597382	0.0504996	0.0578049
0.6815	0.6073	0.0648429	0.0585381
0.6946	0.617218	0.0549247	0.0592154
0.7077	0.627136	0.0424125	0.05994
0.7208	0.637054	0.061486	0.0606129
0.734	0.646973	0.0382163	0.0612296
0.7471	0.656128	0.055001	0.0618838
0.7602	0.665283	0.0443961	0.0624483
0.7733	0.675201	0.0376823	0.063099
0.7864	0.684357	0.05111	0.063628
0.7995	0.693512	0.029824	0.0642114
0.8126	0.701904	0.0544669	0.0646817
0.8257	0.71106	0.0241782	0.0652781
0.8388	0.720215	0.0460746	0.0656957
0.8519	0.728607	0.0352408	0.0662542
0.865	0.737	0.0245597	0.0666561
0.8781	0.745392	0.05111	0.0671636
0.8912	0.753784	0.0182273	0.0675638
0.9043	0.762177	0.0398185	0.0679863
0.9175	0.769806	0.0327231	0.0684288
0.9306	0.778198	0.0206687	0.068809
0.9437	0.785828	0.0340964	0.0691748
0.9568	0.793457	0.032952	0.0695452
0.9699	0.801086	0.0223472	0.0699034
0.983	0.808716	0.0198295	0.0702363
0.9961	0.815582	0.0262382	0.0705526
1.0092	0.823212	0.0320365	0.0708653
1.0223	0.830078	0.028527	0.0711907
1.0354	0.836945	0.0190665	0.0714823
1.0485	0.843811	0.0202109	0.0717657
1.0616	0.850677	0.0212791	0.0720218
1.0747	0.856781	0.0179984	0.0722937
1.0878	0.863647	0.0208213	0.0725465
1.101	0.869751	0.0192954	0.0727897
1.1141	0.875854	0.0184562	0.0730322
1.1272	0.881958	0.0193717	0.0732512
1.1403	0.888062	0.0196006	0.0734632
1.1534	0.893402	0.0143363	0.0736702
1.1665	0.898743	0.0125053	0.0738675
1.1796	0.904083	0.0134971	0.0740691
1.1927	0.909424	0.00975867	0.0742459
1.2058	0.914764	0.0178458	0.0744252
1.2189	0.920105	0.0166251	0.074582
1.232	0.924683	0.00899573	0.074755
1.2451	0.92926	0.00792762	0.0749179
1.2582	0.933838	0.0100638	0.0750586
1.2713	0.938416	0.01632	0.0751938
1.2845	0.94223	0.0094535	0.0753388
1.2976	0.946808	0.0151755	0.0754622
1.3107	0.950623	0.0162437	0.0755904
1.3238	0.954437	0.0190665	0.0757082
1.3369	0.958252	0.0118949	0.0758165
1.35	0.961304	-0.000388423	0.0759128
1.3631	0.965118	0.0108268	0.0760223
1.3762	0.96817	0.0192191	0.0761104
1.3893	0.971222	0.0188377	0.0762063
1.4024	0.974274	0.0146415	0.0762809
1.4155	0.976562	0.00266333	0.0763711
1.4286	0.979614	0.000755986	0.0764406
1.4417	0.981903	0.011666	0.0765094
1.4548	0.984192	0.0118186	0.0765702
1.468	0.986481	0.0153281	0.0766192
1.4811	0.988007	-0.0094674	0.0766853
1.4942	0.990295	0.0178458	0.0767456
1.5073	0.991821	-0.00145654	0.0767718
1.5204	0.993347	0.00472327	0.0768152
1.5335	0.994873	0.00472327	0.0768381
1.5466	0.995636	-0.000388423	0.0768692
1.5597	0.996399	-0.00221948	0.0768857
1.5728	0.997925	0.00228186	0.0769198
1.5859	0.998688	0.0126578	0.0769198
1.599	0.998688	-0.00168542	0.0769377
1.6121	0.999451	-0.00359277	0.0769553
1.6252	0.999451	-0.000846187	0.0769504
1.6384	0.999451	6.93404e-05	0.0769439
1.6515	0.999451	-0.000541011	0.0769372
1.6646	0.999451	-0.000388423	0.0769324
1.6777	0.998688	-0.000464717	0.0769253
1.6908	0.998688	0.00396033	0.0769157
1.7039	0.997925	0.00571509	0.0768959
1.717	0.997162	-0.00122766	0.0768824
1.7301	0.995636	0.00624915	0.0768676
1.7432	0.994873	0.00472327	0.0768486
1.7563	0.993347	-0.000464717	0.0768352
1.7694	0.991821	0.00106116	0.0768168
1.7825	0.990295	0.000298222	0.0768012
1.7956	0.988007	-0.00870446	0.0767668
1.8087	0.986481	0.00922461	0.0767475
1.8219	0.984192	0.00502845	0.0766962
1.835	0.981903	-0.0232003	0.0766668
1.8481	0.979614	-0.0183175	0.0766426
1.8612	0.976562	-0.00138024	0.076629
1.8743	0.974274	-0.00336389	0.0765817
1.8874	0.971222	-0.00771264	0.0765421
1.9005	0.96817	-0.00649194	0.0764991
1.9136	0.965118	-0.00809411	0.0764538
1.9267	0.961304	0.000374516	0.0764017
1.9398	0.958252	-0.00466088	0.0763463
1.9529	0.954437	-0.00153283	0.0762998
1.966	0.950623	-0.0112222	0.0762348
1.9791	0.946808	-0.000312129	0.0761765
1.9922	0.942993	-0.00786523	0.0761048
2.0054	0.938416	-0.00778894	0.0760411
2.0185	0.933838	-0.00527124	0.0759712
2.0316	0.92926	-0.00900964	0.0758986
2.0447	0.924683	-0.0119851	0.0758074
2.0578	0.920105	-0.00488977	0.0757208
2.0709	0.914764	-0.0141976	0.0756375
2.084	0.909424	-0.004432	0.0755342
2.0971	0.904846	-0.00672082	0.075443
2.1102	0.898743	-0.00183801	0.0753341
2.1233	0.893402	-0.00580529	0.0752266
2.1364	0.888062	-0.00916223	0.0751105
2.1495	0.881958	-0.0082467	0.0749899
2.1626	0.875854	-0.00412683	0.0748608
2.1757	0.869751	-0.00756005	0.0747253
2.1889	0.863647	-0.00931481	0.0745802
2.202	0.856781	-0.00641565	0.074433
2.2151	0.850677	-0.00382165	0.074282
2.2282	0.843811	-0.00260095	0.0741274
2.2413	0.836945	-0.0094674	0.0739601
2.2544	0.830078	-0.0181649	0.0737873
2.2675	0.823212	-0.0145028	0.0735871
2.2806	0.816345	-0.0119088	0.0733928
2.2937	0.808716	-0.0184701	0.073193
2.3068	0.801086	-0.0151132	0.0729851
2.3199	0.793457	-0.0184701	0.0727655
2.333	0.785828	-0.0161813	0.0725273
2.3461	0.778198	-0.0194619	0.0722779
2.3592	0.770569	-0.0169442	0.0720325
2.3724	0.762177	-0.0232003	0.071751
2.3855	0.753784	-0.0238107	0.0714634
2.3986	0.745392	-0.0237344	0.0711879
2.4117	0.737	-0.0280831	0.0708775
2.4248	0.728607	-0.0168679	0.0705483
2.4379	0.720215	-0.0334237	0.0702303
2.451	0.71106	-0.0252602	0.0698719
2.4641	0.702667	-0.0266335	0.0695269
2.4772	0.693512	-0.0323556	0.0691164
2.4903	0.684357	-0.0315164	0.0687721
2.5034	0.675201	-0.0394509	0.0683284
2.5165	0.666046	-0.0213693	0.0679251
2.5296	0.656128	-0.0453256	0.0674285
2.5427	0.646973	-0.0358651	0.0670322
2.5559	0.637054	-0.0363229	0.0664845
2.569	0.627136	-0.0480721	0.066047
2.5821	0.617218	-0.0206063	0.0654521
2.5952	0.6073	-0.067756	0.0649543
2.6083	0.597382	-0.0223611	0.0643913
2.6214	0.587463	-0.0597451	0.063802
2.6345	0.577545	-0.0460122	0.0632112
2.6476	0.566864	-0.0383065	0.0625595
2.6607	0.556183	-0.0489877	0.0618743
2.6738	0.546265	-0.0626443	0.0612282
2.6869	0.535583	-0.0614236	0.0605407
2.7	0.524902	-0.0497506	0.0597828
2.7131	0.514221	-0.0615762	0.0590468
2.7262	0.50354	-0.0644753	0.0582745
2.7394	0.492096	-0.0597451	0.0574748
2.7525	0.481415	-0.0571511	0.056621
2.7656	0.469971	-0.0531838	0.0557677
2.7787	0.45929	-0.0782845	0.054881
2.7918	0.447845	-0.078666	0.0539661
2.8049	0.436401	-0.0776742	0.0530587
2.818	0.42572	-0.0752328	0.0520947
2.8311	0.414276	-0.0744698	0.0511127
2.8442	0.402832	-0.0784371	0.0500925
2.8573	0.391388	-0.0798104	0.0490629
2.8704	0.379181	-0.0854562	0.0479588
2.8835	0.367737	-0.0871346	0.0468491
2.8966	0.356293	-0.0878976	0.0457055
2.9097	0.344086	-0.0893472	0.0445445
2.9229	0.332642	-0.0859139	0.043315
2.936	0.320435	-0.0871346	0.0420852
2.9491	0.30899	-0.0871346	0.0408168
2.9622	0.296783	-0.0906442	0.0395348
2.9753	0.284576	-0.0991128	0.0381826
2.9884	0.272369	-0.0906442	0.0368109
3.0015	0.260162	-0.0889657	0.0353998
3.0146	0.248718	-0.0894235	0.0339774
3.0277	0.236511	-0.0917123	0.0324887
3.0408	0.224304	-0.0918649	0.0309862
3.0539	0.211334	-0.0976632	0.0294291
3.067	0.199127	-0.110252	0.0278685
3.0801	0.18692	-0.120399	0.0262429
3.0932	0.174713	-0.120399	0.0245928
3.1064	0.162506	-0.117957	0.0229003
3.1195	0.149536	-0.111701	0.0212432
3.1326	0.137329	-0.116584	0.0194935
3.1457	0.125122	-0.121009	0.0177993
3.1588	0.112152	-0.119712	0.0160713
3.1719	0.0999451	-0.117423	0.0143826
3.185	0.087738	-0.11811	0.0126293
3.1981	0.0747681	-0.118415	0.010913
3.2112	0.062561	-0.116432	0.00917556
3.2243	0.0495911	-0.105521	0.00746741
3.2374	0.037384	-0.101707	0.00571612
3.2505	0.025177	-0.0988076	0.00400244
3.2636	0.012207	-0.102851	0.00225608
3.2768	0	-0.103767	0.000581524
3.2899	-0.01297	-0.111778	-0.0011517
3.303	-0.025177	-0.104911	-0.00286275
3.3161	-0.038147	-0.106895	-0.00457607
3.3292	-0.050354	-0.114372	-0.00624264
3.3423	-0.063324	-0.12017	-0.00795078
3.3554	-0.075531	-0.12841	-0.00960438
3.3685	-0.088501	-0.128104	-0.0112795
3.3816	-0.100708	-0.138709	-0.0129042
3.3947	-0.112915	-0.145042	-0.0145811
3.4078	-0.125885	-0.153129	-0.0162292
3.4209	-0.138092	-0.150611	-0.0178631
3.434	-0.150299	-0.161292	-0.0194687
3.4471	-0.163269	-0.152595	-0.0210707
3.4603	-0.175476	-0.164344	-0.0226672
3.4734	-0.187683	-0.159766	-0.0242378
3.4865	-0.19989	-0.166023	-0.0257657
3.4996	-0.212097	-0.151679	-0.0273203
3.5127	-0.224304	-0.151908	-0.0288429
3.5258	-0.236511	-0.142448	-0.0303385
3.5389	-0.248718	-0.146415	-0.0318147
3.552	-0.260925	-0.138709	-0.0332603
3.5651	-0.273132	-0.13581	-0.0346802
3.5782	-0.285339	-0.125129	-0.0360646
3.5913	-0.297546	-0.127342	-0.0374126
3.6044	-0.30899	-0.119788	-0.0387768
3.6175	-0.321198	-0.124976	-0.0400887
3.6306	-0.333405	-0.115821	-0.0413815
3.6438	-0.344849	-0.122993	-0.0426506
3.6569	-0.357056	-0.112464	-0.0439153
3.67	-0.3685	-0.113303	-0.045119
3.6831	-0.379944	-0.104224	-0.0463265
3.6962	-0.391388	-0.0898812	-0.0474784
3.7093	-0.403595	-0.086982	-0.0486593
3.7224	-0.415039	-0.0820229	-0.0497943
3.7355	-0.426483	-0.0823281	-0.0509162
3.7486	-0.437164	-0.0836251	-0.0519914
3.7617	-0.448608	-0.0804208	-0.0530694
3.7748	-0.460052	-0.0679849	-0.0541054
3.7879	-0.470734	-0.066459	-0.0551483
3.801	-0.482178	-0.0676034	-0.056137
3.8141	-0.492859	-0.0782845	-0.057108
3.8273	-0.504303	-0.0837014	-0.0580582
3.8404	-0.514984	-0.0772164	-0.0589665
3.8535	-0.525665	-0.0667642	-0.0598744
3.8666	-0.536346	-0.0671456	-0.0607447
3.8797	-0.547028	-0.0668404	-0.0615947
3.8928	-0.556946	-0.0587533	-0.0624254
3.9059	-0.567627	-0.0550149	-0.063251
3.919	-0.577545	-0.0608895	-0.0640352
3.9321	-0.588226	-0.0634835	-0.0647559
3.9452	-0.598145	-0.0588296	-0.0655243
3.9583	-0.608063	-0.05738	-0.0662564
3.9714	-0.617981	-0.0460885	-0.0669343
3.9845	-0.627899	-0.0521157	-0.0676557
3.9976	-0.637817	-0.0661538	-0.0682982
4.0108	-0.647736	-0.0344155	-0.0689462
4.0239	-0.656891	-0.0581429	-0.0695706
4.037	-0.666046	-0.0318215	-0.0701509
4.0501	-0.675964	-0.0482247	-0.0707787
4.0632	-0.68512	-0.0393746	-0.0712786
4.0763	-0.694275	-0.0441049	-0.0718898
4.0894	-0.702667	-0.0345681	-0.0723629
4.1025	-0.711823	-0.0459359	-0.0729581
4.1156	-0.720978	-0.0252602	-0.0733692
4.1287	-0.72937	-0.0471566	-0.0739148
4.1418	-0.737762	-0.0134347	-0.0743324
4.1549	-0.746155	-0.0576852	-0.0748124
4.168	-0.754547	-0.0170205	-0.0752426
4.1811	-0.762939	-0.0353311	-0.0756412
4.1943	-0.770569	-0.0376199	-0.076085
4.2074	-0.778961	-0.0196145	-0.076453
4.2205	-0.786591	-0.0276254	-0.076829
4.2336	-0.79422	-0.034797	-0.0772008
4.2467	-0.801849	-0.0237344	-0.0775834
4.2598	-0.809479	-0.0226663	-0.0779251
4.2729	-0.816345	-0.0208352	-0.0782447
4.286	-0.823975	-0.0304482	-0.0785619
4.2991	-0.830841	-0.0296853	-0.0788752
4.3122	-0.837708	-0.0203774	-0.0791883
4.3253	-0.844574	-0.0232766	-0.0794858
4.3384	-0.85144	-0.0254891	-0.0797529
4.3515	-0.857544	-0.019233	-0.0800226
4.3646	-0.86441	-0.0183175	-0.0802866
4.3778	-0.870514	-0.0193093	-0.0805328
4.3909	-0.876617	-0.0132821	-0.0807686
4.404	-0.882721	-0.0134347	-0.0810017
4.4171	-0.888824	-0.0177071	-0.0812306
4.4302	-0.894165	-0.0199197	-0.0814442
4.4433	-0.899506	-0.0180123	-0.0816534
4.4564	-0.904846	-0.019996	-0.0818523
4.4695	-0.910187	-0.00900964	-0.082038
4.4826	-0.915527	-0.0119088	-0.0822283
4.4957	-0.920868	-0.0138925	-0.0824001
4.5088	-0.925446	-0.00923852	-0.082569
4.5219	-0.930023	-0.00504235	-0.0827474
4.535	-0.934601	-0.00984887	-0.0828976
4.5481	-0.939178	-0.0141976	-0.0830455
4.5613	-0.942993	-0.0100778	-0.0831991
4.5744	-0.947571	-0.0175546	-0.0833308
4.5875	-0.951385	-0.0139687	-0.0834611
4.6006	-0.9552	-0.0163339	-0.0835962
4.6137	-0.959015	-0.012748	-0.0837117
4.6268	-0.962067	0.000908574	-0.083818
4.6399	-0.965881	-0.011451	-0.0839345
4.653	-0.968933	-0.0187753	-0.0840359
4.6661	-0.971985	-0.0170968	-0.0841377
4.6792	-0.975037	-0.0170205	-0.0842196
4.6923	-0.977325	-0.00527124	-0.0843138
4.7054	-0.980377	-0.00313501	-0.0844005
4.7185	-0.982666	-0.0119851	-0.0844821
4.7316	-0.984955	-0.0136636	-0.08456
4.7448	-0.987244	-0.0158761	-0.0846188
4.7579	-0.98877	0.00762244	-0.0846928
4.771	-0.991058	-0.0213693	-0.0847696
4.7841	-0.992584	0.00228186	-0.0848097
4.7972	-0.99411	-0.00412683	-0.0848702
4.8103	-0.995636	-0.00519494	-0.0848939
4.8234	-0.996399	-0.000159541	-0.0849409
4.8365	-0.997162	0.00365516	-0.0849715
4.8496	-0.998688	-0.00427941	-0.0850156
4.8627	-0.999451	-0.0145028	-0.0850262
4.8758	-0.999451	0.0030448	-0.0850532
4.8889	-1.00021	0.00350257	-0.0850825
4.902	-1.00021	-0.00122766	-0.0850891
4.9152	-1.00021	-0.00244836	-0.0850939
4.9283	-1.00021	-0.00214318	-0.0850999
4.9414	-1.00021	-0.000388423	-0.0851057
4.9545	-0.999451	0.000908574	-0.0851105
4.9676	-0.999451	-0.00435571	-0.0851127
4.9807	-0.998688	-0.00679711	-0.0851059
4.9938	-0.997925	0.00220557	-0.0851054
5.0069	-0.996399	-0.00580529	-0.0851025
5.02	-0.995636	-0.00488977	-0.0850944
5.0331	-0.99411	-6.95356e-06	-0.0850947
5.0462	-0.992584	-0.00290612	-0.0850884
5.0593	-0.991058	-0.00153283	-0.0850853
5.0724	-0.98877	0.0115897	-0.0850613
5.0855	-0.987244	-0.0117562	-0.0850565
5.0987	-0.984955	-0.00542382	-0.0850162
5.1118	-0.982666	0.0232627	-0.0849952
5.1249	-0.980377	0.0189139	-0.084985
5.138	-0.977325	-0.00214318	-0.0849786
5.1511	-0.975037	0.000603398	-0.0849434
5.1642	-0.971985	0.00670691	-0.0849181
5.1773	-0.968933	0.00464698	-0.0848897
5.1904	-0.965881	0.00762244	-0.0848566
5.2035	-0.962067	-0.00176171	-0.084819
5.2166	-0.959015	0.00663062	-0.0847759
5.2297	-0.9552	0.000221928	-0.0847418
5.2428	-0.951385	0.00777503	-0.0846895
5.2559	-0.947571	0.00129004	-0.0846461
5.269	-0.943756	0.00640174	-0.0845867
5.2822	-0.939178	0.00495215	-0.0845358
5.2953	-0.934601	0.00632544	-0.0844774
5.3084	-0.930023	0.00579139	-0.0844167
5.3215	-0.925446	0.0122764	-0.084336
5.3346	-0.920868	0.0056388	-0.0842657
5.3477	-0.915527	0.0100638	-0.0841935
5.3608	-0.910187	0.00319739	-0.0841067
5.3739	-0.905609	0.00533362	-0.0840276
5.387	-0.899506	0.00144263	-0.0839308
5.4001	-0.894165	0.00609656	-0.0838335
5.4132	-0.888824	0.0109794	-0.0837283
5.4263	-0.882721	0.0109031	-0.0836156
5.4394	-0.876617	0.00838538	-0.0835
5.4525	-0.870514	0.0106742	-0.0833819
5.4657	-0.86441	0.0126578	-0.0832524
5.4788	-0.857544	0.0100638	-0.0831171
5.4919	-0.85144	0.0109794	-0.0829768
5.505	-0.844574	0.00396033	-0.0828324
5.5181	-0.837708	0.00602027	-0.082678
5.5312	-0.830841	0.0139548	-0.0825146
5.5443	-0.823975	0.0138023	-0.0823329
5.5574	-0.817108	0.0105216	-0.082146
5.5705	-0.809479	0.0144889	-0.0819648
5.5836	-0.801849	0.0163962	-0.0817646
5.5967	-0.79422	0.0173881	-0.0815521
5.6098	-0.786591	0.0161674	-0.0813213
5.6229	-0.778961	0.0128867	-0.0810873
5.636	-0.771332	0.0159385	-0.0808573
5.6492	-0.762939	0.0234153	-0.0805939
5.6623	-0.754547	0.0173118	-0.0803309
5.6754	-0.746155	0.0244834	-0.0800648
5.6885	-0.737762	0.0237205	-0.0797605
5.7016	-0.72937	0.0144126	-0.0794593
5.7147	-0.720978	0.0327231	-0.0791506
5.7278	-0.711823	0.0214316	-0.0788111
5.7409	-0.70343	0.0283744	-0.0784798
5.754	-0.694275	0.0224235	-0.0780775
5.7671	-0.68512	0.0372245	-0.0777328
5.7802	-0.675964	0.0288322	-0.0773131
5.7933	-0.666809	0.0288322	-0.0769455
5.8064	-0.656891	0.030358	-0.0764439
5.8195	-0.647736	0.0453879	-0.0760738
5.8327	-0.637817	0.018151	-0.0755309
5.8458	-0.627899	0.0630118	-0.0750993
5.8589	-0.617981	0.00708838	-0.0745519
5.872	-0.608063	0.0709464	-0.0740155
5.8851	-0.598145	0.020745	-0.0734915
5.8982	-0.588226	0.0613334	-0.0728775
5.9113	-0.578308	0.0468375	-0.0723146
5.9244	-0.567627	0.0379874	-0.0717089
5.9375	-0.556946	0.0398948	-0.0710383
5.9506	-0.547028	0.0593497	-0.0703872
5.9637	-0.536346	0.0640037	-0.0696977
5.9768	-0.525665	0.0479056	-0.0689791
5.9899	-0.514984	0.0569846	-0.068244
6.003	-0.504303	0.069268	-0.0674928
6.0162	-0.492859	0.0659873	-0.0666902
6.0293	-0.482178	0.058892	-0.0658573
6.0424	-0.470734	0.0509574	-0.0650241
6.0555	-0.460052	0.0648429	-0.0641356
6.0686	-0.448608	0.0746085	-0.0632353
6.0817	-0.437164	0.0720908	-0.0622956
6.0948	-0.426483	0.0793388	-0.061354
6.1079	-0.415039	0.0791862	-0.0603638
6.121	-0.403595	0.0804069	-0.0593468
6.1341	-0.392151	0.0804832	-0.0582757
6.1472	-0.379944	0.0855949	-0.057233
6.1603	-0.3685	0.096276	-0.0561308
6.1734	-0.357056	0.0972678	-0.0550168
6.1865	-0.344849	0.0971152	-0.05385
6.1997	-0.333405	0.093682	-0.0526521
6.2128	-0.321198	0.101159	-0.051426
6.2259	-0.309753	0.0941398	-0.050171
6.239	-0.297546	0.104516	-0.048867
6.2521	-0.285339	0.0995566	-0.0475491
6.2652	-0.273132	0.101845	-0.0461922
6.2783	-0.260925	0.0900962	-0.0447822
6.2914	-0.249481	0.0950553	-0.0433502
6.3045	-0.237274	0.0869681	-0.0418721
6.3176	-0.225067	0.0887992	-0.040367
6.3307	-0.212097	0.0870444	-0.0388075
6.3438	-0.19989	0.0959708	-0.0372003
6.3569	-0.187683	0.0913169	-0.0355846
6.37	-0.175476	0.0987174	-0.0339366
6.3832	-0.163269	0.0928428	-0.0322471
6.3963	-0.150299	0.0984885	-0.0305422
6.4094	-0.138092	0.0927665	-0.0288063
6.4225	-0.125885	0.106652	-0.0270753
6.4356	-0.112915	0.103142	-0.0253334
6.4487	-0.100708	0.109322	-0.0235637
6.4618	-0.088501	0.103448	-0.0218377
6.4749	-0.075531	0.109399	-0.0200925
6.488	-0.063324	0.109246	-0.0183442
6.5011	-0.050354	0.11039	-0.0165642
6.5142	-0.038147	0.107262	-0.0148127
6.5273	-0.0259399	0.112221	-0.0130308
6.5404	-0.01297	0.122597	-0.01125
6.5536	0	0.132897	-0.00945129
6.5667	0.012207	0.146096	-0.00775544
6.5798	0.0244141	0.145638	-0.00600151
6.5929	0.037384	0.151971	-0.00428493
6.606	0.0495911	0.155175	-0.00252486
6.6191	0.062561	0.164712	-0.000824953
6.6322	0.0747681	0.164483	0.00091511
6.6453	0.087738	0.158456	0.00261845
6.6584	0.0999451	0.156243	0.00435072
6.6715	0.112152	0.156243	0.00601321
6.6846	0.125122	0.157159	0.00771878
6.6977	0.137329	0.157922	0.00938025
6.7108	0.149536	0.153649	0.0110726
6.7239	0.162506	0.150063	0.0126814
6.7371	0.174713	0.150445	0.0143338
6.7502	0.18692	0.146401	0.0159525
6.7633	0.199127	0.132668	0.0175497
6.7764	0.211334	0.121758	0.0190752
6.7895	0.223541	0.112755	0.0206217
6.8026	0.235748	0.112755	0.0221331
6.8157	0.247955	0.108178	0.0236485
6.8288	0.260162	0.103219	0.0250973
6.8419	0.272369	0.0994041	0.0265552
6.855	0.284576	0.0991752	0.0279799
6.8681	0.296783	0.0891044	0.0293947
6.8812	0.308228	0.0889518	0.0307377
6.8943	0.320435	0.0984122	0.0320806
6.9074	0.332642	0.0977256	0.0333995
6.9206	0.344086	0.106042	0.0347399
6.9337	0.356293	0.101083	0.0360058
6.9468	0.367737	0.100854	0.0372651
6.9599	0.379181	0.104974	0.0384906
6.973	0.390625	0.0990226	0.0397095
6.9861	0.402832	0.0885703	0.0408634
6.9992	0.414276	0.085366	0.0420083
7.0123	0.42572	0.0894096	0.0431279
7.0254	0.436401	0.0907828	0.0442363
7.0385	0.447845	0.0865104	0.0452918
7.0516	0.45929	0.078118	0.0463353
7.0647	0.469971	0.0650718	0.0473739
7.0778	0.481415	0.0704887	0.0483971
7.0909	0.492096	0.0620963	0.0494071
7.1041	0.50354	0.0721671	0.0503341
7.1172	0.514221	0.0801017	0.0512675
7.1303	0.524902	0.0677421	0.0521822
7.1434	0.535583	0.0632407	0.0530744
7.1565	0.546265	0.0774314	0.0539149
7.1696	0.556183	0.0687339	0.0547516
7.1827	0.566864	0.0463035	0.0555875
7.1958	0.576782	0.0632407	0.0563965
7.2089	0.587463	0.0654533	0.0571735
7.222	0.597382	0.050347	0.0578897
7.2351	0.6073	0.0622489	0.0586273
7.2482	0.617218	0.0546958	0.0592945
7.2613	0.627136	0.0443198	0.0600176
7.2744	0.637054	0.061486	0.0606928
7.2876	0.646973	0.0372245	0.0613081
7.3007	0.656128	0.058129	0.0619535
7.3138	0.665283	0.0419547	0.0625236
7.3269	0.675201	0.0363853	0.0631636
7.34	0.684357	0.0533225	0.0636969
7.3531	0.693512	0.0286796	0.0642767
7.3662	0.701904	0.0518729	0.0647468
7.3793	0.71106	0.024636	0.0653369
7.3924	0.720215	0.0453879	0.0657584
7.4055	0.728607	0.0331046	0.066311
7.4186	0.737	0.0282218	0.066706
7.4317	0.745392	0.0469901	0.0672175
7.4448	0.753784	0.0211265	0.0676174
7.4579	0.762177	0.043328	0.0680312
7.4711	0.769806	0.0302054	0.0684802
7.4842	0.778198	0.0247123	0.0688555
7.4973	0.785828	0.032418	0.0692157
7.5104	0.793457	0.0315024	0.0695946
7.5235	0.801086	0.0247123	0.0699436
7.5366	0.808716	0.0170829	0.0702753
7.5497	0.815582	0.0236442	0.070591
7.5628	0.823212	0.0339439	0.0709033
7.5759	0.830078	0.0323417	0.0712257
7.589	0.836945	0.0189902	0.0715145
7.6021	0.843811	0.020745	0.0718014
7.6152	0.850677	0.0228049	0.0720525
7.6283	0.856781	0.0127341	0.0723259
7.6414	0.863647	0.0218131	0.0725753
7.6546	0.869751	0.0184562	0.0728187
7.6677	0.875854	0.0160148	0.0730634
7.6808	0.881958	0.0211265	0.0732802
7.6939	0.888062	0.0175407	0.0734937
7.707	0.893402	0.0190665	0.0736933
7.7201	0.898743	0.0122764	0.0738898
7.7332	0.904083	0.0109031	0.0740945
7.7463	0.909424	0.0100638	0.0742734
7.7594	0.914764	0.0179984	0.0744484
7.7725	0.920105	0.013726	0.0746039
7.7856	0.924683	0.00838538	0.0747754
7.7987	0.92926	0.00609656	0.074939
7.8118	0.933838	0.0081565	0.0750803
7.8249	0.938416	0.0159385	0.0752171
7.8381	0.94223	0.0102164	0.0753591
7.8512	0.946808	0.0148704	0.0754805
7.8643	0.950623	0.013726	0.0756078
7.8774	0.954437	0.0166251	0.0757274
7.8905	0.958252	0.0109031	0.0758358
7.9036	0.961304	-0.00168542	0.0759314
7.9167	0.965118	0.00861426	0.0760403
7.9298	0.96817	0.0189902	0.0761273
7.9429	0.971222	0.0175407	0.0762231
7.956	0.974274	0.0159385	0.0762982
7.9691	0.976562	0.00228186	0.0763901
7.9822	0.979614	0.000603398	0.0764574
7.9953	0.981903	0.0134208	0.0765262
8.0084	0.984192	0.0102164	0.0765852
8.0216	0.986481	0.0156333	0.0766331
8.0347	0.988007	-0.00878076	0.0767002
8.0478	0.990295	0.0169303	0.0767605
8.0609	0.991821	-0.000922481	0.0767879
8.074	0.993347	0.00426551	0.0768282
8.0871	0.994873	0.00235816	0.0768505
8.1002	0.995636	-0.000464717	0.076882
8.1133	0.996399	-0.00275354	0.0768996
8.1264	0.997925	0.00281592	0.0769371
8.1395	0.998688	0.0161674	0.0769361
8.1526	0.998688	-0.00389794	0.0769498
8.1657	0.999451	-0.00611047	0.0769696
8.1788	0.999451	-0.00229577	0.0769631
8.192	0.999451	-0.000693599	0.0769572
8.2051	0.999451	-0.000617305	0.0769517
8.2182	0.999451	0.00113746	0.0769453
8.2313	0.998688	-0.000464717	0.0769361
8.2444	0.998688	0.00266333	0.0769281
8.2575	0.997925	0.00464698	0.0769095
8.2706	0.997162	-0.000922481	0.0768961
8.2837	0.995636	0.00594397	0.076879
8.2968	0.994873	0.00418921	0.0768609
8.3099	0.993347	-0.000388423	0.0768478
8.323	0.991821	0.00159522	0.0768287
8.3361	0.990295	-0.0019906	0.0768142
8.3492	0.988007	-0.0109933	0.0767818
8.3623	0.986481	0.0105216	0.0767606
8.3755	0.984192	0.00785132	0.0767103
8.3886	0.981903	-0.0215218	0.07668
8.4017	0.979614	-0.0183175	0.0766573
8.4148	0.976562	6.93404e-05	0.0766417
8.4279	0.974274	-0.00641565	0.0765946
8.441	0.971222	-0.00778894	0.0765563
8.4541	0.96817	-0.00580529	0.0765119
8.4672	0.965118	-0.00870446	0.076467
8.4803	0.961304	0.00167151	0.0764136
8.4934	0.958252	-0.00717858	0.0763577
8.5065	0.954437	-0.000464717	0.0763105
8.5196	0.950623	-0.00786523	0.0762457
8.5327	0.946808	-0.000998775	0.0761891
8.5458	0.942993	-0.00656823	0.0761152
8.559	0.938416	-0.00855188	0.0760538
8.5721	0.933838	-0.00527124	0.0759847
8.5852	0.92926	-0.00839929	0.0759105
8.5983	0.924683	-0.0123666	0.0758205
8.6114	0.920105	-0.00397424	0.0757327
8.6245	0.914764	-0.0117562	0.075651
8.6376	0.909424	-0.00534753	0.0755462
8.6507	0.904846	-0.00763635	0.0754555
8.6638	0.898743	-0.00183801	0.0753471
8.6769	0.893402	-0.00366906	0.0752382
8.69	0.888062	-0.00817041	0.0751233
8.7031	0.881958	-0.0111459	0.0750021
8.7162	0.875854	-0.00542382	0.0748735
8.7293	0.869751	-0.00900964	0.074739
8.7425	0.863647	-0.00847558	0.0745945
8.7556	0.856781	-0.00359277	0.0744458
8.7687	0.850677	-0.00290612	0.0742971
8.7818	0.843811	-0.00206689	0.0741444
8.7949	0.836945	-0.0117562	0.0739779
8.808	0.830078	-0.0207589	0.0738019
8.8211	0.823212	-0.0151132	0.0736001
8.8342	0.816345	-0.0128243	0.0734014
8.8473	0.808716	-0.0176309	0.0732055
8.8604	0.801086	-0.0155709	0.0729979
8.8735	0.793457	-0.0203011	0.0727787
8.8866	0.785828	-0.0128243	0.0725413
8.8997	0.778198	-0.0181649	0.0722918
8.9128	0.770569	-0.0209115	0.0720452
8.926	0.762177	-0.0271676	0.0717682
8.9391	0.753784	-0.02259	0.0714821
8.9522	0.745392	-0.0224374	0.0712018
8.9653	0.737	-0.0259469	0.0708871
8.9784	0.728607	-0.0180886	0.0705619
8.9915	0.720215	-0.0329659	0.0702465
9.0046	0.71106	-0.0247262	0.0698838
9.0177	0.702667	-0.0260232	0.0695467
9.0308	0.693512	-0.0295327	0.0691289
9.0439	0.684357	-0.0304482	0.0687861
9.057	0.675201	-0.0370095	0.068338
9.0701	0.666046	-0.0219033	0.0679406
9.0832	0.656128	-0.047767	0.0674456
9.0963	0.646973	-0.0318978	0.067045
9.1095	0.637054	-0.0344155	0.0664991
9.1226	0.627136	-0.0506661	0.0660594
9.1357	0.617218	-0.0183175	0.0654714
9.1488	0.6073	-0.0730203	0.0649686
9.1619	0.597382	-0.0210641	0.0644068
9.175	0.587463	-0.059974	0.0638202
9.1881	0.577545	-0.0459359	0.0632261
9.2012	0.566864	-0.038688	0.0625798
9.2143	0.556183	-0.0483773	0.061896
9.2274	0.546265	-0.0627206	0.061243
9.2405	0.535583	-0.0606606	0.0605566
9.2536	0.524902	-0.0505135	0.0598066
9.2667	0.514221	-0.0606606	0.0590647
9.2798	0.50354	-0.0676034	0.0582915
9.293	0.492096	-0.0534127	0.0574903
9.3061	0.481415	-0.0561593	0.0566451
9.3192	0.469971	-0.0589059	0.0557861
9.3323	0.45929	-0.074241	0.0548954
9.3454	0.447845	-0.0798867	0.0539972
9.3585	0.436401	-0.0823281	0.0530742
9.3716	0.42572	-0.0772164	0.0521082
9.3847	0.414276	-0.0736306	0.0511378
9.3978	0.402832	-0.077369	0.0501129
9.4109	0.391388	-0.0767587	0.0490817
9.424	0.379181	-0.0803445	0.0479927
9.4371	0.367737	-0.0881265	0.0468828
9.4502	0.356293	-0.0898049	0.0457304
9.4633	0.344086	-0.0915597	0.0445725
9.4765	0.332642	-0.0863717	0.0433406
9.4896	0.320435	-0.0853799	0.0421032
9.5027	0.30899	-0.0807259	0.0408355
9.5158	0.296783	-0.0844643	0.0395671
9.5289	0.284576	-0.0969003	0.0382199
9.542	0.272369	-0.0920174	0.0368432
9.5551	0.260162	-0.0936959	0.0354241
9.5682	0.248718	-0.0964425	0.033999
9.5813	0.236511	-0.0976632	0.0325018
9.5944	0.224304	-0.0989602	0.0310029
9.6075	0.211334	-0.0989602	0.0294505
9.6206	0.199127	-0.102851	0.0278945
9.6337	0.18692	-0.114066	0.0262755
9.6468	0.174713	-0.112312	0.0246173
9.66	0.162506	-0.111701	0.0229226
9.6731	0.149536	-0.10865	0.0212595
9.6862	0.137329	-0.113685	0.0195184
9.6993	0.125122	-0.117729	0.0178128
9.7124	0.112152	-0.117194	0.0160886
9.7255	0.0999451	-0.114448	0.0143954
9.7386	0.087738	-0.116889	0.0126424
9.7517	0.0747681	-0.113685	0.0109213
9.7648	0.062561	-0.111701	0.00917971
9.7779	0.0495911	-0.105903	0.00747391
9.791	0.037384	-0.104759	0.00572903
9.8041	0.025177	-0.100257	0.00401649
9.8172	0.012207	-0.102927	0.00226894
9.8304	0	-0.10781	0.000582633
9.8435	-0.01297	-0.115821	-0.00115162
9.8566	-0.025177	-0.112388	-0.00286581
9.8697	-0.038147	-0.111244	-0.00457572
9.8828	-0.050354	-0.12017	-0.00624586
9.8959	-0.063324	-0.126731	-0.00796129
9.909	-0.075531	-0.134284	-0.00962584
9.9221	-0.088501	-0.130775	-0.0112905
9.9352	-0.100708	-0.139777	-0.0129289
9.9483	-0.112915	-0.141303	-0.0146144
9.9614	-0.125885	-0.148399	-0.0162668
9.9745	-0.138092	-0.149009	-0.0179044
9.9876	-0.150299	-0.160377	-0.0195093
10.0007	-0.163269	-0.153358	-0.0211109
10.0139	-0.175476	-0.165946	-0.0227084
10.027	-0.187683	-0.158546	-0.0242811
10.0401	-0.19989	-0.164192	-0.0258069
10.0532	-0.212097	-0.156715	-0.0273667
10.0663	-0.224304	-0.153816	-0.0288946
10.0794	-0.236511	-0.143745	-0.0303881
10.0925	-0.248718	-0.148933	-0.0318665
10.1056	-0.260925	-0.135886	-0.0333228
10.1187	-0.273132	-0.133064	-0.0347371
10.1318	-0.285339	-0.121772	-0.0361233
10.1449	-0.297546	-0.123756	-0.0374695
10.158	-0.30899	-0.117576	-0.0388249
10.1711	-0.321198	-0.124137	-0.0401412
10.1842	-0.333405	-0.120933	-0.0414393
10.1974	-0.344849	-0.123451	-0.0427111
10.2105	-0.357056	-0.110557	-0.0439739
10.2236	-0.3685	-0.108192	-0.0451784
10.2367	-0.379944	-0.0983498	-0.0463753
10.2498	-0.391388	-0.0901101	-0.0475279
10.2629	-0.403595	-0.0871346	-0.0487098
10.276	-0.415039	-0.0846932	-0.0498443
10.2891	-0.426483	-0.0837777	-0.0509704
10.3022	-0.437164	-0.0815652	-0.0520554
10.3153	-0.448608	-0.0748513	-0.0531275
10.3284	-0.460052	-0.0634835	-0.0541553
10.3415	-0.470734	-0.0644753	-0.055188
10.3546	-0.482178	-0.0698922	-0.0561849
10.3677	-0.492859	-0.0792764	-0.0571528
10.3809	-0.504303	-0.0822518	-0.0581078
10.394	-0.514984	-0.0733254	-0.0590082
10.4071	-0.525665	-0.0658486	-0.0599156
10.4202	-0.536346	-0.063865	-0.0607863
10.4333	-0.547028	-0.0679849	-0.0616288
10.4464	-0.556946	-0.0628732	-0.0624621
10.4595	-0.567627	-0.0518105	-0.063307
10.4726	-0.577545	-0.0582192	-0.0640691
10.4857	-0.588226	-0.0657723	-0.0647952
10.4988	-0.598145	-0.0569222	-0.0655709
10.5119	-0.608063	-0.0572274	-0.066294
10.525	-0.617981	-0.0457833	-0.0669729
10.5381	-0.627899	-0.0491403	-0.0676886
10.5512	-0.637817	-0.0697396	-0.0683316
10.5644	-0.647736	-0.0327371	-0.0689821
10.5775	-0.656891	-0.0572274	-0.0696054
10.5906	-0.666046	-0.0315926	-0.0701874
10.6037	-0.675964	-0.0486825	-0.0708086
10.6168	-0.68512	-0.0378488	-0.0713124
10.6299	-0.694275	-0.0456307	-0.0719156
10.643	-0.702667	-0.0341103	-0.0723968
10.6561	-0.711823	-0.0429604	-0.072985
10.6692	-0.720978	-0.0273202	-0.0733995
10.6823	-0.72937	-0.0466988	-0.0739398
10.6954	-0.737762	-0.0154946	-0.0743517
10.7085	-0.746155	-0.0558541	-0.0748393
10.7216	-0.754547	-0.0105355	-0.0752638
10.7347	-0.762939	-0.040519	-0.0756678
10.7479	-0.770569	-0.0352548	-0.0761032
10.761	-0.778961	-0.0246499	-0.0764783
10.7741	-0.786591	-0.0258706	-0.0768495
10.7872	-0.79422	-0.0354073	-0.0772296
10.8003	-0.801849	-0.0270913	-0.0775987
10.8134	-0.809479	-0.0190804	-0.0779483
10.8265	-0.816345	-0.0250314	-0.0782638
10.8396	-0.823975	-0.0294564	-0.0785836
10.8527	-0.830841	-0.0309823	-0.0788944
10.8658	-0.837708	-0.0198434	-0.0792068
10.8789	-0.844574	-0.0247262	-0.0795052
10.892	-0.85144	-0.0250314	-0.0797654
10.9051	-0.857544	-0.0148843	-0.0800465
10.9182	-0.86441	-0.0215218	-0.0803017
10.9314	-0.870514	-0.0157998	-0.0805474
10.9445	-0.876617	-0.0141976	-0.0807867
10.9576	-0.882721	-0.0155709	-0.0810182
10.9707	-0.888824	-0.0156472	-0.0812456
10.9838	-0.894165	-0.0155709	-0.0814621
10.9969	-0.899506	-0.0180123	-0.0816681
11.01	-0.904846	-0.0197671	-0.0818683
11.0231	-0.910187	-0.0112985	-0.0820575
11.0362	-0.915527	-0.0149606	-0.0822456
11.0493	-0.920868	-0.0167153	-0.0824163
11.0624	-0.925446	-0.00931481	-0.0825845
11.0755	-0.930023	-0.00817041	-0.0827618
11.0886	-0.934601	-0.0116799	-0.082912
11.1017	-0.939178	-0.0183938	-0.0830632
11.1149	-0.942993	-0.0148843	-0.0832147
11.128	-0.947571	-0.0157998	-0.0833455
11.1411	-0.951385	-0.0132821	-0.0834772
11.1542	-0.9552	-0.017402	-0.0836071
11.1673	-0.959015	-0.0112985	-0.0837223
11.1804	-0.962067	-0.000541011	-0.08383
11.1935	-0.965881	-0.0116036	-0.0839444
11.2066	-0.968933	-0.0187753	-0.0840462
11.2197	-0.971985	-0.0197671	-0.0841471
11.2328	-0.975037	-0.0156472	-0.0842284
11.2459	-0.977325	-0.00603418	-0.0843245
11.259	-0.980377	-0.00275354	-0.084408
11.2721	-0.982666	-0.0139687	-0.0844917
11.2852	-0.984955	-0.012214	-0.0845685
11.2984	-0.987244	-0.0183938	-0.0846282
11.3115	-0.98877	0.0068595	-0.0846991
11.3246	-0.991058	-0.0204537	-0.084778
11.3377	-0.992584	0.00144263	-0.0848184
11.3508	-0.99411	-0.00397424	-0.0848739
11.3639	-0.995636	-0.00458459	-0.0849026
11.377	-0.996399	-0.000693599	-0.0849502
11.3901	-0.997162	0.00151893	-0.084979
11.4032	-0.998688	-0.00389794	-0.0850259
11.4163	-0.999451	-0.0154183	-0.0850362
11.4294	-0.999451	0.00205298	-0.0850629
11.4425	-1.00021	0.00533362	-0.0850918
11.4556	-1.00021	-0.000769893	-0.0850994
11.4688	-1.00021	-0.00298242	-0.0851059
11.4819	-1.00021	-0.00267724	-0.0851097
11.495	-1.00021	-0.000846187	-0.0851148
11.5081	-0.999451	0.00296851	-0.0851209
11.5212	-0.999451	-0.000617305	-0.0851252
11.5343	-0.998688	-0.00565271	-0.0851203
11.5474	-0.997925	0.00129004	-0.0851199
11.5605	-0.996399	-0.00794152	-0.085114
11.5736	-0.995636	-0.00504235	-0.085106
11.5867	-0.99411	0.000603398	-0.0851054
11.5998	-0.992584	-0.00290612	-0.0851003
11.6129	-0.991058	0.00106116	-0.0850962
11.626	-0.98877	0.0115897	-0.0850731
11.6391	-0.987244	-0.00977258	-0.085067
11.6523	-0.984955	-0.00817041	-0.0850267
11.6654	-0.982666	0.023339	-0.0850058
11.6785	-0.980377	0.0187614	-0.0849928
11.6916	-0.977325	-0.000541011	-0.0849894
11.7047	-0.975037	0.00136634	-0.0849552
11.7178	-0.971985	0.00769873	-0.0849289
11.7309	-0.968933	0.0080802	-0.084901
11.744	-0.965881	0.00533362	-0.0848686
11.7571	-0.962067	-0.00138024	-0.0848297
11.7702	-0.959015	0.00617286	-0.0847871
11.7833	-0.9552	0.000755986	-0.0847524
11.7964	-0.951385	0.00861426	-0.0846983
11.8095	-0.947571	-0.000159541	-0.0846555
11.8226	-0.943756	0.0068595	-0.0845956
11.8358	-0.939178	0.00739356	-0.0845457
11.8489	-0.934601	0.00548621	-0.0844895
11.862	-0.930023	0.00846167	-0.0844266
11.8751	-0.925446	0.011132	-0.0843461
11.8882	-0.920868	0.00251075	-0.0842785
11.9013	-0.915527	0.0117423	-0.0842067
11.9144	-0.910187	0.00266333	-0.0841172
11.9275	-0.905609	0.00647803	-0.0840389
11.9406	-0.899506	0.00136634	-0.0839407
11.9537	-0.894165	0.00334998	-0.0838457
11.9668	-0.888824	0.0093772	-0.0837401
11.9799	-0.882721	0.0112846	-0.0836285
11.993	-0.876617	0.0056388	-0.0835128
12.0061	-0.870514	0.0102164	-0.0833928
12.0193	-0.86441	0.0094535	-0.0832671
12.0324	-0.857544	0.00869056	-0.0831322
12.0455	-0.85144	0.00960608	-0.0829888
12.0586	-0.844574	0.00640174	-0.0828444
12.0717	-0.837708	0.00663062	-0.0826898
12.0848	-0.830841	0.0166251	-0.0825269
12.0979	-0.823975	0.0150992	-0.082348
12.111	-0.817108	0.00922461	-0.0821576
12.1241	-0.809479	0.0149467	-0.0819778
12.1372	-0.801849	0.0164725	-0.0817799
12.1503	-0.79422	0.0187614	-0.081569
12.1634	-0.786591	0.0151755	-0.0813371
12.1765	-0.778961	0.0138785	-0.081104
12.1896	-0.771332	0.015557	-0.0808746
12.2028	-0.762939	0.0266959	-0.0806105
12.2159	-0.754547	0.0182273	-0.0803444
12.229	-0.746155	0.0258567	-0.0800845
12.2421	-0.737762	0.0244071	-0.0797767
12.2552	-0.72937	0.0144126	-0.0794783
12.2683	-0.720978	0.0357749	-0.0791647
12.2814	-0.711823	0.0222709	-0.0788399
12.2945	-0.70343	0.0289847	-0.0785027
12.3076	-0.694275	0.0245597	-0.0780981
12.3207	-0.68512	0.0366141	-0.0777579
12.3338	-0.675964	0.0250938	-0.0773299
12.3469	-0.666809	0.0314262	-0.0769638
12.36	-0.656891	0.0306632	-0.0764688
12.3731	-0.647736	0.0468375	-0.0760951
12.3863	-0.637817	0.0209739	-0.0755532
12.3994	-0.627899	0.0642326	-0.0751181
12.4125	-0.617981	0.00769873	-0.0745778
12.4256	-0.608063	0.0697257	-0.0740357
12.4387	-0.598145	0.0214316	-0.0735205
12.4518	-0.588226	0.0584342	-0.0728962
12.4649	-0.578308	0.0477531	-0.0723437
12.478	-0.567627	0.0390555	-0.0717353
12.4911	-0.556946	0.0377585	-0.0710609
12.5042	-0.547028	0.0624778	-0.0704145
12.5173	-0.536346	0.0608756	-0.0697248
12.5304	-0.525665	0.0499656	-0.0690075
12.5435	-0.514984	0.0616386	-0.0682728
12.5566	-0.504303	0.0734641	-0.067514
12.5698	-0.492859	0.0639274	-0.0667119
12.5829	-0.482178	0.0532462	-0.0658979
12.596	-0.470734	0.0538566	-0.0650636
12.6091	-0.460052	0.0659873	-0.0641564
12.6222	-0.448608	0.0743034	-0.0632658
12.6353	-0.437164	0.0759818	-0.0623242
12.6484	-0.426483	0.0790336	-0.0613795
12.6615	-0.415039	0.0763633	-0.0603942
12.6746	-0.403595	0.0799491	-0.0593769
12.6877	-0.392151	0.0826957	-0.0583087
12.7008	-0.379944	0.0880363	-0.0572556
12.7139	-0.3685	0.0949027	-0.0561586
12.727	-0.357056	0.0929954	-0.055046
12.7401	-0.344849	0.100701	-0.0538858
12.7533	-0.333405	0.0955894	-0.052688
12.7664	-0.321198	0.101998	-0.0514623
12.7795	-0.309753	0.094979	-0.0502016
12.7926	-0.297546	0.102532	-0.0489018
12.8057	-0.285339	0.0964286	-0.0475852
12.8188	-0.273132	0.0967338	-0.046234
12.8319	-0.260925	0.0912406	-0.044834
12.845	-0.249481	0.0970389	-0.0433936
12.8581	-0.237274	0.0883414	-0.0419145
12.8712	-0.225067	0.0924613	-0.0404109
12.8843	-0.212097	0.0895621	-0.0388392
12.8974	-0.19989	0.100854	-0.0372347
12.9105	-0.187683	0.0933768	-0.0356169
12.9236	-0.175476	0.0982597	-0.0339683
12.9368	-0.163269	0.0924613	-0.0322882
12.9499	-0.150299	0.0948264	-0.0305832
12.963	-0.138092	0.0862052	-0.0288422
12.9761	-0.125885	0.0998618	-0.0271105
12.9892	-0.112915	0.101006	-0.0253673
13.0023	-0.100708	0.105965	-0.023599
13.0154	-0.088501	0.102456	-0.0218708
13.0285	-0.075531	0.112374	-0.0201202
13.0416	-0.063324	0.115426	-0.0183696
13.0547	-0.050354	0.113366	-0.0165869
13.0678	-0.038147	0.109551	-0.0148387
13.0809	-0.0259399	0.116952	-0.0130553
13.094	-0.01297	0.124505	-0.011274
