0	0	-0.00668292	0
0.0131	0.012207	0.470231	-0.00616803
0.0262	0.0244141	0.0207829	-0.00457704
0.0393	0.037384	0.0488591	-0.00347565
0.0524	0.0495911	0.094254	-0.00187393
0.0655	0.062561	0.128205	-0.000140147
0.0786	0.0747681	0.197709	0.00196537
0.0917	0.087738	0.236695	0.00457459
0.1048	0.0999451	0.236771	0.00761502
0.1179	0.112152	0.240738	0.00959395
0.131	0.125122	0.235856	0.0124908
0.1441	0.137329	0.227158	0.0153752
0.1572	0.149536	0.23082	0.0182112
0.1703	0.162506	0.217621	0.0208137
0.1835	0.174713	0.199768	0.0234485
0.1966	0.18692	0.190384	0.0259535
0.2097	0.199127	0.18245	0.0283794
0.2228	0.211334	0.187638	0.0305923
0.2359	0.223541	0.180314	0.0327432
0.249	0.235748	0.174973	0.0347869
0.2621	0.247955	0.162613	0.0368077
0.2752	0.260162	0.158951	0.0386791
0.2883	0.272369	0.154145	0.0405213
0.3014	0.284576	0.151246	0.0422538
0.3145	0.296783	0.13797	0.0439255
0.3276	0.308228	0.128052	0.0454843
0.3407	0.320435	0.126984	0.0470048
0.3538	0.332642	0.120957	0.0484423
0.367	0.344086	0.120423	0.0498427
0.3801	0.356293	0.103562	0.0511254
0.3932	0.367737	0.100281	0.0523678
0.4063	0.379181	0.0945591	0.0535534
0.4194	0.390625	0.0875401	0.0547078
0.4325	0.402832	0.0776982	0.0557655
0.4456	0.414276	0.0743413	0.0567839
0.4587	0.42572	0.0771641	0.0577619
0.4718	0.436401	0.0735783	0.0587136
0.4849	0.447845	0.0710606	0.0595866
0.498	0.45929	0.0642705	0.0604315
0.5111	0.469971	0.0553441	0.0612498
0.5242	0.481415	0.0519108	0.0620479
0.5373	0.492096	0.0443577	0.0628047
0.5505	0.50354	0.0661778	0.0635062
0.5636	0.514221	0.0547337	0.0641796
0.5767	0.524902	0.0461125	0.064814
0.5898	0.535583	0.0388646	0.0654511
0.6029	0.546265	0.0570225	0.0660367
0.616	0.556183	0.0442814	0.0665771
0.6291	0.566864	0.0290227	0.0671291
0.6422	0.576782	0.0354313	0.0676779
0.6553	0.587463	0.0539708	0.0681526
0.6684	0.597382	0.0277257	0.0685997
0.6815	0.6073	0.0259709	0.069086
0.6946	0.617218	0.0554204	0.0694918
0.7077	0.627136	0.0136113	0.0698886
0.7208	0.637054	0.0294041	0.0703494
0.734	0.646973	0.0455021	0.0706773
0.7471	0.656128	0.0155186	0.071053
0.7602	0.665283	0.0393223	0.0714168
0.7733	0.675201	0.0158238	0.0717381
0.7864	0.684357	0.0305485	0.0720879
0.7995	0.693512	0.0207066	0.0723698
0.8126	0.701904	0.0311589	0.0726781
0.8257	0.71106	0.015366	0.072959
0.8388	0.720215	0.0233006	0.0732324
0.8519	0.728607	0.0150609	0.0735002
0.865	0.737	0.0225377	0.0737514
0.8781	0.745392	0.0233006	0.0740067
0.8912	0.753784	0.020554	0.0742343
0.9043	0.762177	0.0263524	0.0744593
0.9175	0.769806	0.021317	0.0746923
0.9306	0.778198	0.0182652	0.0748965
0.9437	0.785828	0.015366	0.0750949
0.9568	0.793457	0.0208592	0.075288
0.9699	0.801086	0.0149083	0.0754722
0.983	0.808716	0.0158238	0.0756529
0.9961	0.815582	0.010178	0.0758195
1.0092	0.823212	0.0165867	0.0759896
1.0223	0.830078	0.0167393	0.0761626
1.0354	0.836945	0.0100255	0.0763061
1.0485	0.843811	0.00796552	0.0764512
1.0616	0.850677	0.0142979	0.0765909
1.0747	0.856781	0.0129246	0.0767333
1.0878	0.863647	0.00628706	0.0768677
1.101	0.869751	0.00483747	0.0769955
1.1141	0.875854	0.00346418	0.0771123
1.1272	0.881958	0.00773664	0.0772312
1.1403	0.888062	0.0069737	0.0773423
1.1534	0.893402	0.00758405	0.0774466
1.1665	0.898743	0.00643964	0.0775502
1.1796	0.904083	0.00430341	0.0776553
1.1927	0.909424	0.00453229	0.0777407
1.2058	0.914764	0.00804182	0.077834
1.2189	0.920105	0.00796552	0.0779184
1.232	0.924683	0.00384565	0.0780086
1.2451	0.92926	0.00491376	0.0780873
1.2582	0.933838	0.0056767	0.0781643
1.2713	0.938416	0.00674482	0.0782336
1.2845	0.94223	0.0019383	0.0783047
1.2976	0.946808	0.00895734	0.0783641
1.3107	0.950623	0.00117536	0.0784295
1.3238	0.954437	0.010941	0.078491
1.3369	0.958252	-0.000274224	0.0785453
1.35	0.961304	0.000259834	0.0785894
1.3631	0.965118	0.00758405	0.0786485
1.3762	0.96817	0.00849958	0.0786925
1.3893	0.971222	0.0081944	0.078737
1.4024	0.974274	0.0082707	0.0787748
1.4155	0.976562	-0.00332598	0.0788218
1.4286	0.979614	0.00361677	0.0788483
1.4417	0.981903	0.012772	0.0788896
1.4548	0.984192	0.00666852	0.0789254
1.468	0.986481	0.0129246	0.078949
1.4811	0.988007	0.00293012	0.0789563
1.4942	0.990295	0.00743146	0.0789807
1.5073	0.991821	-0.000808282	0.0789941
1.5204	0.993347	0.000259834	0.0790104
1.5335	0.994873	0.000412421	0.0790171
1.5466	0.995636	0.00437971	0.0790313
1.5597	0.996399	0.00499006	0.0790373
1.5728	0.997925	0.00758405	0.0790432
1.5859	0.998688	0.0138402	0.0790443
1.599	0.998688	0.00209089	0.0790448
1.6121	0.999451	-0.00256304	0.079039
1.6252	0.999451	0.000107246	0.0790307
1.6384	0.999451	-0.0005794	0.0790212
1.6515	0.999451	-0.000808282	0.0790109
1.6646	0.999451	-0.00096087	0.0790004
1.6777	0.998688	-0.00614886	0.0789885
1.6908	0.998688	-0.00416522	0.0789752
1.7039	0.997925	0.0019383	0.0789628
1.717	0.997162	0.00102277	0.0789481
1.7301	0.995636	0.000565009	0.0789286
1.7432	0.994873	0.00285383	0.0789125
1.7563	0.993347	-0.00378375	0.0788971
1.7694	0.991821	-0.00279192	0.0788728
1.7825	0.990295	-0.00744586	0.078853
1.7956	0.988007	-0.0069118	0.0788244
1.8087	0.986481	0.00231977	0.0788075
1.8219	0.984192	0.00781293	0.078776
1.835	0.981903	0.00628706	0.0787457
1.8481	0.979614	0.0168156	0.0787188
1.8612	0.976562	0.0130772	0.0787106
1.8743	0.974274	-0.0117946	0.0786677
1.8874	0.971222	-0.00996356	0.0786376
1.9005	0.96817	-0.00820879	0.0786047
1.9136	0.965118	-0.00660662	0.0785683
1.9267	0.961304	0.000336127	0.0785336
1.9398	0.958252	-0.00477557	0.0784954
1.9529	0.954437	-0.00324969	0.0784587
1.966	0.950623	-0.0030971	0.0784132
1.9791	0.946808	-0.0043941	0.0783726
1.9922	0.942993	0.000870185	0.0783236
2.0054	0.938416	-0.00675921	0.0782748
2.0185	0.933838	-0.0108028	0.078231
2.0316	0.92926	-0.0102687	0.0781837
2.0447	0.924683	-0.00927691	0.0781255
2.0578	0.920105	-0.00897173	0.0780694
2.0709	0.914764	-0.00790362	0.0780119
2.084	0.909424	-0.000121636	0.0779527
2.0971	0.904846	-0.00744586	0.0778892
2.1102	0.898743	-0.00248675	0.0778291
2.1233	0.893402	-0.0018764	0.0777547
2.1364	0.888062	-0.00836138	0.0776845
2.1495	0.881958	-0.00950579	0.0776188
2.1626	0.875854	-0.00302081	0.0775431
2.1757	0.869751	-0.00279192	0.0774592
2.1889	0.863647	-0.00981097	0.0773778
2.202	0.856781	-0.00462298	0.0772956
2.2151	0.850677	-0.00782732	0.0772067
2.2282	0.843811	-0.00569109	0.0771171
2.2413	0.836945	-0.0101924	0.0770225
2.2544	0.830078	-0.00752215	0.0769234
2.2675	0.823212	-0.00736956	0.0768222
2.2806	0.816345	-0.0133968	0.0767127
2.2937	0.808716	-0.00469927	0.0766002
2.3068	0.801086	-0.00981097	0.0764949
2.3199	0.793457	-0.0111843	0.0763666
2.333	0.785828	-0.00759844	0.0762524
2.3461	0.778198	-0.0131679	0.0761148
2.3592	0.770569	-0.00706439	0.0759908
2.3724	0.762177	-0.00912432	0.0758417
2.3855	0.753784	-0.0117183	0.0756983
2.3986	0.745392	-0.010345	0.0755552
2.4117	0.737	-0.0104213	0.0753946
2.4248	0.728607	-0.00889544	0.075231
2.4379	0.720215	-0.01683	0.0750652
2.451	0.71106	-0.0152278	0.0748882
2.4641	0.702667	-0.0170589	0.0747052
2.4772	0.693512	-0.0119472	0.074511
2.4903	0.684357	-0.00981097	0.0743306
2.5034	0.675201	-0.0111843	0.074117
2.5165	0.666046	-0.0193477	0.0739077
2.5296	0.656128	-0.0167537	0.0736739
2.5427	0.646973	-0.0204158	0.0734534
2.5559	0.637054	-0.0148464	0.0732134
2.569	0.627136	-0.022018	0.0729534
2.5821	0.617218	-0.0189662	0.0727018
2.5952	0.6073	-0.0200344	0.0724192
2.6083	0.597382	-0.0286556	0.0721479
2.6214	0.587463	-0.0175167	0.0718612
2.6345	0.577545	-0.0252223	0.0715337
2.6476	0.566864	-0.0364376	0.0712305
2.6607	0.556183	-0.00996356	0.0708939
2.6738	0.546265	-0.0247646	0.0705167
2.6869	0.535583	-0.048492	0.0701726
2.7	0.524902	-0.0274349	0.0698088
2.7131	0.514221	-0.00874285	0.0693731
2.7262	0.50354	-0.0520778	0.0689395
2.7394	0.492096	-0.0481105	0.0685501
2.7525	0.481415	-0.014236	0.0680772
2.7656	0.469971	-0.0275112	0.0675569
2.7787	0.45929	-0.047195	0.0670484
2.7918	0.447845	-0.0555873	0.0665325
2.8049	0.436401	-0.0513149	0.0659839
2.818	0.42572	-0.0444484	0.0653843
2.8311	0.414276	-0.0458217	0.0647694
2.8442	0.402832	-0.0464321	0.0641038
2.8573	0.391388	-0.0505519	0.0634286
2.8704	0.379181	-0.0616908	0.0626864
2.8835	0.367737	-0.0629878	0.0619037
2.8966	0.356293	-0.0662685	0.0610894
2.9097	0.344086	-0.0732875	0.0602271
2.9229	0.332642	-0.068481	0.0592995
2.936	0.320435	-0.0800014	0.0583376
2.9491	0.30899	-0.0779415	0.0572954
2.9622	0.296783	-0.0782466	0.05622
2.9753	0.284576	-0.084579	0.0550543
2.9884	0.272369	-0.0847316	0.0538476
3.0015	0.260162	-0.0880123	0.0525471
3.0146	0.248718	-0.0911403	0.0511965
3.0277	0.236511	-0.0970149	0.0497328
3.0408	0.224304	-0.0981594	0.0482141
3.0539	0.211334	-0.110366	0.0465951
3.067	0.199127	-0.121429	0.0449224
3.0801	0.18692	-0.142028	0.0431
3.0932	0.174713	-0.156524	0.0411797
3.1064	0.162506	-0.174453	0.039136
3.1195	0.149536	-0.182998	0.0370552
3.1326	0.137329	-0.194137	0.034743
3.1457	0.125122	-0.204361	0.032333
3.1588	0.112152	-0.214202	0.0297069
3.1719	0.0999451	-0.226944	0.0269642
3.185	0.087738	-0.24945	0.0239475
3.1981	0.0747681	-0.244873	0.0207874
3.2112	0.062561	-0.258224	0.0173693
3.2243	0.0495911	-0.261505	0.013985
3.2374	0.037384	-0.271423	0.0104384
3.2505	0.025177	-0.257995	0.00695356
3.2636	0.012207	-0.267608	0.00334024
3.2768	0	-0.259597	-0.000106704
3.2899	-0.01297	-0.262191	-0.00371079
3.303	-0.025177	-0.257309	-0.00722039
3.3161	-0.038147	-0.246322	-0.0106991
3.3292	-0.050354	-0.241745	-0.0140457
3.3423	-0.063324	-0.240219	-0.0174456
3.3554	-0.075531	-0.241058	-0.0206281
3.3685	-0.088501	-0.223739	-0.0237972
3.3816	-0.100708	-0.230453	-0.0267834
3.3947	-0.112915	-0.216873	-0.0298322
3.4078	-0.125885	-0.222671	-0.0327023
3.4209	-0.138092	-0.209396	-0.0354642
3.434	-0.150299	-0.214279	-0.0380882
3.4471	-0.163269	-0.187805	-0.0406333
3.4603	-0.175476	-0.182464	-0.0430863
3.4734	-0.187683	-0.16423	-0.0454278
3.4865	-0.19989	-0.173385	-0.0476368
3.4996	-0.212097	-0.160415	-0.0498134
3.5127	-0.224304	-0.165374	-0.0518545
3.5258	-0.236511	-0.154312	-0.053792
3.5389	-0.248718	-0.159805	-0.0556575
3.552	-0.260925	-0.145843	-0.0574638
3.5651	-0.273132	-0.15271	-0.0591826
3.5782	-0.285339	-0.14981	-0.0608031
3.5913	-0.297546	-0.148971	-0.0623458
3.6044	-0.30899	-0.13768	-0.0638692
3.6175	-0.321198	-0.140731	-0.0653091
3.6306	-0.333405	-0.132949	-0.0666841
3.6438	-0.344849	-0.13768	-0.0679983
3.6569	-0.357056	-0.116622	-0.0692586
3.67	-0.3685	-0.100753	-0.0704295
3.6831	-0.379944	-0.0883937	-0.0715642
3.6962	-0.391388	-0.0764156	-0.0726193
3.7093	-0.403595	-0.07756	-0.0736778
3.7224	-0.415039	-0.0735927	-0.0746815
3.7355	-0.426483	-0.068481	-0.0756396
3.7486	-0.437164	-0.065887	-0.0765408
3.7617	-0.448608	-0.0655055	-0.0774214
3.7748	-0.460052	-0.0580287	-0.0782393
3.7879	-0.470734	-0.0536037	-0.0790549
3.801	-0.482178	-0.0507045	-0.0798138
3.8141	-0.492859	-0.0566554	-0.080533
3.8273	-0.504303	-0.0665737	-0.0812386
3.8404	-0.514984	-0.0543666	-0.0818874
3.8535	-0.525665	-0.0405574	-0.0825275
3.8666	-0.536346	-0.0412441	-0.0831388
3.8797	-0.547028	-0.0578762	-0.0837185
3.8928	-0.556946	-0.0357509	-0.0842713
3.9059	-0.567627	-0.0286556	-0.0848142
3.919	-0.577545	-0.0393367	-0.0853388
3.9321	-0.588226	-0.0533748	-0.0857849
3.9452	-0.598145	-0.0204921	-0.0862716
3.9583	-0.608063	-0.0345302	-0.0867549
3.9714	-0.617981	-0.0505519	-0.0871533
3.9845	-0.627899	-0.00775103	-0.0875815
3.9976	-0.637817	-0.0442958	-0.0880171
4.0108	-0.647736	-0.0359798	-0.0883533
4.0239	-0.656891	-0.0107265	-0.0887526
4.037	-0.666046	-0.037582	-0.0891086
4.0501	-0.675964	-0.0147701	-0.0894457
4.0632	-0.68512	-0.031631	-0.089772
4.0763	-0.694275	-0.0156093	-0.0900909
4.0894	-0.702667	-0.0281215	-0.0904042
4.1025	-0.711823	-0.0151515	-0.0907053
4.1156	-0.720978	-0.0241542	-0.0909828
4.1287	-0.72937	-0.0185085	-0.0912577
4.1418	-0.737762	-0.022018	-0.091515
4.1549	-0.746155	-0.0227046	-0.0917825
4.168	-0.754547	-0.0172115	-0.0920253
4.1811	-0.762939	-0.0230861	-0.0922593
4.1943	-0.770569	-0.0223995	-0.0924983
4.2074	-0.778961	-0.0175929	-0.0927156
4.2205	-0.786591	-0.0180507	-0.0929278
4.2336	-0.79422	-0.0229335	-0.0931421
4.2467	-0.801849	-0.0187374	-0.0933465
4.2598	-0.809479	-0.0107265	-0.0935442
4.2729	-0.816345	-0.0111843	-0.0937249
4.286	-0.823975	-0.0212551	-0.0939121
4.2991	-0.830841	-0.0166011	-0.0940895
4.3122	-0.837708	-0.0135494	-0.0942615
4.3253	-0.844574	-0.015533	-0.0944297
4.3384	-0.85144	-0.0146938	-0.094587
4.3515	-0.857544	-0.00965838	-0.0947441
4.3646	-0.86441	-0.00508074	-0.0948927
4.3778	-0.870514	-0.00721697	-0.0950316
4.3909	-0.876617	-0.00569109	-0.0951669
4.404	-0.882721	-0.00965838	-0.0953028
4.4171	-0.888824	-0.00767474	-0.0954349
4.4302	-0.894165	-0.0101161	-0.0955608
4.4433	-0.899506	-0.00645403	-0.0956846
4.4564	-0.904846	-0.00904803	-0.095806
4.4695	-0.910187	-0.0069118	-0.0959116
4.4826	-0.915527	-0.00698809	-0.0960197
4.4957	-0.920868	-0.010345	-0.0961249
4.5088	-0.925446	-0.00721697	-0.0962274
4.5219	-0.930023	-0.0043941	-0.0963255
4.535	-0.934601	-0.0108028	-0.0964234
4.5481	-0.939178	-0.00660662	-0.0965172
4.5613	-0.942993	-0.00523333	-0.096606
4.5744	-0.947571	-0.0102687	-0.096684
4.5875	-0.951385	-0.00149493	-0.0967648
4.6006	-0.9552	-0.011642	-0.0968455
4.6137	-0.959015	-0.00447039	-0.0969181
4.6268	-0.962067	-0.0018001	-0.0969838
4.6399	-0.965881	-0.0108791	-0.097059
4.653	-0.968933	-0.0113368	-0.0971237
4.6661	-0.971985	-0.00904803	-0.0971856
4.6792	-0.975037	-0.0114894	-0.0972387
4.6923	-0.977325	0.00102277	-0.0973012
4.7054	-0.980377	-0.00607256	-0.0973527
4.7185	-0.982666	-0.0134731	-0.0974149
4.7316	-0.984955	-0.00920062	-0.0974753
4.7448	-0.987244	-0.0144649	-0.0975187
4.7579	-0.98877	-0.00454669	-0.0975437
4.771	-0.991058	-0.00920062	-0.0975949
4.7841	-0.992584	-0.00233416	-0.0976271
4.7972	-0.99411	-0.000808282	-0.0976627
4.8103	-0.995636	-0.00393633	-0.0976897
4.8234	-0.996399	-0.00622515	-0.0977262
4.8365	-0.997162	-0.0043178	-0.097752
4.8496	-0.998688	-0.00752215	-0.0977774
4.8627	-0.999451	-0.0153041	-0.0977983
4.8758	-0.999451	-0.00324969	-0.0978189
4.8889	-1.00021	-0.00096087	-0.0978335
4.902	-1.00021	-0.00096087	-0.0978463
4.9152	-1.00021	-0.00172381	-0.0978571
4.9283	-1.00021	-0.00019793	-0.0978668
4.9414	-1.00021	0.000107246	-0.0978762
4.9545	-0.999451	0.0019383	-0.0978855
4.9676	-0.999451	0.0019383	-0.0978936
4.9807	-0.998688	-0.00172381	-0.0979013
4.9938	-0.997925	-0.00157122	-0.0979087
5.0069	-0.996399	-0.00172381	-0.0979097
5.02	-0.995636	-0.00462298	-0.0979148
5.0331	-0.99411	-0.000655694	-0.0979207
5.0462	-0.992584	-0.000350518	-0.0979184
5.0593	-0.991058	0.00346418	-0.0979196
5.0724	-0.98877	0.00804182	-0.0979113
5.0855	-0.987244	-0.00111346	-0.0979133
5.0987	-0.984955	-0.00904803	-0.0979028
5.1118	-0.982666	-0.00920062	-0.0978907
5.1249	-0.980377	-0.0210262	-0.0978833
5.138	-0.977325	-0.0178981	-0.0978956
5.1511	-0.975037	0.00689741	-0.0978783
5.1642	-0.971985	0.00796552	-0.0978689
5.1773	-0.968933	0.00529523	-0.0978564
5.1904	-0.965881	0.00682111	-0.0978404
5.2035	-0.962067	-0.00218157	-0.0978274
5.2166	-0.959015	0.00369306	-0.0978109
5.2297	-0.9552	-0.000655694	-0.0977957
5.2428	-0.951385	0.000641303	-0.0977694
5.2559	-0.947571	0.0019383	-0.0977513
5.269	-0.943756	-0.00218157	-0.0977223
5.2822	-0.939178	0.00392194	-0.0976953
5.2953	-0.934601	0.00735517	-0.0976738
5.3084	-0.930023	0.00552412	-0.0976462
5.3215	-0.925446	0.00560041	-0.0976091
5.3346	-0.920868	0.00735517	-0.0975748
5.3477	-0.915527	0.00796552	-0.0975366
5.3608	-0.910187	-0.00248675	-0.0975035
5.3739	-0.905609	0.00270124	-0.0974601
5.387	-0.899506	-0.0005794	-0.0974195
5.4001	-0.894165	0.00178571	-0.0973683
5.4132	-0.888824	0.00666852	-0.0973172
5.4263	-0.882721	0.0069737	-0.0972705
5.4394	-0.876617	0.00544782	-0.0972178
5.4525	-0.870514	0.00216718	-0.0971596
5.4657	-0.86441	0.00872846	-0.097098
5.4788	-0.857544	0.00254865	-0.0970393
5.4919	-0.85144	0.00453229	-0.0969682
5.505	-0.844574	0.00376936	-0.0969036
5.5181	-0.837708	0.005753	-0.0968282
5.5312	-0.830841	0.0081944	-0.0967471
5.5443	-0.823975	0.00628706	-0.0966672
5.5574	-0.817108	0.005753	-0.0965822
5.5705	-0.809479	0.0125432	-0.0964916
5.5836	-0.801849	0.0019383	-0.096402
5.5967	-0.79422	0.0128483	-0.0963035
5.6098	-0.786591	0.00682111	-0.0961981
5.6229	-0.778961	0.0120091	-0.0960901
5.636	-0.771332	0.0056767	-0.0959853
5.6492	-0.762939	0.00994916	-0.0958641
5.6623	-0.754547	0.00720258	-0.0957488
5.6754	-0.746155	0.0107884	-0.0956217
5.6885	-0.737762	0.0094914	-0.0954833
5.7016	-0.72937	0.0081944	-0.095349
5.7147	-0.720978	0.0182652	-0.0952025
5.7278	-0.711823	0.0142979	-0.0950473
5.7409	-0.70343	0.0128483	-0.0948877
5.754	-0.694275	0.00720258	-0.0947171
5.7671	-0.68512	0.0116276	-0.0945496
5.7802	-0.675964	0.010941	-0.09437
5.7933	-0.666809	0.0175023	-0.0941837
5.8064	-0.656891	0.0115513	-0.0939745
5.8195	-0.647736	0.0194096	-0.0937738
5.8327	-0.637817	0.0164341	-0.093559
5.8458	-0.627899	0.0194859	-0.0933188
5.8589	-0.617981	0.0191807	-0.0930987
5.872	-0.608063	0.0171208	-0.0928331
5.8851	-0.598145	0.0290989	-0.0925785
5.8982	-0.588226	0.0233006	-0.0923116
5.9113	-0.578308	0.0171971	-0.0920176
5.9244	-0.567627	0.0347447	-0.0917357
5.9375	-0.556946	0.014069	-0.091436
5.9506	-0.547028	0.0164341	-0.0910836
5.9637	-0.536346	0.0471043	-0.0907374
5.9768	-0.525665	0.0371861	-0.0904243
5.9899	-0.514984	0.00926252	-0.0900239
6.003	-0.504303	0.038712	-0.0895974
6.0162	-0.492859	0.0574803	-0.0892141
6.0293	-0.482178	0.0250554	-0.0887971
6.0424	-0.470734	0.0157475	-0.0883094
6.0555	-0.460052	0.0348973	-0.0878157
6.0686	-0.448608	0.0503087	-0.087317
6.0817	-0.437164	0.049088	-0.0867895
6.0948	-0.426483	0.0445866	-0.0862318
6.1079	-0.415039	0.0486302	-0.0856296
6.121	-0.403595	0.0442814	-0.0849962
6.1341	-0.392151	0.0529027	-0.0843117
6.1472	-0.379944	0.0527501	-0.0836269
6.1603	-0.3685	0.0648808	-0.0828873
6.1734	-0.357056	0.0693821	-0.0821106
6.1865	-0.344849	0.0752568	-0.0812714
6.1997	-0.333405	0.0714421	-0.0804017
6.2128	-0.321198	0.0842595	-0.0794686
6.2259	-0.309753	0.0815892	-0.0784706
6.239	-0.297546	0.0892186	-0.0774067
6.2521	-0.285339	0.0896763	-0.076295
6.2652	-0.273132	0.0881505	-0.0751251
6.2783	-0.260925	0.0837254	-0.0738843
6.2914	-0.249481	0.0947117	-0.0725602
6.3045	-0.237274	0.0892186	-0.0711296
6.3176	-0.225067	0.0986027	-0.0696418
6.3307	-0.212097	0.096085	-0.0680526
6.3438	-0.19989	0.10524	-0.0663556
6.3569	-0.187683	0.0976109	-0.0645728
6.37	-0.175476	0.113633	-0.062673
6.3832	-0.163269	0.126374	-0.0606414
6.3963	-0.150299	0.156815	-0.0585335
6.4094	-0.138092	0.167954	-0.0562876
6.4225	-0.125885	0.200608	-0.0539031
6.4356	-0.112915	0.20839	-0.051351
6.4487	-0.100708	0.227463	-0.0485756
6.4618	-0.088501	0.212891	-0.04565
6.4749	-0.075531	0.239212	-0.0424383
6.488	-0.063324	0.254014	-0.0390905
6.5011	-0.050354	0.26973	-0.0355472
6.5142	-0.038147	0.256608	-0.0319921
6.5273	-0.0259399	0.266526	-0.0283125
6.5404	-0.01297	0.273697	-0.0246297
6.5536	0	0.28064	-0.0208969
6.5667	0.012207	0.258896	-0.0173783
6.5798	0.0244141	0.272934	-0.0136475
6.5929	0.037384	0.272934	-0.0101694
6.606	0.0495911	0.260422	-0.00655266
6.6191	0.062561	0.259659	-0.0031435
6.6322	0.0747681	0.262406	0.000281905
6.6453	0.087738	0.25058	0.00354629
6.6584	0.0999451	0.248673	0.00684632
6.6715	0.112152	0.250809	0.00986746
6.6846	0.125122	0.230744	0.0129114
6.6977	0.137329	0.2267	0.0158437
6.7108	0.149536	0.236695	0.0186719
6.7239	0.162506	0.218689	0.0212459
6.7371	0.174713	0.192215	0.0238829
6.7502	0.18692	0.182526	0.0263813
6.7633	0.199127	0.177948	0.0287671
6.7764	0.211334	0.18512	0.0309406
6.7895	0.223541	0.180619	0.0330709
6.8026	0.235748	0.173981	0.0350684
6.8157	0.247955	0.161545	0.037047
6.8288	0.260162	0.157654	0.0388936
6.8419	0.272369	0.154145	0.0406899
6.855	0.284576	0.151398	0.0423828
6.8681	0.296783	0.133545	0.0440182
6.8812	0.308228	0.128128	0.045542
6.8943	0.320435	0.12233	0.0470328
6.9074	0.332642	0.115921	0.0484394
6.9206	0.344086	0.113862	0.0498106
6.9337	0.356293	0.100586	0.0510686
6.9468	0.367737	0.094788	0.0522786
6.9599	0.379181	0.0904393	0.0534288
6.973	0.390625	0.0828862	0.0545576
6.9861	0.402832	0.0825047	0.0555947
6.9992	0.414276	0.0756382	0.0565988
7.0123	0.42572	0.0728917	0.0575496
7.0254	0.436401	0.0746464	0.0584809
7.0385	0.447845	0.0681614	0.0593402
7.0516	0.45929	0.0665593	0.0601643
7.0647	0.469971	0.0532078	0.0609774
7.0778	0.481415	0.0489354	0.0617517
7.0909	0.492096	0.0441289	0.0624888
7.1041	0.50354	0.0596165	0.0631803
7.1172	0.514221	0.0573277	0.0638353
7.1303	0.524902	0.0416874	0.064463
7.1434	0.535583	0.0389409	0.0650795
7.1565	0.546265	0.0545048	0.0656581
7.1696	0.556183	0.0429844	0.0661929
7.1827	0.566864	0.0281834	0.0667288
7.1958	0.576782	0.0310063	0.0672663
7.2089	0.587463	0.0538945	0.0677376
7.222	0.597382	0.0263524	0.0681696
7.2351	0.6073	0.0245213	0.0686474
7.2482	0.617218	0.0551152	0.0690493
7.2613	0.627136	0.0128483	0.0694393
7.2744	0.637054	0.0268864	0.0698891
7.2876	0.646973	0.043137	0.0702155
7.3007	0.656128	0.0144505	0.0705861
7.3138	0.665283	0.0372624	0.0709401
7.3269	0.675201	0.0141453	0.0712549
7.34	0.684357	0.0261998	0.0715981
7.3531	0.693512	0.0196385	0.0718787
7.3662	0.701904	0.0275731	0.0721798
7.3793	0.71106	0.0119328	0.0724588
7.3924	0.720215	0.0226903	0.0727293
7.4055	0.728607	0.0138402	0.0729884
7.4186	0.737	0.0190281	0.0732346
7.4317	0.745392	0.0224614	0.073485
7.4448	0.753784	0.0180363	0.0737104
7.4579	0.762177	0.0222325	0.0739337
7.4711	0.769806	0.0203251	0.0741623
7.4842	0.778198	0.0194859	0.074361
7.4973	0.785828	0.0171971	0.0745576
7.5104	0.793457	0.0181126	0.0747478
7.5235	0.801086	0.0137639	0.0749292
7.5366	0.808716	0.0117039	0.0751032
7.5497	0.815582	0.00956769	0.0752678
7.5628	0.823212	0.0158238	0.0754359
7.5759	0.830078	0.0168919	0.0756034
7.589	0.836945	0.0113987	0.0757492
7.6021	0.843811	0.00903364	0.0758918
7.6152	0.850677	0.0152897	0.076026
7.6283	0.856781	0.0136876	0.0761701
7.6414	0.863647	0.00849958	0.0763006
7.6546	0.869751	0.00483747	0.0764236
7.6677	0.875854	0.00369306	0.0765442
7.6808	0.881958	0.00857587	0.0766587
7.6939	0.888062	0.00727888	0.0767676
7.707	0.893402	0.00743146	0.0768711
7.7201	0.898743	0.00682111	0.0769736
7.7332	0.904083	0.00582929	0.0770765
7.7463	0.909424	0.00293012	0.077162
7.7594	0.914764	0.00865217	0.0772518
7.7725	0.920105	0.00849958	0.0773339
7.7856	0.924683	0.00529523	0.0774219
7.7987	0.92926	0.00407453	0.0775009
7.8118	0.933838	0.00788923	0.0775773
7.8249	0.938416	0.0056767	0.0776471
7.8381	0.94223	0.00415082	0.0777152
7.8512	0.946808	0.00880476	0.0777754
7.8643	0.950623	0.00148054	0.077839
7.8774	0.954437	0.0110936	0.0779001
7.8905	0.958252	0.00109907	0.077954
7.9036	0.961304	0.000412421	0.0779977
7.9167	0.965118	0.00857587	0.0780534
7.9298	0.96817	0.00910993	0.0780988
7.9429	0.971222	0.00720258	0.0781425
7.956	0.974274	0.0107121	0.078178
7.9691	0.976562	-0.00317339	0.0782244
7.9822	0.979614	0.00354047	0.0782493
7.9953	0.981903	0.0118565	0.0782905
8.0084	0.984192	0.00636335	0.0783256
8.0216	0.986481	0.012238	0.0783475
8.0347	0.988007	0.00331159	0.0783547
8.0478	0.990295	0.00590559	0.0783834
8.0609	0.991821	-0.00134234	0.0783934
8.074	0.993347	-4.53422e-05	0.0784091
8.0871	0.994873	0.00132795	0.0784167
8.1002	0.995636	0.00415082	0.0784289
8.1133	0.996399	0.00407453	0.0784346
8.1264	0.997925	0.00682111	0.0784407
8.1395	0.998688	0.0126957	0.0784408
8.1526	0.998688	0.00201459	0.0784403
8.1657	0.999451	-0.00210528	0.0784357
8.1788	0.999451	-0.000655694	0.0784264
8.192	0.999451	-0.0018001	0.0784169
8.2051	0.999451	-0.000503106	0.0784072
8.2182	0.999451	-4.53422e-05	0.078397
8.2313	0.998688	-0.00492815	0.0783862
8.2444	0.998688	-0.00546221	0.0783721
8.2575	0.997925	0.00102277	0.0783579
8.2706	0.997162	0.00155683	0.0783435
8.2837	0.995636	0.00209089	0.0783258
8.2968	0.994873	0.00331159	0.0783101
8.3099	0.993347	-0.00302081	0.0782946
8.323	0.991821	-0.00202898	0.0782693
8.3361	0.990295	-0.00622515	0.078251
8.3492	0.988007	-0.00851397	0.0782226
8.3623	0.986481	0.00270124	0.0782042
8.3755	0.984192	0.00857587	0.0781748
8.3886	0.981903	0.00491376	0.0781425
8.4017	0.979614	0.0182652	0.0781148
8.4148	0.976562	0.0152134	0.0781066
8.4279	0.974274	-0.0107265	0.0780661
8.441	0.971222	-0.00988726	0.0780346
8.4541	0.96817	-0.00714068	0.0780001
8.4672	0.965118	-0.00614886	0.0779645
8.4803	0.961304	-4.53422e-05	0.0779271
8.4934	0.958252	-0.0018001	0.0778911
8.5065	0.954437	-0.00149493	0.0778539
8.5196	0.950623	-0.00248675	0.0778075
8.5327	0.946808	-0.00416522	0.0777673
8.5458	0.942993	0.000336127	0.0777162
8.559	0.938416	-0.00584368	0.0776689
8.5721	0.933838	-0.00904803	0.0776244
8.5852	0.92926	-0.00958209	0.0775776
8.5983	0.924683	-0.00828509	0.0775188
8.6114	0.920105	-0.00912432	0.0774613
8.6245	0.914764	-0.00851397	0.0774039
8.6376	0.909424	-0.000350518	0.077347
8.6507	0.904846	-0.00614886	0.0772823
8.6638	0.898743	0.000107246	0.0772203
8.6769	0.893402	-0.00218157	0.0771485
8.69	0.888062	-0.00759844	0.0770782
8.7031	0.881958	-0.00782732	0.0770115
8.7162	0.875854	-0.0056148	0.0769386
8.7293	0.869751	-0.00202898	0.0768557
8.7425	0.863647	-0.00912432	0.0767712
8.7556	0.856781	-0.00347857	0.0766907
8.7687	0.850677	-0.00981097	0.0766007
8.7818	0.843811	-0.00569109	0.0765131
8.7949	0.836945	-0.00843768	0.076415
8.808	0.830078	-0.00912432	0.076318
8.8211	0.823212	-0.00614886	0.0762156
8.8342	0.816345	-0.0133968	0.0761039
8.8473	0.808716	-0.00469927	0.0759932
8.8604	0.801086	-0.0114894	0.0758892
8.8735	0.793457	-0.0101161	0.0757614
8.8866	0.785828	-0.00775103	0.0756467
8.8997	0.778198	-0.0134731	0.0755083
8.9128	0.770569	-0.00706439	0.0753864
8.926	0.762177	-0.010345	0.075237
8.9391	0.753784	-0.0121761	0.0750929
8.9522	0.745392	-0.0093532	0.0749477
8.9653	0.737	-0.0107265	0.0747903
8.9784	0.728607	-0.0122524	0.0746273
8.9915	0.720215	-0.0183559	0.0744599
9.0046	0.71106	-0.0149227	0.0742821
9.0177	0.702667	-0.0167537	0.0741027
9.0308	0.693512	-0.0154567	0.0739097
9.0439	0.684357	-0.0145412	0.073724
9.057	0.675201	-0.014999	0.0735107
9.0701	0.666046	-0.0145412	0.0733038
9.0832	0.656128	-0.0148464	0.0730724
9.0963	0.646973	-0.0202632	0.0728505
9.1095	0.637054	-0.014236	0.0726127
9.1226	0.627136	-0.0214076	0.0723514
9.1357	0.617218	-0.0162197	0.0721016
9.1488	0.6073	-0.0175167	0.0718186
9.1619	0.597382	-0.0240016	0.0715507
9.175	0.587463	-0.0175167	0.0712618
9.1881	0.577545	-0.024612	0.0709356
9.2012	0.566864	-0.0346828	0.0706286
9.2143	0.556183	-0.011108	0.0702917
9.2274	0.546265	-0.0258327	0.0699177
9.2405	0.535583	-0.0484157	0.0695758
9.2536	0.524902	-0.0242305	0.0692103
9.2667	0.514221	-0.0121761	0.0687756
9.2798	0.50354	-0.0554347	0.0683453
9.293	0.492096	-0.0477291	0.067957
9.3061	0.481415	-0.0146175	0.0674817
9.3192	0.469971	-0.026443	0.0669653
9.3323	0.45929	-0.0455928	0.0664586
9.3454	0.447845	-0.05368	0.0659355
9.3585	0.436401	-0.0540615	0.0654018
9.3716	0.42572	-0.0418544	0.0647979
9.3847	0.414276	-0.0455165	0.0641848
9.3978	0.402832	-0.0439144	0.0635181
9.4109	0.391388	-0.0523067	0.0628449
9.424	0.379181	-0.0566554	0.0621035
9.4371	0.367737	-0.0647426	0.0613282
9.4502	0.356293	-0.0663448	0.0605095
9.4633	0.344086	-0.0694728	0.0596533
9.4765	0.332642	-0.0704647	0.0587216
9.4896	0.320435	-0.0744319	0.0577659
9.5027	0.30899	-0.0772548	0.0567353
9.5158	0.296783	-0.0794673	0.0556596
9.5289	0.284576	-0.0848079	0.0544869
9.542	0.272369	-0.0802303	0.0532796
9.5551	0.260162	-0.0803066	0.0519861
9.5682	0.248718	-0.0847316	0.050643
9.5813	0.236511	-0.0940395	0.0491757
9.5944	0.224304	-0.100448	0.0476636
9.6075	0.211334	-0.113266	0.0460444
9.6206	0.199127	-0.124404	0.0443719
9.6337	0.18692	-0.143478	0.042559
9.6468	0.174713	-0.156601	0.0406508
9.66	0.162506	-0.172622	0.0385981
9.6731	0.149536	-0.181243	0.0365257
9.6862	0.137329	-0.195053	0.0342127
9.6993	0.125122	-0.202453	0.0318074
9.7124	0.112152	-0.212143	0.0291795
9.7255	0.0999451	-0.228088	0.0264366
9.7386	0.087738	-0.248687	0.0234268
9.7517	0.0747681	-0.239914	0.0202661
9.7648	0.062561	-0.25563	0.016837
9.7779	0.0495911	-0.266006	0.0134468
9.791	0.037384	-0.27478	0.00990796
9.8041	0.025177	-0.252731	0.00640195
9.8172	0.012207	-0.269973	0.00276593
9.8304	0	-0.262115	-0.000676947
9.8435	-0.01297	-0.262191	-0.00430718
9.8566	-0.025177	-0.262649	-0.00784824
9.8697	-0.038147	-0.249984	-0.0113276
9.8828	-0.050354	-0.241287	-0.0146988
9.8959	-0.063324	-0.243194	-0.0181222
9.909	-0.075531	-0.243423	-0.0213319
9.9221	-0.088501	-0.229766	-0.0245118
9.9352	-0.100708	-0.230987	-0.0275048
9.9483	-0.112915	-0.21138	-0.0305793
9.9614	-0.125885	-0.224655	-0.03345
9.9745	-0.138092	-0.207107	-0.0362324
9.9876	-0.150299	-0.22023	-0.038847
10.0007	-0.163269	-0.186813	-0.0413854
10.0139	-0.175476	-0.178573	-0.0438529
10.027	-0.187683	-0.165145	-0.0461924
10.0401	-0.19989	-0.175979	-0.0484006
10.0532	-0.212097	-0.161636	-0.0505704
10.0663	-0.224304	-0.167892	-0.0526059
10.0794	-0.236511	-0.158279	-0.0545475
10.0925	-0.248718	-0.164154	-0.0564133
10.1056	-0.260925	-0.154464	-0.0582069
10.1187	-0.273132	-0.157745	-0.0599211
10.1318	-0.285339	-0.151107	-0.0615441
10.1449	-0.297546	-0.156677	-0.0630848
10.158	-0.30899	-0.142791	-0.0645926
10.1711	-0.321198	-0.146606	-0.0660285
10.1842	-0.333405	-0.133407	-0.0674031
10.1974	-0.344849	-0.134018	-0.068714
10.2105	-0.357056	-0.111663	-0.0699665
10.2236	-0.3685	-0.100677	-0.0711313
10.2367	-0.379944	-0.0876308	-0.0722598
10.2498	-0.391388	-0.0786281	-0.0733192
10.2629	-0.403595	-0.0789333	-0.0743757
10.276	-0.415039	-0.0752712	-0.0753794
10.2891	-0.426483	-0.0689388	-0.0763309
10.3022	-0.437164	-0.0664211	-0.0772196
10.3153	-0.448608	-0.0677944	-0.078101
10.3284	-0.460052	-0.0577236	-0.0789252
10.3415	-0.470734	-0.0491786	-0.0797236
10.3546	-0.482178	-0.0518489	-0.0804846
10.3677	-0.492859	-0.0569606	-0.0812133
10.3809	-0.504303	-0.0603176	-0.0819037
10.394	-0.514984	-0.057571	-0.0825479
10.4071	-0.525665	-0.0363613	-0.0831946
10.4202	-0.536346	-0.0479579	-0.0837939
10.4333	-0.547028	-0.0532985	-0.0843797
10.4464	-0.556946	-0.0397182	-0.0849178
10.4595	-0.567627	-0.0260616	-0.0854714
10.4726	-0.577545	-0.042007	-0.0859916
10.4857	-0.588226	-0.0528408	-0.0864411
10.4988	-0.598145	-0.0231624	-0.0869227
10.5119	-0.608063	-0.0363613	-0.0874079
10.525	-0.617981	-0.0501705	-0.0877977
10.5381	-0.627899	-0.00447039	-0.08823
10.5512	-0.637817	-0.0484157	-0.0886629
10.5644	-0.647736	-0.0334621	-0.0889967
10.5775	-0.656891	-0.010345	-0.0893961
10.5906	-0.666046	-0.0396419	-0.0897513
10.6037	-0.675964	-0.0163722	-0.0900823
10.6168	-0.68512	-0.0285793	-0.0904097
10.6299	-0.694275	-0.0141597	-0.0907299
10.643	-0.702667	-0.0294185	-0.0910437
10.6561	-0.711823	-0.015533	-0.0913408
10.6692	-0.720978	-0.0238491	-0.0916207
10.6823	-0.72937	-0.0195766	-0.0918943
10.6954	-0.737762	-0.0236202	-0.0921482
10.7085	-0.746155	-0.024612	-0.0924129
10.7216	-0.754547	-0.0179744	-0.0926578
10.7347	-0.762939	-0.0235439	-0.0928917
10.7479	-0.770569	-0.0212551	-0.0931306
10.761	-0.778961	-0.0192714	-0.0933457
10.7741	-0.786591	-0.0187374	-0.0935567
10.7872	-0.79422	-0.0214839	-0.0937678
10.8003	-0.801849	-0.0151515	-0.0939713
10.8134	-0.809479	-0.0131679	-0.09417
10.8265	-0.816345	-0.00881915	-0.0943516
10.8396	-0.823975	-0.0178218	-0.0945381
10.8527	-0.830841	-0.014999	-0.0947136
10.8658	-0.837708	-0.0126338	-0.0948836
10.8789	-0.844574	-0.013702	-0.0950544
10.892	-0.85144	-0.0139308	-0.0952136
10.9051	-0.857544	-0.0081325	-0.0953693
10.9182	-0.86441	-0.00416522	-0.0955136
10.9314	-0.870514	-0.00546221	-0.0956546
10.9445	-0.876617	-0.00462298	-0.0957881
10.9576	-0.882721	-0.00828509	-0.0959239
10.9707	-0.888824	-0.00607256	-0.0960536
10.9838	-0.894165	-0.00851397	-0.0961805
10.9969	-0.899506	-0.00736956	-0.0963049
11.01	-0.904846	-0.0100398	-0.0964253
11.0231	-0.910187	-0.00729327	-0.096533
11.0362	-0.915527	-0.00836138	-0.0966407
11.0493	-0.920868	-0.0110317	-0.0967434
11.0624	-0.925446	-0.00637774	-0.0968481
11.0755	-0.930023	-0.00607256	-0.0969444
11.0886	-0.934601	-0.00958209	-0.0970405
11.1017	-0.939178	-0.00469927	-0.0971313
11.1149	-0.942993	-0.00447039	-0.0972222
11.128	-0.947571	-0.00996356	-0.0972998
11.1411	-0.951385	-0.00141863	-0.097383
11.1542	-0.9552	-0.011642	-0.0974633
11.1673	-0.959015	-0.00363116	-0.0975351
11.1804	-0.962067	-0.00172381	-0.097601
11.1935	-0.965881	-0.00782732	-0.0976758
11.2066	-0.968933	-0.00965838	-0.0977415
11.2197	-0.971985	-0.00920062	-0.0978018
11.2328	-0.975037	-0.00981097	-0.0978563
11.2459	-0.977325	0.00178571	-0.09792
11.259	-0.980377	-0.00599627	-0.0979704
11.2721	-0.982666	-0.0140834	-0.0980331
11.2852	-0.984955	-0.00889544	-0.098093
11.2984	-0.987244	-0.0146938	-0.0981371
11.3115	-0.98877	-0.00553851	-0.0981619
11.3246	-0.991058	-0.00843768	-0.0982144
11.3377	-0.992584	-0.00118975	-0.0982445
11.3508	-0.99411	-0.00286822	-0.09828
11.3639	-0.995636	-0.00271563	-0.0983076
11.377	-0.996399	-0.00462298	-0.098343
11.3901	-0.997162	-0.00538592	-0.0983684
11.4032	-0.998688	-0.00706439	-0.0983938
11.4163	-0.999451	-0.0143123	-0.0984145
11.4294	-0.999451	-0.00401263	-0.098435
11.4425	-1.00021	-0.00111346	-0.0984512
11.4556	-1.00021	-0.00263934	-0.098462
11.4688	-1.00021	-0.00103716	-0.0984735
11.4819	-1.00021	-0.000808282	-0.0984841
11.495	-1.00021	-0.000350518	-0.0984942
11.5081	-0.999451	0.00254865	-0.0985034
11.5212	-0.999451	0.00346418	-0.0985104
11.5343	-0.998688	-0.00370745	-0.0985171
11.5474	-0.997925	-0.0043941	-0.0985246
11.5605	-0.996399	-0.00370745	-0.0985286
11.5736	-0.995636	-0.00576739	-0.0985329
11.5867	-0.99411	0.000412421	-0.0985388
11.5998	-0.992584	0.000565009	-0.0985353
11.6129	-0.991058	0.00376936	-0.0985354
11.626	-0.98877	0.00468488	-0.0985293
11.6391	-0.987244	-0.00347857	-0.0985324
11.6523	-0.984955	-0.00759844	-0.0985226
11.6654	-0.982666	-0.00828509	-0.0985099
11.6785	-0.980377	-0.0204921	-0.098502
11.6916	-0.977325	-0.0189662	-0.0985132
11.7047	-0.975037	0.00727888	-0.0984971
11.7178	-0.971985	0.00849958	-0.0984867
11.7309	-0.968933	0.00468488	-0.0984734
11.744	-0.965881	0.00453229	-0.0984597
11.7571	-0.962067	-0.00370745	-0.0984455
11.7702	-0.959015	-0.000503106	-0.0984286
11.7833	-0.9552	-0.000426812	-0.0984126
11.7964	-0.951385	0.00163312	-0.0983877
11.8095	-0.947571	0.00453229	-0.098369
11.8226	-0.943756	-0.00324969	-0.0983423
11.8358	-0.939178	0.00407453	-0.098313
11.8489	-0.934601	0.00811811	-0.098291
11.862	-0.930023	0.00865217	-0.0982635
11.8751	-0.925446	0.00666852	-0.0982276
11.8882	-0.920868	0.00544782	-0.0981935
11.9013	-0.915527	0.00636335	-0.0981562
11.9144	-0.910187	-0.00118975	-0.0981231
11.9275	-0.905609	0.00422712	-0.0980782
11.9406	-0.899506	-0.00096087	-0.0980388
11.9537	-0.894165	-0.000121636	-0.0979889
11.9668	-0.888824	0.00582929	-0.0979384
11.9799	-0.882721	0.00804182	-0.0978898
11.993	-0.876617	0.00308271	-0.0978372
12.0061	-0.870514	0.00163312	-0.0977775
12.0193	-0.86441	0.0081944	-0.097717
12.0324	-0.857544	0.00346418	-0.0976565
12.0455	-0.85144	0.00682111	-0.0975887
12.0586	-0.844574	0.00270124	-0.0975233
12.0717	-0.837708	0.00704999	-0.097447
12.0848	-0.830841	0.0081944	-0.0973651
12.0979	-0.823975	0.00422712	-0.0972892
12.111	-0.817108	0.00499006	-0.0972027
12.1241	-0.809479	0.00880476	-0.0971116
12.1372	-0.801849	0.005753	-0.0970218
12.1503	-0.79422	0.012238	-0.0969239
12.1634	-0.786591	0.00613447	-0.0968188
12.1765	-0.778961	0.0112462	-0.0967109
12.1896	-0.771332	0.00361677	-0.0966083
12.2028	-0.762939	0.0102543	-0.0964856
12.2159	-0.754547	0.00773664	-0.0963695
12.229	-0.746155	0.0100255	-0.0962437
12.2421	-0.737762	0.0106358	-0.0961065
12.2552	-0.72937	0.00842329	-0.0959698
12.2683	-0.720978	0.0165867	-0.095828
12.2814	-0.711823	0.0156712	-0.0956718
12.2945	-0.70343	0.0141453	-0.0955142
12.3076	-0.694275	0.00849958	-0.0953398
12.3207	-0.68512	0.0115513	-0.0951715
12.3338	-0.675964	0.00956769	-0.0949933
12.3469	-0.666809	0.0152897	-0.0948081
12.36	-0.656891	0.0107884	-0.0945999
12.3731	-0.647736	0.0204777	-0.0943992
12.3863	-0.637817	0.014069	-0.0941835
12.3994	-0.627899	0.018723	-0.0939445
12.4125	-0.617981	0.0175023	-0.0937235
12.4256	-0.608063	0.0129246	-0.093456
12.4387	-0.598145	0.028336	-0.0932042
12.4518	-0.588226	0.0200963	-0.0929387
12.4649	-0.578308	0.0149846	-0.0926453
12.478	-0.567627	0.0333714	-0.0923595
12.4911	-0.556946	0.016129	-0.0920623
12.5042	-0.547028	0.0172734	-0.0917104
12.5173	-0.536346	0.0507664	-0.0913693
12.5304	-0.525665	0.033524	-0.0910557
12.5435	-0.514984	0.00750776	-0.0906518
12.5566	-0.504303	0.0362706	-0.0902303
12.5698	-0.492859	0.0586247	-0.0898473
12.5829	-0.482178	0.0242924	-0.0894333
12.596	-0.470734	0.0144505	-0.0889449
12.6091	-0.460052	0.0342106	-0.0884527
12.6222	-0.448608	0.0488591	-0.0879538
12.6353	-0.437164	0.050919	-0.0874222
12.6484	-0.426483	0.0445103	-0.0868701
12.6615	-0.415039	0.049622	-0.0862706
12.6746	-0.403595	0.0423741	-0.0856277
12.6877	-0.392151	0.051682	-0.0849601
12.7008	-0.379944	0.0567174	-0.0842643
12.7139	-0.3685	0.0578618	-0.0835293
12.727	-0.357056	0.0728154	-0.0827615
12.7401	-0.344849	0.0775456	-0.0819092
12.7533	-0.333405	0.070908	-0.0810407
12.7664	-0.321198	0.0825047	-0.0801139
12.7795	-0.309753	0.07869	-0.0791179
12.7926	-0.297546	0.0859379	-0.0780565
12.8057	-0.285339	0.0835728	-0.0769521
12.8188	-0.273132	0.0879979	-0.0757865
12.8319	-0.260925	0.086472	-0.0745369
12.845	-0.249481	0.094254	-0.0732087
12.8581	-0.237274	0.0858616	-0.0717906
12.8712	-0.225067	0.0913548	-0.0703032
12.8843	-0.212097	0.0921177	-0.068719
12.8974	-0.19989	0.100663	-0.0670263
12.9105	-0.187683	0.098679	-0.0652508
12.9236	-0.175476	0.111039	-0.0633597
12.9368	-0.163269	0.120881	-0.0613213
12.9499	-0.150299	0.155289	-0.0592117
12.963	-0.138092	0.167191	-0.0569639
12.9761	-0.125885	0.200455	-0.054596
12.9892	-0.112915	0.203507	-0.0520448
13.0023	-0.100708	0.224411	-0.049249
13.0154	-0.088501	0.21579	-0.0463216
13.0285	-0.075531	0.241044	-0.0431302
13.0416	-0.063324	0.252945	-0.0397822
13.0547	-0.050354	0.267746	-0.0362269
13.0678	-0.038147	0.258439	-0.0326719
13.0809	-0.0259399	0.269425	-0.0289947
13.094	-0.01297	0.275071	-0.0253115
