0	0	-0.00481347	0
0.0131	0.012207	-0.294349	-0.00285763
0.0262	0.0244141	0.00983497	-0.00196892
0.0393	0.037384	0.113518	-0.00155992
0.0524	0.0495911	0.0353171	-0.000694098
0.0655	0.062561	0.0724723	1.45706e-05
0.0786	0.0747681	0.102685	0.00102654
0.0917	0.087738	0.078118	0.00207706
0.1048	0.0999451	0.078881	0.00316513
0.1179	0.112152	0.0821616	0.00398954
0.131	0.125122	0.101388	0.00513503
0.1441	0.137329	0.0907828	0.00627434
0.1572	0.149536	0.0772788	0.00739726
0.1703	0.162506	0.0768973	0.00847087
0.1835	0.174713	0.0839927	0.00959939
0.1966	0.18692	0.0746085	0.0107034
0.2097	0.199127	0.0737693	0.0117983
0.2228	0.211334	0.0714805	0.0128606
0.2359	0.223541	0.0772788	0.0139491
0.249	0.235748	0.0774314	0.0150262
0.2621	0.247955	0.067971	0.0161146
0.2752	0.260162	0.066674	0.0171521
0.2883	0.272369	0.0755241	0.0182179
0.3014	0.284576	0.0820853	0.0192697
0.3145	0.296783	0.0738456	0.0203242
0.3276	0.308228	0.0714042	0.0213283
0.3407	0.320435	0.0811698	0.0223664
0.3538	0.332642	0.0781943	0.0233776
0.367	0.344086	0.0837638	0.0244055
0.3801	0.356293	0.0782706	0.0253812
0.3932	0.367737	0.0850608	0.0263663
0.4063	0.379181	0.0822379	0.0273613
0.4194	0.390625	0.0729301	0.0283379
0.4325	0.402832	0.0720145	0.0292676
0.4456	0.414276	0.0649955	0.0302128
0.4587	0.42572	0.0698783	0.0311267
0.4718	0.436401	0.0785758	0.0320551
0.4849	0.447845	0.0761344	0.0329537
0.498	0.45929	0.068505	0.033836
0.5111	0.469971	0.0611045	0.0347265
0.5242	0.481415	0.058129	0.0356144
0.5373	0.492096	0.0522544	0.0364989
0.5505	0.50354	0.0675895	0.0373207
0.5636	0.514221	0.0761344	0.0381618
0.5767	0.524902	0.0550773	0.0389768
0.5898	0.535583	0.061486	0.0397938
0.6029	0.546265	0.0732352	0.0405809
0.616	0.556183	0.0611808	0.0413701
0.6291	0.566864	0.0413444	0.0421417
0.6422	0.576782	0.0595786	0.0429226
0.6553	0.587463	0.063317	0.0436693
0.6684	0.597382	0.0485923	0.0443715
0.6815	0.6073	0.0654533	0.045111
0.6946	0.617218	0.0522544	0.0457782
0.7077	0.627136	0.0449302	0.0465013
0.7208	0.637054	0.0668265	0.047196
0.734	0.646973	0.0369956	0.0478429
0.7471	0.656128	0.0580527	0.0485141
0.7602	0.665283	0.0489738	0.0491258
0.7733	0.675201	0.040734	0.0498099
0.7864	0.684357	0.0566032	0.0503848
0.7995	0.693512	0.0346305	0.0510188
0.8126	0.701904	0.0520255	0.0515445
0.8257	0.71106	0.0371482	0.0522092
0.8388	0.720215	0.0385215	0.0526825
0.8519	0.728607	0.0570609	0.053314
0.865	0.737	0.0144889	0.0537932
0.8781	0.745392	0.0695731	0.0543563
0.8912	0.753784	0.0163962	0.0548771
0.9043	0.762177	0.0479819	0.0553266
0.9175	0.769806	0.0476768	0.0559025
0.9306	0.778198	0.0199058	0.0563385
0.9437	0.785828	0.0389793	0.0567906
0.9568	0.793457	0.0405814	0.0572611
0.9699	0.801086	0.0321128	0.0576984
0.983	0.808716	0.0203635	0.0581252
0.9961	0.815582	0.0309684	0.0585128
1.0092	0.823212	0.0360038	0.0589315
1.0223	0.830078	0.0452354	0.0593429
1.0354	0.836945	0.0268485	0.0597281
1.0485	0.843811	0.0287559	0.0600979
1.0616	0.850677	0.0222709	0.060443
1.0747	0.856781	0.0211265	0.0608091
1.0878	0.863647	0.0271537	0.0611379
1.101	0.869751	0.0208976	0.0614684
1.1141	0.875854	0.0297477	0.0617978
1.1272	0.881958	0.0186851	0.0621018
1.1403	0.888062	0.0248649	0.0623991
1.1534	0.893402	0.015557	0.0626853
1.1665	0.898743	0.0191428	0.0629672
1.1796	0.904083	0.0172355	0.0632532
1.1927	0.909424	0.0189139	0.0635023
1.2058	0.914764	0.0280692	0.0637458
1.2189	0.920105	0.0144889	0.0639784
1.232	0.924683	0.0147941	0.0642347
1.2451	0.92926	0.0148704	0.0644634
1.2582	0.933838	0.0120475	0.0646765
1.2713	0.938416	0.0206687	0.064862
1.2845	0.94223	0.0122001	0.0650821
1.2976	0.946808	0.0193717	0.0652568
1.3107	0.950623	0.0195243	0.0654463
1.3238	0.954437	0.0176169	0.0656234
1.3369	0.958252	0.00914832	0.065789
1.35	0.961304	-6.95356e-06	0.0659425
1.3631	0.965118	0.0141837	0.0661045
1.3762	0.96817	0.0218131	0.0662271
1.3893	0.971222	0.0154044	0.0663729
1.4024	0.974274	0.016854	0.0664887
1.4155	0.976562	0.0018241	0.0666299
1.4286	0.979614	-0.00107507	0.0667387
1.4417	0.981903	0.0202872	0.0668397
1.4548	0.984192	0.00884314	0.0669275
1.468	0.986481	0.0170066	0.0670068
1.4811	0.988007	-0.00366906	0.0671117
1.4942	0.990295	0.0138023	0.0671777
1.5073	0.991821	0.00991126	0.0672661
1.5204	0.993347	0.00502845	0.0673227
1.5335	0.994873	0.011132	0.0673562
1.5466	0.995636	-0.00206689	0.0674076
1.5597	0.996399	-0.00290612	0.0674394
1.5728	0.997925	0.0141837	0.0674827
1.5859	0.998688	0.00838538	0.0674968
1.599	0.998688	-0.000312129	0.0675267
1.6121	0.999451	0.00205298	0.0675462
1.6252	0.999451	-0.000464717	0.0675407
1.6384	0.999451	0.000145634	0.0675354
1.6515	0.999451	-0.00122766	0.0675311
1.6646	0.999451	-0.000159541	0.0675272
1.6777	0.998688	0.00205298	0.0675204
1.6908	0.998688	0.00136634	0.0675026
1.7039	0.997925	-0.00740747	0.0674901
1.717	0.997162	-0.00260095	0.0674834
1.7301	0.995636	0.0107505	0.0674391
1.7432	0.994873	-0.0143502	0.0674346
1.7563	0.993347	0.00914832	0.0674171
1.7694	0.991821	0.00327369	0.0673808
1.7825	0.990295	0.00327369	0.0673655
1.7956	0.988007	-0.0244973	0.0673237
1.8087	0.986481	0.0276877	0.0672764
1.8219	0.984192	-0.0326608	0.0672325
1.835	0.981903	-0.00672082	0.0672188
1.8481	0.979614	-0.00687341	0.0671549
1.8612	0.976562	0.00243445	0.0671228
1.8743	0.974274	-0.00672082	0.0670608
1.8874	0.971222	-0.00641565	0.0670086
1.9005	0.96817	-0.00519494	0.0669416
1.9136	0.965118	-0.00488977	0.06688
1.9267	0.961304	-0.00244836	0.0668027
1.9398	0.958252	-0.0148843	0.0667234
1.9529	0.954437	0.000145634	0.0666387
1.966	0.950623	-0.00748376	0.0665551
1.9791	0.946808	-0.00427941	0.0664528
1.9922	0.942993	-0.00244836	0.0663596
2.0054	0.938416	-0.00778894	0.0662521
2.0185	0.933838	-0.00168542	0.0661469
2.0316	0.92926	-0.00298242	0.0660374
2.0447	0.924683	-0.0106881	0.0659068
2.0578	0.920105	-0.0143502	0.0657678
2.0709	0.914764	-0.0117562	0.0656358
2.084	0.909424	-0.0082467	0.065484
2.0971	0.904846	-0.0136636	0.065336
2.1102	0.898743	-0.00870446	0.0651709
2.1233	0.893402	-0.00565271	0.0649929
2.1364	0.888062	-0.00870446	0.0648097
2.1495	0.881958	-0.0137399	0.0646226
2.1626	0.875854	-0.016639	0.0644209
2.1757	0.869751	-0.0246499	0.0642118
2.1889	0.863647	-0.0265572	0.0639965
2.202	0.856781	-0.0191567	0.063773
2.2151	0.850677	-0.0162576	0.0635333
2.2282	0.843811	-0.0112985	0.0632865
2.2413	0.836945	-0.0201486	0.0630294
2.2544	0.830078	-0.0261758	0.0627686
2.2675	0.823212	-0.0270913	0.0624635
2.2806	0.816345	-0.0278542	0.0621691
2.2937	0.808716	-0.0247262	0.0618731
2.3068	0.801086	-0.0143502	0.061557
2.3199	0.793457	-0.0337289	0.0612229
2.333	0.785828	-0.0296853	0.0608848
2.3461	0.778198	-0.0282357	0.0605174
2.3592	0.770569	-0.0236581	0.0601703
2.3724	0.762177	-0.0362466	0.059764
2.3855	0.753784	-0.0312112	0.0593493
2.3986	0.745392	-0.0260995	0.0589741
2.4117	0.737	-0.0410531	0.0585271
2.4248	0.728607	-0.024421	0.0580764
2.4379	0.720215	-0.039222	0.0576686
2.451	0.71106	-0.0367806	0.0571493
2.4641	0.702667	-0.0267861	0.0567289
2.4772	0.693512	-0.0555489	0.0561771
2.4903	0.684357	-0.0175546	0.0557345
2.5034	0.675201	-0.0683663	0.05517
2.5165	0.666046	-0.00687341	0.0546435
2.5296	0.656128	-0.0807259	0.0540768
2.5427	0.646973	-0.0146554	0.0535424
2.5559	0.637054	-0.0675271	0.0529395
2.569	0.627136	-0.029609	0.0523719
2.5821	0.617218	-0.0470803	0.0517167
2.5952	0.6073	-0.0621102	0.0511275
2.6083	0.597382	-0.0354073	0.0504878
2.6214	0.587463	-0.0618813	0.0498391
2.6345	0.577545	-0.0491403	0.0491741
2.6476	0.566864	-0.0396798	0.048484
2.6607	0.556183	-0.0595162	0.0477456
2.6738	0.546265	-0.0586007	0.0470603
2.6869	0.535583	-0.0626443	0.0463551
2.7	0.524902	-0.050361	0.0455726
2.7131	0.514221	-0.0608132	0.0448287
2.7262	0.50354	-0.0692819	0.0440618
2.7394	0.492096	-0.0548623	0.0432699
2.7525	0.481415	-0.0548623	0.0424456
2.7656	0.469971	-0.0497506	0.0416213
2.7787	0.45929	-0.0744698	0.0407764
2.7918	0.447845	-0.0749276	0.0399322
2.8049	0.436401	-0.0709603	0.0390952
2.818	0.42572	-0.0722573	0.0382034
2.8311	0.414276	-0.0639413	0.0373187
2.8442	0.402832	-0.0706551	0.0364037
2.8573	0.391388	-0.067756	0.035493
2.8704	0.379181	-0.07035	0.0345403
2.8835	0.367737	-0.0767587	0.033579
2.8966	0.356293	-0.0782082	0.0325969
2.9097	0.344086	-0.0792001	0.0316123
2.9229	0.332642	-0.0744698	0.030582
2.936	0.320435	-0.0738595	0.0295673
2.9491	0.30899	-0.0748513	0.0285236
2.9622	0.296783	-0.0778268	0.0274789
2.9753	0.284576	-0.0792764	0.0263828
2.9884	0.272369	-0.0705026	0.0253105
3.0015	0.260162	-0.0687478	0.0242081
3.0146	0.248718	-0.0732491	0.0231207
3.0277	0.236511	-0.0763772	0.0219827
3.0408	0.224304	-0.0758431	0.020857
3.0539	0.211334	-0.0792001	0.0197218
3.067	0.199127	-0.0772164	0.0185997
3.0801	0.18692	-0.0793527	0.0174448
3.0932	0.174713	-0.0735543	0.0162878
3.1064	0.162506	-0.0741647	0.0151334
3.1195	0.149536	-0.0854562	0.0139888
3.1326	0.137329	-0.0819466	0.0127946
3.1457	0.125122	-0.0815652	0.0116413
3.1588	0.112152	-0.0795815	0.0104689
3.1719	0.0999451	-0.0885079	0.00932582
3.185	0.087738	-0.0899575	0.00813755
3.1981	0.0747681	-0.0836251	0.00697572
3.2112	0.062561	-0.0852273	0.00581118
3.2243	0.0495911	-0.0868295	0.00465643
3.2374	0.037384	-0.0912545	0.00346844
3.2505	0.025177	-0.0914834	0.0023062
3.2636	0.012207	-0.0885842	0.00112231
3.2768	0	-0.0831674	-1.56313e-05
3.2899	-0.01297	-0.0848458	-0.00119729
3.303	-0.025177	-0.0842355	-0.00234523
3.3161	-0.038147	-0.092933	-0.00350851
3.3292	-0.050354	-0.0976632	-0.00465024
3.3423	-0.063324	-0.103385	-0.00582339
3.3554	-0.075531	-0.103919	-0.00696976
3.3685	-0.088501	-0.0962899	-0.0081198
3.3816	-0.100708	-0.101325	-0.00922957
3.3947	-0.112915	-0.100639	-0.0103882
3.4078	-0.125885	-0.103309	-0.0115252
3.4209	-0.138092	-0.0959847	-0.0126615
3.434	-0.150299	-0.0969003	-0.013789
3.4471	-0.163269	-0.0930093	-0.0148985
3.4603	-0.175476	-0.0992654	-0.0160157
3.4734	-0.187683	-0.0866006	-0.0171186
3.4865	-0.19989	-0.0922463	-0.0181947
3.4996	-0.212097	-0.0849984	-0.0192986
3.5127	-0.224304	-0.0911019	-0.0203877
3.5258	-0.236511	-0.0860665	-0.0214742
3.5389	-0.248718	-0.0897286	-0.022549
3.552	-0.260925	-0.0785134	-0.0236135
3.5651	-0.273132	-0.0832436	-0.0246622
3.5782	-0.285339	-0.0837014	-0.0257009
3.5913	-0.297546	-0.0849984	-0.0267189
3.6044	-0.30899	-0.0863717	-0.0277606
3.6175	-0.321198	-0.0893472	-0.0287857
3.6306	-0.333405	-0.0813363	-0.0297913
3.6438	-0.344849	-0.0953744	-0.0307889
3.6569	-0.357056	-0.0795052	-0.0317876
3.67	-0.3685	-0.0807259	-0.032741
3.6831	-0.379944	-0.0820229	-0.0337179
3.6962	-0.391388	-0.0728677	-0.0346612
3.7093	-0.403595	-0.0678323	-0.0356264
3.7224	-0.415039	-0.0691293	-0.0365674
3.7355	-0.426483	-0.0691293	-0.0374978
3.7486	-0.437164	-0.0723336	-0.0384066
3.7617	-0.448608	-0.0691293	-0.0393194
3.7748	-0.460052	-0.0636361	-0.0402018
3.7879	-0.470734	-0.0575326	-0.0411087
3.801	-0.482178	-0.0586007	-0.0419675
3.8141	-0.492859	-0.0713418	-0.042823
3.8273	-0.504303	-0.0735543	-0.0436788
3.8404	-0.514984	-0.070884	-0.044487
3.8535	-0.525665	-0.0592111	-0.0453136
3.8666	-0.536346	-0.0589059	-0.0461099
3.8797	-0.547028	-0.0683663	-0.0468999
3.8928	-0.556946	-0.0584481	-0.0476844
3.9059	-0.567627	-0.0442574	-0.0484685
3.919	-0.577545	-0.0608132	-0.0492047
3.9321	-0.588226	-0.0624154	-0.0499137
3.9452	-0.598145	-0.0535653	-0.0506681
3.9583	-0.608063	-0.0605843	-0.0513846
3.9714	-0.617981	-0.0474618	-0.0520734
3.9845	-0.627899	-0.0498269	-0.0527911
3.9976	-0.637817	-0.0676034	-0.0534464
4.0108	-0.647736	-0.0362466	-0.0541177
4.0239	-0.656891	-0.0626443	-0.054772
4.037	-0.666046	-0.0323556	-0.0553925
4.0501	-0.675964	-0.0564645	-0.0560426
4.0632	-0.68512	-0.0428079	-0.0565983
4.0763	-0.694275	-0.0491403	-0.0572523
4.0894	-0.702667	-0.0332711	-0.0577863
4.1025	-0.711823	-0.0579904	-0.058432
4.1156	-0.720978	-0.0207589	-0.0589161
4.1287	-0.72937	-0.0670693	-0.0595028
4.1418	-0.737762	-0.00656823	-0.0600246
4.1549	-0.746155	-0.0683663	-0.0605254
4.168	-0.754547	-0.0236581	-0.0610888
4.1811	-0.762939	-0.0326608	-0.0615106
4.1943	-0.770569	-0.0590585	-0.0620537
4.2074	-0.778961	-0.0145028	-0.0625068
4.2205	-0.786591	-0.0351022	-0.0629413
4.2336	-0.79422	-0.04647	-0.0634159
4.2467	-0.801849	-0.036628	-0.063872
4.2598	-0.809479	-0.0222085	-0.0643127
4.2729	-0.816345	-0.0299142	-0.0646925
4.286	-0.823975	-0.0338815	-0.0651039
4.2991	-0.830841	-0.0420449	-0.0655013
4.3122	-0.837708	-0.0297616	-0.0659102
4.3253	-0.844574	-0.0317452	-0.0662819
4.3384	-0.85144	-0.0240395	-0.0666334
4.3515	-0.857544	-0.0238107	-0.066996
4.3646	-0.86441	-0.0253365	-0.0673273
4.3778	-0.870514	-0.0206063	-0.0676599
4.3909	-0.876617	-0.0245736	-0.0679726
4.404	-0.882721	-0.0164864	-0.0682889
4.4171	-0.888824	-0.0236581	-0.0685916
4.4302	-0.894165	-0.021293	-0.0688897
4.4433	-0.899506	-0.0230477	-0.0691669
4.4564	-0.904846	-0.0196908	-0.0694458
4.4695	-0.910187	-0.0141976	-0.0697114
4.4826	-0.915527	-0.0274728	-0.0699608
4.4957	-0.920868	-0.0212167	-0.0701917
4.5088	-0.925446	-0.0100778	-0.0704405
4.5219	-0.930023	-0.0209878	-0.0706845
4.535	-0.934601	-0.0177071	-0.0708868
4.5481	-0.939178	-0.0238107	-0.0710974
4.5613	-0.942993	-0.010154	-0.0713119
4.5744	-0.947571	-0.0212167	-0.0714957
4.5875	-0.951385	-0.0185464	-0.0716827
4.6006	-0.9552	-0.0177071	-0.071866
4.6137	-0.959015	-0.0102303	-0.072037
4.6268	-0.962067	-0.00275354	-0.0722015
4.6399	-0.965881	-0.0167916	-0.072362
4.653	-0.968933	-0.0219796	-0.0724942
4.6661	-0.971985	-0.0172494	-0.0726438
4.6792	-0.975037	-0.0164102	-0.0727574
4.6923	-0.977325	-0.00260095	-0.0728955
4.7054	-0.980377	-0.000159541	-0.0730311
4.7185	-0.982666	-0.0198434	-0.0731378
4.7316	-0.984955	-0.00885705	-0.0732451
4.7448	-0.987244	-0.0167916	-0.0733345
4.7579	-0.98877	0.00106116	-0.0734419
4.771	-0.991058	-0.0128243	-0.0735252
4.7841	-0.992584	-0.0132058	-0.0736257
4.7972	-0.99411	-0.0045083	-0.0736933
4.8103	-0.995636	-0.00961999	-0.0737346
4.8234	-0.996399	0.00266333	-0.0738007
4.8365	-0.997162	0.00159522	-0.0738365
4.8496	-0.998688	-0.0144265	-0.0738922
4.8627	-0.999451	-0.00839929	-0.0739133
4.8758	-0.999451	-0.00237207	-0.0739518
4.8889	-1.00021	-0.00267724	-0.0739843
4.902	-1.00021	-0.00267724	-0.0739897
4.9152	-1.00021	-0.000541011	-0.0739969
4.9283	-1.00021	0.000298222	-0.0740026
4.9414	-1.00021	0.000679692	-0.0740087
4.9545	-0.999451	-0.00458459	-0.074016
4.9676	-0.999451	-0.00275354	-0.0740097
4.9807	-0.998688	0.00853797	-0.0740062
4.9938	-0.997925	0.000908574	-0.0740153
5.0069	-0.996399	-0.0112985	-0.073985
5.02	-0.995636	0.0141837	-0.0739891
5.0331	-0.99411	-0.00977258	-0.0739878
5.0462	-0.992584	-0.00763635	-0.073961
5.0593	-0.991058	-0.00145654	-0.0739601
5.0724	-0.98877	0.0230338	-0.0739274
5.0855	-0.987244	-0.0289224	-0.073892
5.0987	-0.984955	0.032952	-0.07386
5.1118	-0.982666	0.00579139	-0.0738531
5.1249	-0.980377	0.00838538	-0.0737982
5.138	-0.977325	-0.00473718	-0.0737735
5.1511	-0.975037	0.00655433	-0.0737273
5.1642	-0.971985	0.00457068	-0.0736903
5.1773	-0.968933	0.00609656	-0.0736387
5.1904	-0.965881	0.00411292	-0.073589
5.2035	-0.962067	0.00373145	-0.0735269
5.2166	-0.959015	0.0171592	-0.0734564
5.2297	-0.9552	-0.00244836	-0.0733867
5.2428	-0.951385	0.00289222	-0.0733148
5.2559	-0.947571	0.00472327	-0.0732327
5.269	-0.943756	0.00319739	-0.0731455
5.2822	-0.939178	0.00739356	-0.0730503
5.2953	-0.934601	0.00243445	-0.0729572
5.3084	-0.930023	0.00319739	-0.0728585
5.3215	-0.925446	0.012963	-0.0727391
5.3346	-0.920868	0.011132	-0.072619
5.3477	-0.915527	0.0118949	-0.0724949
5.3608	-0.910187	0.0127341	-0.0723603
5.3739	-0.905609	0.0113608	-0.0722238
5.387	-0.899506	0.0043418	-0.0720623
5.4001	-0.894165	0.00952979	-0.0718994
5.4132	-0.888824	0.0166251	-0.0717272
5.4263	-0.882721	0.0192191	-0.0715525
5.4394	-0.876617	0.0192191	-0.0713676
5.4525	-0.870514	0.0205924	-0.0711819
5.4657	-0.86441	0.0172355	-0.0709769
5.4788	-0.857544	0.015023	-0.0707554
5.4919	-0.85144	0.0175407	-0.0705285
5.505	-0.844574	0.01632	-0.0702898
5.5181	-0.837708	0.0247123	-0.0700418
5.5312	-0.830841	0.0249412	-0.0697849
5.5443	-0.823975	0.0239493	-0.0694919
5.5574	-0.817108	0.0236442	-0.0692082
5.5705	-0.809479	0.0243308	-0.0689287
5.5836	-0.801849	0.01632	-0.068623
5.5967	-0.79422	0.0288322	-0.0682879
5.6098	-0.786591	0.0300529	-0.0679391
5.6229	-0.778961	0.0221183	-0.0675968
5.636	-0.771332	0.0247886	-0.0672572
5.6492	-0.762939	0.0379874	-0.0668741
5.6623	-0.754547	0.0219657	-0.0664795
5.6754	-0.746155	0.0314262	-0.0661149
5.6885	-0.737762	0.0410392	-0.0656724
5.7016	-0.72937	0.0152518	-0.0652523
5.7147	-0.720978	0.0521781	-0.0648348
5.7278	-0.711823	0.0237968	-0.0643513
5.7409	-0.70343	0.0338676	-0.0639317
5.754	-0.694275	0.0455405	-0.0633711
5.7671	-0.68512	0.026467	-0.062946
5.7802	-0.675964	0.0585868	-0.0623718
5.7933	-0.666809	0.0138785	-0.061915
5.8064	-0.656891	0.0699546	-0.061302
5.8195	-0.647736	0.0236442	-0.0608178
5.8327	-0.637817	0.0625541	-0.0601789
5.8458	-0.627899	0.0399711	-0.0596537
5.8589	-0.617981	0.037606	-0.0590039
5.872	-0.608063	0.0604178	-0.0583901
5.8851	-0.598145	0.0373771	-0.0577886
5.8982	-0.588226	0.0625541	-0.0571049
5.9113	-0.578308	0.0566794	-0.0564639
5.9244	-0.567627	0.0402762	-0.0558081
5.9375	-0.556946	0.0479056	-0.0550833
5.9506	-0.547028	0.0619437	-0.0543889
5.9637	-0.536346	0.0653007	-0.0536667
5.9768	-0.525665	0.0501945	-0.0529286
5.9899	-0.514984	0.0613334	-0.0521764
6.003	-0.504303	0.0740745	-0.0514163
6.0162	-0.492859	0.0619437	-0.0506254
6.0293	-0.482178	0.0486686	-0.0498269
6.0424	-0.470734	0.05111	-0.0490159
6.0555	-0.460052	0.0597312	-0.0481656
6.0686	-0.448608	0.0715568	-0.0473222
6.0817	-0.437164	0.0723197	-0.0464532
6.0948	-0.426483	0.0704887	-0.0455817
6.1079	-0.415039	0.0657584	-0.0446786
6.121	-0.403595	0.0705649	-0.0437773
6.1341	-0.392151	0.0717857	-0.0428228
6.1472	-0.379944	0.0709464	-0.0419047
6.1603	-0.3685	0.0796439	-0.04096
6.1734	-0.357056	0.0862815	-0.0399917
6.1865	-0.344849	0.0819327	-0.0390022
6.1997	-0.333405	0.0823142	-0.0380109
6.2128	-0.321198	0.0940635	-0.0369855
6.2259	-0.309753	0.0817039	-0.0359401
6.239	-0.297546	0.0859	-0.0348856
6.2521	-0.285339	0.0825431	-0.0338225
6.2652	-0.273132	0.0794913	-0.0327538
6.2783	-0.260925	0.0770499	-0.0316638
6.2914	-0.249481	0.0852897	-0.0305502
6.3045	-0.237274	0.0761344	-0.0294163
6.3176	-0.225067	0.0813224	-0.0282944
6.3307	-0.212097	0.0820853	-0.027148
6.3438	-0.19989	0.0909354	-0.0259848
6.3569	-0.187683	0.083306	-0.0248453
6.37	-0.175476	0.089257	-0.0236875
6.3832	-0.163269	0.0788047	-0.0225339
6.3963	-0.150299	0.093682	-0.021384
6.4094	-0.138092	0.0959708	-0.0202011
6.4225	-0.125885	0.0984122	-0.0190216
6.4356	-0.112915	0.0914695	-0.0178453
6.4487	-0.100708	0.102532	-0.0166583
6.4618	-0.088501	0.0982597	-0.0154894
6.4749	-0.075531	0.0997092	-0.0143135
6.488	-0.063324	0.0929191	-0.0131469
6.5011	-0.050354	0.0961997	-0.0119543
6.5142	-0.038147	0.10032	-0.0107816
6.5273	-0.0259399	0.0986411	-0.009584
6.5404	-0.01297	0.0978019	-0.00838696
6.5536	0	0.0961234	-0.00718252
6.5667	0.012207	0.093682	-0.00603304
6.5798	0.0244141	0.0869681	-0.00487747
6.5929	0.037384	0.0941398	-0.00373743
6.606	0.0495911	0.1036	-0.00255695
6.6191	0.062561	0.0990226	-0.00139924
6.6322	0.0747681	0.0981071	-0.000227301
6.6453	0.087738	0.0936057	0.000918769
6.6584	0.0999451	0.0903251	0.00208775
6.6715	0.112152	0.0886466	0.00320478
6.6846	0.125122	0.0930717	0.00435463
6.6977	0.137329	0.0906303	0.00549856
6.7108	0.149536	0.0863578	0.00666818
6.7239	0.162506	0.0802543	0.00776395
6.7371	0.174713	0.0881126	0.00891116
6.7502	0.18692	0.079415	0.0100328
6.7633	0.199127	0.0717094	0.0111438
6.7764	0.211334	0.0730064	0.0122226
6.7895	0.223541	0.0799491	0.0133237
6.8026	0.235748	0.0767448	0.0144191
6.8157	0.247955	0.0707938	0.0155147
6.8288	0.260162	0.0717857	0.0165677
6.8419	0.272369	0.0703361	0.0176446
6.855	0.284576	0.0763633	0.0186956
6.8681	0.296783	0.0741508	0.0197558
6.8812	0.308228	0.0749137	0.0207739
6.8943	0.320435	0.0847556	0.0218172
6.9074	0.332642	0.0797202	0.0228402
6.9206	0.344086	0.0839164	0.0238696
6.9337	0.356293	0.0764396	0.0248508
6.9468	0.367737	0.0837638	0.0258421
6.9599	0.379181	0.0789573	0.0268287
6.973	0.390625	0.0753715	0.0278118
6.9861	0.402832	0.067971	0.0287524
6.9992	0.414276	0.0665214	0.0296862
7.0123	0.42572	0.0718619	0.0305994
7.0254	0.436401	0.0774314	0.031535
7.0385	0.447845	0.076287	0.0324252
7.0516	0.45929	0.0678947	0.033307
7.0647	0.469971	0.060189	0.0341951
7.0778	0.481415	0.0576713	0.0350782
7.0909	0.492096	0.053704	0.0359557
7.1041	0.50354	0.0707175	0.0367868
7.1172	0.514221	0.0711753	0.0376181
7.1303	0.524902	0.0588157	0.0384293
7.1434	0.535583	0.060189	0.0392541
7.1565	0.546265	0.0648429	0.040021
7.1696	0.556183	0.0649955	0.0407941
7.1827	0.566864	0.0440909	0.0415846
7.1958	0.576782	0.0554587	0.0423498
7.2089	0.587463	0.0649955	0.0430847
7.222	0.597382	0.0508048	0.0437984
7.2351	0.6073	0.0611045	0.0445135
7.2482	0.617218	0.0556876	0.045175
7.2613	0.627136	0.0404288	0.0458979
7.2744	0.637054	0.0662162	0.0465757
7.2876	0.646973	0.0379111	0.0472168
7.3007	0.656128	0.0579764	0.0478814
7.3138	0.665283	0.0456931	0.0484813
7.3269	0.675201	0.0406577	0.0491519
7.34	0.684357	0.0553824	0.0497274
7.3531	0.693512	0.0362327	0.0503477
7.3662	0.701904	0.0510337	0.0508715
7.3793	0.71106	0.0364616	0.0515223
7.3924	0.720215	0.036309	0.0519861
7.4055	0.728607	0.0550773	0.0526054
7.4186	0.737	0.012963	0.0530773
7.4317	0.745392	0.0704124	0.0536327
7.4448	0.753784	0.0140311	0.0541436
7.4579	0.762177	0.0469901	0.0545815
7.4711	0.769806	0.0465324	0.0551501
7.4842	0.778198	0.0176169	0.0555735
7.4973	0.785828	0.0405814	0.0560219
7.5104	0.793457	0.0387504	0.0564752
7.5235	0.801086	0.0333335	0.0569068
7.5366	0.808716	0.0202109	0.0573231
7.5497	0.815582	0.0328757	0.0577089
7.5628	0.823212	0.0360038	0.0581109
7.5759	0.830078	0.0414207	0.0585224
7.589	0.836945	0.0247123	0.0588941
7.6021	0.843811	0.029061	0.0592543
7.6152	0.850677	0.0241782	0.0595908
7.6283	0.856781	0.0170829	0.0599453
7.6414	0.863647	0.0267722	0.0602711
7.6546	0.869751	0.0228812	0.060595
7.6677	0.875854	0.0228812	0.0609131
7.6808	0.881958	0.0217368	0.0612102
7.6939	0.888062	0.0234153	0.061499
7.707	0.893402	0.018151	0.0617771
7.7201	0.898743	0.0185325	0.0620505
7.7332	0.904083	0.0154044	0.0623332
7.7463	0.909424	0.0172355	0.0625756
7.7594	0.914764	0.0260856	0.0628148
7.7725	0.920105	0.0134971	0.0630397
7.7856	0.924683	0.0149467	0.0632878
7.7987	0.92926	0.0135734	0.063511
7.8118	0.933838	0.0147941	0.0637167
7.8249	0.938416	0.0219657	0.0639011
7.8381	0.94223	0.0125815	0.0641133
7.8512	0.946808	0.0190665	0.0642839
7.8643	0.950623	0.0203635	0.0644667
7.8774	0.954437	0.0190665	0.0646407
7.8905	0.958252	0.010369	0.0648013
7.9036	0.961304	-0.000464717	0.0649492
7.9167	0.965118	0.0138785	0.0651085
7.9298	0.96817	0.0216605	0.0652305
7.9429	0.971222	0.0141074	0.06537
7.956	0.974274	0.0165488	0.0654868
7.9691	0.976562	0.00487586	0.065624
7.9822	0.979614	0.000298222	0.0657263
7.9953	0.981903	0.0186088	0.0658254
8.0084	0.984192	0.00983497	0.0659134
8.0216	0.986481	0.0154807	0.0659903
8.0347	0.988007	-0.00382165	0.0660912
8.0478	0.990295	0.01426	0.0661546
8.0609	0.991821	0.0117423	0.0662387
8.074	0.993347	0.00411292	0.0662987
8.0871	0.994873	0.00922461	0.0663284
8.1002	0.995636	-0.00366906	0.066381
8.1133	0.996399	-0.00168542	0.0664034
8.1264	0.997925	0.0184562	0.0664578
8.1395	0.998688	0.00640174	0.066468
8.1526	0.998688	0.000755986	0.0664885
8.1657	0.999451	0.00228186	0.0665113
8.1788	0.999451	-0.00183801	0.0665025
8.192	0.999451	-0.000312129	0.0665024
8.2051	0.999451	0.000145634	0.0664932
8.2182	0.999451	-0.00366906	0.0664903
8.2313	0.998688	0.00731727	0.0664825
8.2444	0.998688	-0.0019143	0.0664637
8.2575	0.997925	-0.007026	0.0664525
8.2706	0.997162	-0.00275354	0.0664436
8.2837	0.995636	0.010369	0.0664021
8.2968	0.994873	-0.0109933	0.0663951
8.3099	0.993347	0.00731727	0.0663795
8.323	0.991821	0.00594397	0.0663431
8.3361	0.990295	-6.95356e-06	0.0663269
8.3492	0.988007	-0.0209878	0.0662861
8.3623	0.986481	0.0261619	0.0662379
8.3755	0.984192	-0.0302194	0.0661915
8.3886	0.981903	-0.00809411	0.0661779
8.4017	0.979614	-0.00687341	0.0661154
8.4148	0.976562	0.0018241	0.0660824
8.4279	0.974274	-0.0082467	0.0660197
8.441	0.971222	-0.00626306	0.065968
8.4541	0.96817	-0.00748376	0.065901
8.4672	0.965118	-0.00488977	0.0658384
8.4803	0.961304	-0.00336389	0.0657606
8.4934	0.958252	-0.0167916	0.0656833
8.5065	0.954437	-0.000922481	0.0655982
8.5196	0.950623	-0.00733117	0.0655133
8.5327	0.946808	-0.00481347	0.0654142
8.5458	0.942993	-0.00748376	0.0653172
8.559	0.938416	-0.0128243	0.0652076
8.5721	0.933838	-0.00344018	0.065103
8.5852	0.92926	-0.00481347	0.0649945
8.5983	0.924683	-0.0119088	0.0648657
8.6114	0.920105	-0.0151132	0.064729
8.6245	0.914764	-0.0124429	0.0645968
8.6376	0.909424	-0.00878076	0.0644455
8.6507	0.904846	-0.0118325	0.0642971
8.6638	0.898743	-0.005729	0.0641293
8.6769	0.893402	-0.00717858	0.0639517
8.69	0.888062	-0.00809411	0.0637674
8.7031	0.881958	-0.0158761	0.063583
8.7162	0.875854	-0.0196908	0.0633835
8.7293	0.869751	-0.0259469	0.0631746
8.7425	0.863647	-0.0241921	0.0629573
8.7556	0.856781	-0.0229714	0.0627368
8.7687	0.850677	-0.0167916	0.0624992
8.7818	0.843811	-0.0103829	0.0622527
8.7949	0.836945	-0.0219796	0.0619912
8.808	0.830078	-0.0280831	0.0617347
8.8211	0.823212	-0.0289224	0.0614267
8.8342	0.816345	-0.0259469	0.0611294
8.8473	0.808716	-0.0259469	0.060836
8.8604	0.801086	-0.0145028	0.060522
8.8735	0.793457	-0.0316689	0.0601897
8.8866	0.785828	-0.0301431	0.059849
8.8997	0.778198	-0.0288461	0.0594821
8.9128	0.770569	-0.0263284	0.0591424
8.926	0.762177	-0.0341103	0.05873
8.9391	0.753784	-0.0341103	0.0583216
8.9522	0.745392	-0.0265572	0.0579425
8.9653	0.737	-0.0414346	0.0574931
8.9784	0.728607	-0.023124	0.0570478
8.9915	0.720215	-0.043113	0.0566344
9.0046	0.71106	-0.0351022	0.0561267
9.0177	0.702667	-0.0255654	0.0556931
9.0308	0.693512	-0.0589822	0.0551524
9.0439	0.684357	-0.0151132	0.0547088
9.057	0.675201	-0.0692819	0.0541426
9.0701	0.666046	-0.007026	0.0536199
9.0832	0.656128	-0.0810311	0.0530561
9.0963	0.646973	-0.0149606	0.0525204
9.1095	0.637054	-0.0686715	0.0519125
9.1226	0.627136	-0.0282357	0.0513584
9.1357	0.617218	-0.0494454	0.0506958
9.1488	0.6073	-0.0616525	0.0501066
9.1619	0.597382	-0.0354073	0.0494735
9.175	0.587463	-0.059974	0.0488179
9.1881	0.577545	-0.0517343	0.0481644
9.2012	0.566864	-0.0392983	0.0474567
9.2143	0.556183	-0.0568459	0.0467417
9.2274	0.546265	-0.0644753	0.0460437
9.2405	0.535583	-0.0606606	0.0453413
9.2536	0.524902	-0.0546334	0.0445585
9.2667	0.514221	-0.0594399	0.0438139
9.2798	0.50354	-0.0709603	0.0430536
9.293	0.492096	-0.0572274	0.0422541
9.3061	0.481415	-0.0469277	0.0414352
9.3192	0.469971	-0.0552438	0.0406238
9.3323	0.45929	-0.0777505	0.0397557
9.3454	0.447845	-0.0705026	0.038924
9.3585	0.436401	-0.0726388	0.0380919
9.3716	0.42572	-0.0738595	0.0371924
9.3847	0.414276	-0.063102	0.0363029
9.3978	0.402832	-0.0676797	0.0353951
9.4109	0.391388	-0.0688241	0.0344901
9.424	0.379181	-0.0746224	0.0335268
9.4371	0.367737	-0.0738595	0.0325656
9.4502	0.356293	-0.0743935	0.0315879
9.4633	0.344086	-0.0778268	0.0306062
9.4765	0.332642	-0.076835	0.0295825
9.4896	0.320435	-0.0779794	0.0285618
9.5027	0.30899	-0.0734017	0.027514
9.5158	0.296783	-0.0771401	0.0264732
9.5289	0.284576	-0.0771401	0.0253918
9.542	0.272369	-0.0737069	0.0243128
9.5551	0.260162	-0.0698922	0.0232062
9.5682	0.248718	-0.0721047	0.0221082
9.5813	0.236511	-0.0735543	0.020977
9.5944	0.224304	-0.0743935	0.0198644
9.6075	0.211334	-0.0775216	0.0187213
9.6206	0.199127	-0.0801919	0.0175988
9.6337	0.18692	-0.0808022	0.0164325
9.6468	0.174713	-0.0736306	0.0152772
9.66	0.162506	-0.0766824	0.0141215
9.6731	0.149536	-0.0824044	0.0129815
9.6862	0.137329	-0.0844643	0.0117827
9.6993	0.125122	-0.0846169	0.0106218
9.7124	0.112152	-0.0818704	0.00945104
9.7255	0.0999451	-0.0859902	0.00830336
9.7386	0.087738	-0.0866769	0.00711489
9.7517	0.0747681	-0.0824044	0.00596055
9.7648	0.062561	-0.089042	0.00478261
9.7779	0.0495911	-0.0868295	0.00361402
9.791	0.037384	-0.0863717	0.00243315
9.8041	0.025177	-0.089576	0.00126973
9.8172	0.012207	-0.0918649	8.75215e-05
9.8304	0	-0.0853036	-0.00106214
9.8435	-0.01297	-0.0878976	-0.0022524
9.8566	-0.025177	-0.0807259	-0.00341244
9.8697	-0.038147	-0.089576	-0.00456468
9.8828	-0.050354	-0.102393	-0.00570989
9.8959	-0.063324	-0.10865	-0.00690207
9.909	-0.075531	-0.104987	-0.00806084
9.9221	-0.088501	-0.0909493	-0.00920689
9.9352	-0.100708	-0.097358	-0.0103125
9.9483	-0.112915	-0.102241	-0.0114719
9.9614	-0.125885	-0.107505	-0.0126282
9.9745	-0.138092	-0.0948403	-0.0137712
9.9876	-0.150299	-0.0969003	-0.0148967
10.0007	-0.163269	-0.092933	-0.0160134
10.0139	-0.175476	-0.102546	-0.0171379
10.027	-0.187683	-0.0859139	-0.0182501
10.0401	-0.19989	-0.0878976	-0.0193305
10.0532	-0.212097	-0.0847695	-0.020432
10.0663	-0.224304	-0.0901864	-0.0215256
10.0794	-0.236511	-0.0848458	-0.0226111
10.0925	-0.248718	-0.09217	-0.0236867
10.1056	-0.260925	-0.0800393	-0.0247571
10.1187	-0.273132	-0.086448	-0.0258114
10.1318	-0.285339	-0.0849984	-0.0268513
10.1449	-0.297546	-0.0889657	-0.0278746
10.158	-0.30899	-0.0839303	-0.0289161
10.1711	-0.321198	-0.0920174	-0.0299396
10.1842	-0.333405	-0.0850747	-0.0309531
10.1974	-0.344849	-0.0946114	-0.0319568
10.2105	-0.357056	-0.0833199	-0.0329467
10.2236	-0.3685	-0.0810311	-0.0339049
10.2367	-0.379944	-0.0778268	-0.0348797
10.2498	-0.391388	-0.0705026	-0.0358227
10.2629	-0.403595	-0.0698922	-0.0367938
10.276	-0.415039	-0.069587	-0.0377328
10.2891	-0.426483	-0.06829	-0.0386688
10.3022	-0.437164	-0.07035	-0.0395728
10.3153	-0.448608	-0.0679086	-0.0404845
10.3284	-0.460052	-0.0629495	-0.0413691
10.3415	-0.470734	-0.0589059	-0.0422719
10.3546	-0.482178	-0.0590585	-0.0431359
10.3677	-0.492859	-0.0686715	-0.0439883
10.3809	-0.504303	-0.0740121	-0.0448328
10.394	-0.514984	-0.0732491	-0.0456458
10.4071	-0.525665	-0.0592111	-0.0464819
10.4202	-0.536346	-0.0569222	-0.0472704
10.4333	-0.547028	-0.067756	-0.0480562
10.4464	-0.556946	-0.054786	-0.0488474
10.4595	-0.567627	-0.0423501	-0.0496274
10.4726	-0.577545	-0.0624917	-0.0503668
10.4857	-0.588226	-0.066993	-0.0510721
10.4988	-0.598145	-0.0500558	-0.0518267
10.5119	-0.608063	-0.0602792	-0.0525358
10.525	-0.617981	-0.0493691	-0.0532211
10.5381	-0.627899	-0.0502847	-0.0539484
10.5512	-0.637817	-0.0683663	-0.0545974
10.5644	-0.647736	-0.037391	-0.0552724
10.5775	-0.656891	-0.0592874	-0.0559223
10.5906	-0.666046	-0.0322793	-0.0565403
10.6037	-0.675964	-0.0524972	-0.0571914
10.6168	-0.68512	-0.0417397	-0.0577428
10.6299	-0.694275	-0.050361	-0.0583926
10.643	-0.702667	-0.0368569	-0.0589269
10.6561	-0.711823	-0.0553964	-0.0595759
10.6692	-0.720978	-0.019996	-0.0600516
10.6823	-0.72937	-0.0644753	-0.0606419
10.6954	-0.737762	-0.00633935	-0.0611595
10.7085	-0.746155	-0.0701974	-0.0616581
10.7216	-0.754547	-0.0232003	-0.0622262
10.7347	-0.762939	-0.0312875	-0.0626407
10.7479	-0.770569	-0.0561593	-0.0631807
10.761	-0.778961	-0.0181649	-0.0636355
10.7741	-0.786591	-0.0314401	-0.0640674
10.7872	-0.79422	-0.0455544	-0.0645351
10.8003	-0.801849	-0.0337289	-0.0650008
10.8134	-0.809479	-0.0230477	-0.065423
10.8265	-0.816345	-0.0285409	-0.065816
10.8396	-0.823975	-0.0363229	-0.0662183
10.8527	-0.830841	-0.0396798	-0.0666176
10.8658	-0.837708	-0.0317452	-0.0670239
10.8789	-0.844574	-0.0308297	-0.0673962
10.892	-0.85144	-0.0279305	-0.0677419
10.9051	-0.857544	-0.0260995	-0.0681073
10.9182	-0.86441	-0.023887	-0.068437
10.9314	-0.870514	-0.0209115	-0.0687719
10.9445	-0.876617	-0.0219796	-0.069081
10.9576	-0.882721	-0.017402	-0.0693949
10.9707	-0.888824	-0.0246499	-0.0696927
10.9838	-0.894165	-0.0187753	-0.0699921
10.9969	-0.899506	-0.0243447	-0.0702674
11.01	-0.904846	-0.0239633	-0.0705383
11.0231	-0.910187	-0.010154	-0.0708075
11.0362	-0.915527	-0.0297616	-0.0710559
11.0493	-0.920868	-0.019233	-0.071285
11.0624	-0.925446	-0.0095437	-0.0715341
11.0755	-0.930023	-0.0229714	-0.0717765
11.0886	-0.934601	-0.0129006	-0.0719779
11.1017	-0.939178	-0.0222085	-0.0721912
11.1149	-0.942993	-0.0121377	-0.0724002
11.128	-0.947571	-0.0206826	-0.0725886
11.1411	-0.951385	-0.0221322	-0.0727704
11.1542	-0.9552	-0.0157235	-0.0729522
11.1673	-0.959015	-0.0109933	-0.0731263
11.1804	-0.962067	-0.00473718	-0.073284
11.1935	-0.965881	-0.0190804	-0.0734475
11.2066	-0.968933	-0.0203774	-0.0735811
11.2197	-0.971985	-0.0154183	-0.0737271
11.2328	-0.975037	-0.0189279	-0.0738428
11.2459	-0.977325	-0.00412683	-0.0739806
11.259	-0.980377	-0.000464717	-0.074108
11.2721	-0.982666	-0.0215218	-0.0742206
11.2852	-0.984955	-0.0120614	-0.0743243
11.2984	-0.987244	-0.0165627	-0.0744133
11.3115	-0.98877	0.00174781	-0.0745194
11.3246	-0.991058	-0.0151894	-0.0746007
11.3377	-0.992584	-0.013511	-0.0747039
11.3508	-0.99411	-0.00130395	-0.0747726
11.3639	-0.995636	-0.011451	-0.0748064
11.377	-0.996399	0.00136634	-0.0748746
11.3901	-0.997162	0.00258704	-0.0749157
11.4032	-0.998688	-0.0157998	-0.0749696
11.4163	-0.999451	-0.0069497	-0.0749932
11.4294	-0.999451	-6.95356e-06	-0.075027
11.4425	-1.00021	-0.00382165	-0.0750628
11.4556	-1.00021	0.00106116	-0.0750644
11.4688	-1.00021	0.00106116	-0.0750764
11.4819	-1.00021	-0.0019906	-0.07508
11.495	-1.00021	0.00106116	-0.075089
11.5081	-0.999451	-0.00519494	-0.0750932
11.5212	-0.999451	-0.00206689	-0.0750898
11.5343	-0.998688	0.00548621	-0.0750884
11.5474	-0.997925	-0.000388423	-0.0750939
11.5605	-0.996399	-0.00977258	-0.0750611
11.5736	-0.995636	0.01426	-0.0750687
11.5867	-0.99411	-0.00809411	-0.075064
11.5998	-0.992584	-0.00641565	-0.0750411
11.6129	-0.991058	-0.00275354	-0.0750384
11.626	-0.98877	0.0239493	-0.0750033
11.6391	-0.987244	-0.0281594	-0.0749699
11.6523	-0.984955	0.0299766	-0.0749365
11.6654	-0.982666	0.00670691	-0.0749297
11.6785	-0.980377	0.00922461	-0.074875
11.6916	-0.977325	-0.00488977	-0.0748512
11.7047	-0.975037	0.00884314	-0.0748042
11.7178	-0.971985	0.00708838	-0.0747669
11.7309	-0.968933	0.00670691	-0.0747149
11.744	-0.965881	0.00396033	-0.0746655
11.7571	-0.962067	0.00403663	-0.074603
11.7702	-0.959015	0.0167777	-0.0745295
11.7833	-0.9552	-0.000998775	-0.0744615
11.7964	-0.951385	0.00334998	-0.0743897
11.8095	-0.947571	0.00403663	-0.074306
11.8226	-0.943756	0.00212928	-0.0742238
11.8358	-0.939178	0.00731727	-0.0741276
11.8489	-0.934601	0.0031211	-0.0740328
11.862	-0.930023	0.00388404	-0.073934
11.8751	-0.925446	0.0117423	-0.0738158
11.8882	-0.920868	0.0122001	-0.0736965
11.9013	-0.915527	0.0108268	-0.0735701
11.9144	-0.910187	0.0130393	-0.0734386
11.9275	-0.905609	0.0156333	-0.073304
11.9406	-0.899506	0.00388404	-0.0731443
11.9537	-0.894165	0.00762244	-0.07298
11.9668	-0.888824	0.0153281	-0.072806
11.9799	-0.882721	0.0201346	-0.0726316
11.993	-0.876617	0.0196769	-0.0724513
12.0061	-0.870514	0.0215079	-0.0722637
12.0193	-0.86441	0.0191428	-0.0720593
12.0324	-0.857544	0.0161674	-0.0718395
12.0455	-0.85144	0.0141837	-0.07161
12.0586	-0.844574	0.0154044	-0.0713707
12.0717	-0.837708	0.0276877	-0.0711234
12.0848	-0.830841	0.0289085	-0.0708715
12.0979	-0.823975	0.0199821	-0.070579
12.111	-0.817108	0.0243308	-0.0702872
12.1241	-0.809479	0.0266196	-0.0700122
12.1372	-0.801849	0.0167014	-0.0697082
12.1503	-0.79422	0.0314262	-0.0693738
12.1634	-0.786591	0.0270011	-0.0690302
12.1765	-0.778961	0.0210502	-0.0686848
12.1896	-0.771332	0.02517	-0.0683519
12.2028	-0.762939	0.0385978	-0.0679617
12.2159	-0.754547	0.0189902	-0.0675689
12.229	-0.746155	0.0362327	-0.06721
12.2421	-0.737762	0.0347831	-0.0667568
12.2552	-0.72937	0.0205924	-0.0663419
12.2683	-0.720978	0.0450065	-0.0659268
12.2814	-0.711823	0.0320365	-0.0654342
12.2945	-0.70343	0.0287559	-0.0650247
12.3076	-0.694275	0.049813	-0.0644617
12.3207	-0.68512	0.0204398	-0.0640395
12.3338	-0.675964	0.060189	-0.0634682
12.3469	-0.666809	0.00930091	-0.0630067
12.36	-0.656891	0.0686576	-0.0623959
12.3731	-0.647736	0.0219657	-0.0619139
12.3863	-0.637817	0.0599601	-0.0612684
12.3994	-0.627899	0.0397422	-0.060753
12.4125	-0.617981	0.0373771	-0.0600951
12.4256	-0.608063	0.06202	-0.0594951
12.4387	-0.598145	0.0418784	-0.0588789
12.4518	-0.588226	0.056298	-0.0582005
12.4649	-0.578308	0.0559928	-0.0575671
12.478	-0.567627	0.041497	-0.056905
12.4911	-0.556946	0.0451591	-0.0561827
12.5042	-0.547028	0.0636222	-0.0554904
12.5173	-0.536346	0.0612571	-0.0547701
12.5304	-0.525665	0.0500419	-0.0540297
12.5435	-0.514984	0.0638511	-0.0532828
12.5566	-0.504303	0.0733878	-0.0525212
12.5698	-0.492859	0.0624778	-0.051729
12.5829	-0.482178	0.0511863	-0.0509282
12.596	-0.470734	0.0521781	-0.0501208
12.6091	-0.460052	0.0653007	-0.0492668
12.6222	-0.448608	0.0718619	-0.048417
12.6353	-0.437164	0.0662162	-0.0475512
12.6484	-0.426483	0.065377	-0.046696
12.6615	-0.415039	0.0726249	-0.0457993
12.6746	-0.403595	0.0700309	-0.0448729
12.6877	-0.392151	0.0663688	-0.0439365
12.7008	-0.379944	0.073693	-0.0430217
12.7139	-0.3685	0.0833823	-0.0420641
12.727	-0.357056	0.0820853	-0.0411064
12.7401	-0.344849	0.0852134	-0.0401082
12.7533	-0.333405	0.0802543	-0.0391155
12.7664	-0.321198	0.0894096	-0.0380977
12.7795	-0.309753	0.0796439	-0.0370596
12.7926	-0.297546	0.0869681	-0.0360011
12.8057	-0.285339	0.0808646	-0.0349374
12.8188	-0.273132	0.0816276	-0.033864
12.8319	-0.260925	0.0752189	-0.0327709
12.845	-0.249481	0.0817039	-0.0316608
12.8581	-0.237274	0.0756766	-0.0305319
12.8712	-0.225067	0.0808646	-0.0294065
12.8843	-0.212097	0.0822379	-0.0282648
12.8974	-0.19989	0.0934531	-0.0270997
12.9105	-0.187683	0.0842979	-0.0259543
12.9236	-0.175476	0.0875022	-0.0248016
12.9368	-0.163269	0.0883414	-0.0236458
12.9499	-0.150299	0.0938346	-0.0224804
12.963	-0.138092	0.091088	-0.0213049
12.9761	-0.125885	0.0969627	-0.0201312
12.9892	-0.112915	0.0961234	-0.0189469
13.0023	-0.100708	0.100243	-0.0177527
13.0154	-0.088501	0.0928428	-0.0165881
13.0285	-0.075531	0.0971915	-0.0154215
13.0416	-0.063324	0.0979545	-0.0142449
13.0547	-0.050354	0.0952842	-0.0130446
13.0678	-0.038147	0.100167	-0.0118757
13.0809	-0.0259399	0.106499	-0.0106692
13.094	-0.01297	0.0998618	-0.00947386
