0	0	-0.00553851	0
0.0131	0.012207	0.244324	-0.00390895
0.0262	0.0244141	0.00376936	-0.00367628
0.0393	0.037384	0.169785	-0.00252622
0.0524	0.0495911	0.152924	-0.0011897
0.0655	0.062561	0.138962	0.0001602
0.0786	0.0747681	0.180161	0.00188137
0.0917	0.087738	0.202439	0.00383172
0.1048	0.0999451	0.201828	0.00589301
0.1179	0.112152	0.157425	0.00742966
0.131	0.125122	0.177262	0.00948897
0.1441	0.137329	0.18245	0.0115077
0.1572	0.149536	0.188401	0.0135498
0.1703	0.162506	0.185196	0.0155041
0.1835	0.174713	0.179779	0.0175057
0.1966	0.18692	0.174973	0.0194474
0.2097	0.199127	0.160325	0.0213729
0.2228	0.211334	0.154831	0.0232146
0.2359	0.223541	0.14827	0.0250526
0.249	0.235748	0.148575	0.0268382
0.2621	0.247955	0.147507	0.0286248
0.2752	0.260162	0.146286	0.0303045
0.2883	0.272369	0.14003	0.0319946
0.3014	0.284576	0.13736	0.033616
0.3145	0.296783	0.12706	0.0352126
0.3276	0.308228	0.121872	0.0367244
0.3407	0.320435	0.122025	0.0382311
0.3538	0.332642	0.121949	0.0396807
0.367	0.344086	0.122025	0.0411322
0.3801	0.356293	0.113938	0.0424959
0.3932	0.367737	0.113556	0.0438396
0.4063	0.379181	0.109055	0.0451357
0.4194	0.390625	0.104325	0.0464206
0.4325	0.402832	0.093491	0.0476243
0.4456	0.414276	0.0886082	0.0488052
0.4587	0.42572	0.0892949	0.0499517
0.4718	0.436401	0.0914311	0.051072
0.4849	0.447845	0.0824284	0.0521321
0.498	0.45929	0.0735783	0.0531716
0.5111	0.469971	0.0689244	0.0541954
0.5242	0.481415	0.0673985	0.0551968
0.5373	0.492096	0.0628972	0.0561645
0.5505	0.50354	0.0718236	0.0570581
0.5636	0.514221	0.0731968	0.0579368
0.5767	0.524902	0.0666356	0.0587948
0.5898	0.535583	0.0567174	0.0596268
0.6029	0.546265	0.0662541	0.0603959
0.616	0.556183	0.0616002	0.0611609
0.6291	0.566864	0.0424504	0.061913
0.6422	0.576782	0.0516057	0.0626481
0.6553	0.587463	0.0580144	0.0633243
0.6684	0.597382	0.043137	0.0639688
0.6815	0.6073	0.0527501	0.0646096
0.6946	0.617218	0.0521397	0.0651871
0.7077	0.627136	0.0294804	0.0658088
0.7208	0.637054	0.0591588	0.0663887
0.734	0.646973	0.0298619	0.0669034
0.7471	0.656128	0.0443577	0.0674635
0.7602	0.665283	0.0454259	0.0679233
0.7733	0.675201	0.0144505	0.0684666
0.7864	0.684357	0.0590062	0.0689112
0.7995	0.693512	0.00804182	0.0693603
0.8126	0.701904	0.0556492	0.0697899
0.8257	0.71106	0.00712629	0.0702131
0.8388	0.720215	0.0445866	0.0706133
0.8519	0.728607	0.0210118	0.0709994
0.865	0.737	0.0268864	0.0713583
0.8781	0.745392	0.0326085	0.0717416
0.8912	0.753784	0.022614	0.0720673
0.9043	0.762177	0.0290227	0.072401
0.9175	0.769806	0.0278782	0.0727388
0.9306	0.778198	0.0186467	0.0730362
0.9437	0.785828	0.0236058	0.0733252
0.9568	0.793457	0.0258183	0.0736065
0.9699	0.801086	0.016129	0.07388
0.983	0.808716	0.0133824	0.0741407
0.9961	0.815582	0.0164341	0.0743889
1.0092	0.823212	0.0236058	0.0746296
1.0223	0.830078	0.0269627	0.0748724
1.0354	0.836945	0.0150609	0.075089
1.0485	0.843811	0.0107884	0.0753086
1.0616	0.850677	0.0162816	0.0755041
1.0747	0.856781	0.0138402	0.075708
1.0878	0.863647	0.0168919	0.0759012
1.101	0.869751	0.0126957	0.0760871
1.1141	0.875854	0.00956769	0.076268
1.1272	0.881958	0.0121617	0.0764375
1.1403	0.888062	0.0155186	0.0765946
1.1534	0.893402	0.0186467	0.0767445
1.1665	0.898743	0.0126195	0.0768934
1.1796	0.904083	0.0113987	0.0770457
1.1927	0.909424	0.00910993	0.0771733
1.2058	0.914764	0.0118565	0.0773057
1.2189	0.920105	0.010941	0.0774237
1.232	0.924683	0.00766035	0.0775511
1.2451	0.92926	0.00361677	0.0776729
1.2582	0.933838	0.00773664	0.0777767
1.2713	0.938416	0.0146031	0.0778803
1.2845	0.94223	0.0081944	0.077986
1.2976	0.946808	0.0103306	0.0780742
1.3107	0.950623	0.00857587	0.0781682
1.3238	0.954437	0.0121617	0.0782571
1.3369	0.958252	0.00560041	0.0783352
1.35	0.961304	-0.00202898	0.0784009
1.3631	0.965118	0.0100255	0.0784804
1.3762	0.96817	0.0157475	0.0785504
1.3893	0.971222	0.0123906	0.0786175
1.4024	0.974274	0.0138402	0.0786694
1.4155	0.976562	0.00102277	0.078736
1.4286	0.979614	0.00170942	0.0787783
1.4417	0.981903	0.0108647	0.0788286
1.4548	0.984192	0.0136876	0.0788743
1.468	0.986481	0.021317	0.0789089
1.4811	0.988007	-0.00271563	0.0789452
1.4942	0.990295	0.004456	0.0789843
1.5073	0.991821	-0.00149493	0.0790046
1.5204	0.993347	0.003159	0.0790309
1.5335	0.994873	0.00346418	0.0790436
1.5466	0.995636	0.000488715	0.079064
1.5597	0.996399	0.000793891	0.079073
1.5728	0.997925	0.000946479	0.0790912
1.5859	0.998688	0.0110936	0.0790881
1.599	0.998688	0.00102277	0.0790937
1.6121	0.999451	-0.00477557	0.0791021
1.6252	0.999451	-0.00271563	0.0790925
1.6384	0.999451	-0.00126605	0.0790823
1.6515	0.999451	-0.00248675	0.0790733
1.6646	0.999451	-0.00324969	0.0790627
1.6777	0.998688	-0.0056148	0.079052
1.6908	0.998688	-0.00347857	0.0790411
1.7039	0.997925	0.00476118	0.0790218
1.717	0.997162	0.00483747	0.0790042
1.7301	0.995636	0.00849958	0.0789845
1.7432	0.994873	0.00972028	0.0789647
1.7563	0.993347	0.00689741	0.0789485
1.7694	0.991821	0.00598188	0.0789248
1.7825	0.990295	0.000336127	0.0789054
1.7956	0.988007	-0.00622515	0.0788744
1.8087	0.986481	0.005753	0.0788542
1.8219	0.984192	0.0110173	0.0788119
1.835	0.981903	0.000565009	0.0787727
1.8481	0.979614	0.00018354	0.0787368
1.8612	0.976562	0.00743146	0.0787217
1.8743	0.974274	-0.00790362	0.0786851
1.8874	0.971222	-0.00897173	0.0786531
1.9005	0.96817	-0.00508074	0.0786125
1.9136	0.965118	-0.00805621	0.0785713
1.9267	0.961304	-0.000731988	0.0785267
1.9398	0.958252	-0.00324969	0.0784783
1.9529	0.954437	-0.000731988	0.0784334
1.966	0.950623	-0.00752215	0.0783768
1.9791	0.946808	-0.00340228	0.0783277
1.9922	0.942993	-0.00096087	0.0782639
2.0054	0.938416	-0.0115657	0.0782079
2.0185	0.933838	-0.00797991	0.0781541
2.0316	0.92926	-0.00477557	0.0780915
2.0447	0.924683	-0.00927691	0.0780133
2.0578	0.920105	-0.00569109	0.0779443
2.0709	0.914764	-0.0102687	0.0778717
2.084	0.909424	0.00148054	0.0777911
2.0971	0.904846	-0.0102687	0.0777281
2.1102	0.898743	0.00231977	0.0776572
2.1233	0.893402	-0.0056148	0.0775919
2.1364	0.888062	-0.0093532	0.0775221
2.1495	0.881958	-0.00721697	0.0774278
2.1626	0.875854	-0.00378375	0.077328
2.1757	0.869751	-0.0093532	0.0772195
2.1889	0.863647	-0.0068355	0.0771074
2.202	0.856781	-0.00523333	0.0769934
2.2151	0.850677	-0.00836138	0.076875
2.2282	0.843811	-0.00721697	0.0767532
2.2413	0.836945	-0.0140834	0.0766196
2.2544	0.830078	-0.0154567	0.0764803
2.2675	0.823212	-0.00340228	0.0763354
2.2806	0.816345	-0.00958209	0.0761915
2.2937	0.808716	-0.0193477	0.0760332
2.3068	0.801086	-0.00973467	0.0758739
2.3199	0.793457	-0.0165248	0.0757078
2.333	0.785828	-0.0113368	0.0755316
2.3461	0.778198	-0.0191951	0.0753442
2.3592	0.770569	-0.0148464	0.0751574
2.3724	0.762177	-0.018127	0.0749469
2.3855	0.753784	-0.014999	0.074734
2.3986	0.745392	-0.0109554	0.0745244
2.4117	0.737	-0.014999	0.0742888
2.4248	0.728607	-0.00851397	0.07405
2.4379	0.720215	-0.0169063	0.0738099
2.451	0.71106	-0.0153041	0.0735453
2.4641	0.702667	-0.0207973	0.0732856
2.4772	0.693512	-0.0205684	0.0729941
2.4903	0.684357	-0.0192714	0.0727208
2.5034	0.675201	-0.0245357	0.0723942
2.5165	0.666046	-0.0243068	0.0720889
2.5296	0.656128	-0.026443	0.0717337
2.5427	0.646973	-0.0325466	0.0714101
2.5559	0.637054	-0.0200344	0.0710328
2.569	0.627136	-0.0439144	0.0706542
2.5821	0.617218	-0.0117946	0.0702691
2.5952	0.6073	-0.0408626	0.0698138
2.6083	0.597382	-0.0376583	0.069444
2.6214	0.587463	-0.0207973	0.0689526
2.6345	0.577545	-0.0595546	0.0684978
2.6476	0.566864	-0.0172115	0.0680164
2.6607	0.556183	-0.0334621	0.0674398
2.6738	0.546265	-0.0628353	0.0669438
2.6869	0.535583	-0.0436855	0.0663922
2.7	0.524902	-0.0365138	0.0657777
2.7131	0.514221	-0.0529933	0.0651637
2.7262	0.50354	-0.059402	0.0645284
2.7394	0.492096	-0.0458217	0.0638561
2.7525	0.481415	-0.0460506	0.0631414
2.7656	0.469971	-0.049789	0.0623958
2.7787	0.45929	-0.0680995	0.0616199
2.7918	0.447845	-0.0688625	0.0608319
2.8049	0.436401	-0.0714565	0.0600189
2.818	0.42572	-0.0712276	0.0591414
2.8311	0.414276	-0.0661159	0.0582549
2.8442	0.402832	-0.0752712	0.057307
2.8573	0.391388	-0.0722194	0.0563396
2.8704	0.379181	-0.0742031	0.0553128
2.8835	0.367737	-0.0841976	0.0542552
2.8966	0.356293	-0.0899959	0.0531442
2.9097	0.344086	-0.0895381	0.0520118
2.9229	0.332642	-0.0838161	0.0507917
2.936	0.320435	-0.0851131	0.0495675
2.9491	0.30899	-0.0848842	0.0482863
2.9622	0.296783	-0.0919033	0.0469848
2.9753	0.284576	-0.0997615	0.0455942
2.9884	0.272369	-0.0946498	0.0441649
3.0015	0.260162	-0.0967861	0.0426697
3.0146	0.248718	-0.102356	0.04116
3.0277	0.236511	-0.108383	0.0395581
3.0408	0.224304	-0.10762	0.0379227
3.0539	0.211334	-0.117691	0.0362158
3.067	0.199127	-0.129898	0.0344798
3.0801	0.18692	-0.154541	0.0326516
3.0932	0.174713	-0.159805	0.0307663
3.1064	0.162506	-0.165603	0.0287919
3.1195	0.149536	-0.164077	0.0268004
3.1326	0.137329	-0.172241	0.0246671
3.1457	0.125122	-0.180938	0.0225481
3.1588	0.112152	-0.182693	0.0203608
3.1719	0.0999451	-0.177505	0.0182073
3.185	0.087738	-0.1772	0.015952
3.1981	0.0747681	-0.169799	0.013717
3.2112	0.062561	-0.169952	0.0114547
3.2243	0.0495911	-0.158737	0.00922358
3.2374	0.037384	-0.156295	0.00693606
3.2505	0.025177	-0.152481	0.004682
3.2636	0.012207	-0.162399	0.00241109
3.2768	0	-0.161178	0.000222774
3.2899	-0.01297	-0.167282	-0.00202037
3.303	-0.025177	-0.154388	-0.00425181
3.3161	-0.038147	-0.14775	-0.00647089
3.3292	-0.050354	-0.146072	-0.00864458
3.3423	-0.063324	-0.146301	-0.0108585
3.3554	-0.075531	-0.150802	-0.0129949
3.3685	-0.088501	-0.146301	-0.0151279
3.3816	-0.100708	-0.154769	-0.017185
3.3947	-0.112915	-0.152328	-0.0193179
3.4078	-0.125885	-0.165603	-0.0213677
3.4209	-0.138092	-0.157516	-0.0233878
3.434	-0.150299	-0.165908	-0.0253696
3.4471	-0.163269	-0.155456	-0.0273385
3.4603	-0.175476	-0.163772	-0.0292762
3.4734	-0.187683	-0.156829	-0.0311664
3.4865	-0.19989	-0.168197	-0.0329894
3.4996	-0.212097	-0.155456	-0.0348263
3.5127	-0.224304	-0.154007	-0.0366224
3.5258	-0.236511	-0.147522	-0.0383743
3.5389	-0.248718	-0.160263	-0.0400801
3.552	-0.260925	-0.155685	-0.0417447
3.5651	-0.273132	-0.161178	-0.0433602
3.5782	-0.285339	-0.15332	-0.0449283
3.5913	-0.297546	-0.153549	-0.0464476
3.6044	-0.30899	-0.145843	-0.0479622
3.6175	-0.321198	-0.149429	-0.0494138
3.6306	-0.333405	-0.137451	-0.050828
3.6438	-0.344849	-0.141342	-0.0522079
3.6569	-0.357056	-0.125091	-0.0535529
3.67	-0.3685	-0.117843	-0.0548368
3.6831	-0.379944	-0.106704	-0.0560949
3.6962	-0.391388	-0.095718	-0.0572893
3.7093	-0.403595	-0.0909877	-0.0585008
3.7224	-0.415039	-0.0874782	-0.0596644
3.7355	-0.426483	-0.0851894	-0.0608055
3.7486	-0.437164	-0.0808406	-0.0618802
3.7617	-0.448608	-0.0803066	-0.0629515
3.7748	-0.460052	-0.0687862	-0.0639681
3.7879	-0.470734	-0.0629116	-0.0649769
3.801	-0.482178	-0.0658107	-0.0659324
3.8141	-0.492859	-0.0765682	-0.0668512
3.8273	-0.504303	-0.0800014	-0.0677511
3.8404	-0.514984	-0.0735164	-0.068606
3.8535	-0.525665	-0.0565029	-0.0694445
3.8666	-0.536346	-0.0587917	-0.0702444
3.8797	-0.547028	-0.0645137	-0.0710168
3.8928	-0.556946	-0.0540615	-0.0717714
3.9059	-0.567627	-0.0423122	-0.0725153
3.919	-0.577545	-0.0566554	-0.0732017
3.9321	-0.588226	-0.0580287	-0.0738535
3.9452	-0.598145	-0.0446773	-0.0745214
3.9583	-0.608063	-0.0537563	-0.0751617
3.9714	-0.617981	-0.0452877	-0.0757439
3.9845	-0.627899	-0.0348354	-0.0763719
3.9976	-0.637817	-0.0648952	-0.0769059
4.0108	-0.647736	-0.0243068	-0.0774571
4.0239	-0.656891	-0.0507045	-0.0779993
4.037	-0.666046	-0.0330043	-0.0784644
4.0501	-0.675964	-0.0262905	-0.079009
4.0632	-0.68512	-0.0476528	-0.0794049
4.0763	-0.694275	-0.0144649	-0.079918
4.0894	-0.702667	-0.0507808	-0.0803112
4.1025	-0.711823	-0.0127864	-0.0807805
4.1156	-0.720978	-0.0432277	-0.081142
4.1287	-0.72937	-0.0192714	-0.0815538
4.1418	-0.737762	-0.0276638	-0.0819142
4.1549	-0.746155	-0.0372768	-0.0822929
4.168	-0.754547	-0.0182033	-0.0826352
4.1811	-0.762939	-0.0273586	-0.0829659
4.1943	-0.770569	-0.0300289	-0.0833114
4.2074	-0.778961	-0.019424	-0.0836092
4.2205	-0.786591	-0.0238491	-0.0839082
4.2336	-0.79422	-0.0260616	-0.0842082
4.2467	-0.801849	-0.0204921	-0.0845005
4.2598	-0.809479	-0.0127101	-0.0847785
4.2729	-0.816345	-0.0137783	-0.0850371
4.286	-0.823975	-0.0257564	-0.0852881
4.2991	-0.830841	-0.0235439	-0.0855188
4.3122	-0.837708	-0.0133205	-0.085746
4.3253	-0.844574	-0.0159145	-0.0859587
4.3384	-0.85144	-0.0201869	-0.0861581
4.3515	-0.857544	-0.0172878	-0.0863761
4.3646	-0.86441	-0.0106502	-0.0865812
4.3778	-0.870514	-0.00981097	-0.0867814
4.3909	-0.876617	-0.00637774	-0.0869681
4.404	-0.882721	-0.00843768	-0.0871508
4.4171	-0.888824	-0.00912432	-0.0873313
4.4302	-0.894165	-0.00920062	-0.0875059
4.4433	-0.899506	-0.0114131	-0.0876683
4.4564	-0.904846	-0.0159145	-0.0878301
4.4695	-0.910187	-0.0102687	-0.087976
4.4826	-0.915527	-0.0101161	-0.0881232
4.4957	-0.920868	-0.0105739	-0.0882654
4.5088	-0.925446	-0.00897173	-0.0883998
4.5219	-0.930023	-0.0056148	-0.0885401
4.535	-0.934601	-0.0127864	-0.0886621
4.5481	-0.939178	-0.014236	-0.088787
4.5613	-0.942993	-0.00889544	-0.0889114
4.5744	-0.947571	-0.0146938	-0.0890155
4.5875	-0.951385	-0.00843768	-0.0891252
4.6006	-0.9552	-0.0131679	-0.0892316
4.6137	-0.959015	-0.00645403	-0.0893284
4.6268	-0.962067	0.000259834	-0.0894139
4.6399	-0.965881	-0.0130153	-0.089508
4.653	-0.968933	-0.0161434	-0.0895973
4.6661	-0.971985	-0.0120235	-0.0896792
4.6792	-0.975037	-0.0130153	-0.089747
4.6923	-0.977325	-0.00195269	-0.0898258
4.7054	-0.980377	-0.00454669	-0.0898955
4.7185	-0.982666	-0.0119472	-0.0899669
4.7316	-0.984955	-0.0143886	-0.0900362
4.7448	-0.987244	-0.0231624	-0.0900921
4.7579	-0.98877	0.00209089	-0.0901449
4.771	-0.991058	-0.00859026	-0.0902098
4.7841	-0.992584	-0.000503106	-0.0902509
4.7972	-0.99411	-0.000655694	-0.0902947
4.8103	-0.995636	-0.00386004	-0.0903276
4.8234	-0.996399	-0.00256304	-0.0903683
4.8365	-0.997162	-0.00233416	-0.0903968
4.8496	-0.998688	0.000259834	-0.0904341
4.8627	-0.999451	-0.0134731	-0.0904525
4.8758	-0.999451	-0.00248675	-0.0904752
4.8889	-1.00021	0.00155683	-0.0905031
4.902	-1.00021	0.00239606	-0.0905148
4.9152	-1.00021	0.000412421	-0.0905255
4.9283	-1.00021	-0.00096087	-0.0905361
4.9414	-1.00021	-0.000503106	-0.090546
4.9545	-0.999451	0.00163312	-0.090556
4.9676	-0.999451	0.000412421	-0.0905649
4.9807	-0.998688	-0.00599627	-0.0905692
4.9938	-0.997925	-0.00538592	-0.0905732
5.0069	-0.996399	-0.0114131	-0.0905742
5.02	-0.995636	-0.0130153	-0.0905743
5.0331	-0.99411	-0.00958209	-0.0905782
5.0462	-0.992584	-0.00981097	-0.0905766
5.0593	-0.991058	-0.00279192	-0.0905779
5.0724	-0.98877	0.00453229	-0.0905647
5.0855	-0.987244	-0.00767474	-0.0905675
5.0987	-0.984955	-0.011108	-0.0905456
5.1118	-0.982666	0.003159	-0.0905248
5.1249	-0.980377	0.000870185	-0.0905091
5.138	-0.977325	-0.00500445	-0.0905158
5.1511	-0.975037	0.00865217	-0.0905016
5.1642	-0.971985	0.00750776	-0.0904909
5.1773	-0.968933	0.0069737	-0.0904737
5.1904	-0.965881	0.00514265	-0.0904528
5.2035	-0.962067	-0.00401263	-0.0904294
5.2166	-0.959015	0.00285383	-0.0904015
5.2297	-0.9552	0.000336127	-0.090379
5.2428	-0.951385	0.00453229	-0.0903425
5.2559	-0.947571	0.00285383	-0.090318
5.269	-0.943756	3.09517e-05	-0.0902746
5.2822	-0.939178	0.00910993	-0.0902401
5.2953	-0.934601	0.00544782	-0.0902054
5.3084	-0.930023	0.00247236	-0.0901624
5.3215	-0.925446	0.00643964	-0.0901054
5.3346	-0.920868	0.00422712	-0.0900619
5.3477	-0.915527	0.00910993	-0.0900052
5.3608	-0.910187	-0.00279192	-0.0899522
5.3739	-0.905609	0.0094914	-0.0898939
5.387	-0.899506	-0.00294451	-0.0898295
5.4001	-0.894165	0.00743146	-0.0897595
5.4132	-0.888824	0.00621076	-0.0896888
5.4263	-0.882721	0.00857587	-0.0896132
5.4394	-0.876617	0.003159	-0.0895326
5.4525	-0.870514	0.00758405	-0.0894495
5.4657	-0.86441	0.00682111	-0.0893602
5.4788	-0.857544	0.00422712	-0.0892668
5.4919	-0.85144	0.00499006	-0.089171
5.505	-0.844574	0.00499006	-0.0890722
5.5181	-0.837708	0.00788923	-0.0889615
5.5312	-0.830841	0.0164341	-0.088842
5.5443	-0.823975	0.0104069	-0.0887139
5.5574	-0.817108	0.00399824	-0.0885891
5.5705	-0.809479	0.0136876	-0.0884637
5.5836	-0.801849	0.0155186	-0.0883175
5.5967	-0.79422	0.015366	-0.0881671
5.6098	-0.786591	0.00910993	-0.0880085
5.6229	-0.778961	0.00918623	-0.0878498
5.636	-0.771332	0.00804182	-0.0876894
5.6492	-0.762939	0.0124669	-0.0875081
5.6623	-0.754547	0.00796552	-0.087321
5.6754	-0.746155	0.0100255	-0.0871317
5.6885	-0.737762	0.00857587	-0.0869178
5.7016	-0.72937	0.00560041	-0.0867068
5.7147	-0.720978	0.0175023	-0.0864851
5.7278	-0.711823	0.0130772	-0.0862506
5.7409	-0.70343	0.0211644	-0.0860083
5.754	-0.694275	0.0176549	-0.0857321
5.7671	-0.68512	0.0242161	-0.0854779
5.7802	-0.675964	0.0163579	-0.0851904
5.7933	-0.666809	0.0232243	-0.0849098
5.8064	-0.656891	0.0186467	-0.0845765
5.8195	-0.647736	0.0391697	-0.084273
5.8327	-0.637817	0.0145268	-0.0839305
5.8458	-0.627899	0.0377202	-0.0835554
5.8589	-0.617981	0.0229191	-0.0832186
5.872	-0.608063	0.024445	-0.0827732
5.8851	-0.598145	0.0510716	-0.0824178
5.8982	-0.588226	0.0118565	-0.0819553
5.9113	-0.578308	0.0568699	-0.081506
5.9244	-0.567627	0.0298619	-0.0810944
5.9375	-0.556946	0.0139164	-0.0805358
5.9506	-0.547028	0.0640416	-0.0800428
5.9637	-0.536346	0.0399327	-0.0795154
5.9768	-0.525665	0.040543	-0.0789537
5.9899	-0.514984	0.0467991	-0.0783419
6.003	-0.504303	0.0614476	-0.0777448
6.0162	-0.492859	0.0530552	-0.07709
6.0293	-0.482178	0.0434422	-0.0764079
6.0424	-0.470734	0.0454259	-0.0757025
6.0555	-0.460052	0.0531315	-0.0749426
6.0686	-0.448608	0.0654149	-0.0741673
6.0817	-0.437164	0.068314	-0.0733488
6.0948	-0.426483	0.0660252	-0.0725187
6.1079	-0.415039	0.0726628	-0.0716361
6.121	-0.403595	0.0734257	-0.0707044
6.1341	-0.392151	0.0722813	-0.0697331
6.1472	-0.379944	0.0789952	-0.0687575
6.1603	-0.3685	0.0895237	-0.0677277
6.1734	-0.357056	0.0937962	-0.0666671
6.1865	-0.344849	0.0977635	-0.0655396
6.1997	-0.333405	0.0924229	-0.0643783
6.2128	-0.321198	0.0984501	-0.0631746
6.2259	-0.309753	0.0930333	-0.0619179
6.239	-0.297546	0.102951	-0.0606093
6.2521	-0.285339	0.0967717	-0.0592674
6.2652	-0.273132	0.100129	-0.0578666
6.2783	-0.260925	0.0937199	-0.0564053
6.2914	-0.249481	0.10112	-0.0548855
6.3045	-0.237274	0.0913548	-0.0533034
6.3176	-0.225067	0.0950169	-0.0516824
6.3307	-0.212097	0.0915074	-0.0499684
6.3438	-0.19989	0.104935	-0.0481916
6.3569	-0.187683	0.10051	-0.0463866
6.37	-0.175476	0.115159	-0.0445109
6.3832	-0.163269	0.117676	-0.0425332
6.3963	-0.150299	0.134308	-0.0404986
6.4094	-0.138092	0.138657	-0.0383891
6.4225	-0.125885	0.168107	-0.036249
6.4356	-0.112915	0.164368	-0.0340698
6.4487	-0.100708	0.171769	-0.0318149
6.4618	-0.088501	0.160477	-0.029588
6.4749	-0.075531	0.165284	-0.0273157
6.488	-0.063324	0.163376	-0.0250312
6.5011	-0.050354	0.161698	-0.0226841
6.5142	-0.038147	0.152008	-0.0203824
6.5273	-0.0259399	0.156434	-0.0180155
6.5404	-0.01297	0.16597	-0.0156711
6.5536	0	0.179398	-0.0133369
6.5667	0.012207	0.178788	-0.0111702
6.5798	0.0244141	0.164902	-0.00886806
6.5929	0.037384	0.159638	-0.00661575
6.606	0.0495911	0.167649	-0.00430637
6.6191	0.062561	0.174668	-0.00211007
6.6322	0.0747681	0.179779	0.000115267
6.6453	0.087738	0.176499	0.00229934
6.6584	0.0999451	0.1736	0.00450917
6.6715	0.112152	0.178788	0.00661709
6.6846	0.125122	0.185807	0.00874855
6.6977	0.137329	0.182831	0.0108244
6.7108	0.149536	0.180771	0.012911
6.7239	0.162506	0.17421	0.0148965
6.7371	0.174713	0.168564	0.0169335
6.7502	0.18692	0.168183	0.0189023
6.7633	0.199127	0.159256	0.020835
6.7764	0.211334	0.158341	0.022671
6.7895	0.223541	0.151551	0.0245151
6.8026	0.235748	0.151169	0.0263011
6.8157	0.247955	0.149949	0.0280803
6.8288	0.260162	0.151627	0.0297599
6.8419	0.272369	0.144608	0.0314353
6.855	0.284576	0.139573	0.0330469
6.8681	0.296783	0.127976	0.0346399
6.8812	0.308228	0.12172	0.0361419
6.8943	0.320435	0.123703	0.0376356
6.9074	0.332642	0.117753	0.0390623
6.9206	0.344086	0.117905	0.0405033
6.9337	0.356293	0.104477	0.0418461
6.9468	0.367737	0.107529	0.043161
6.9599	0.379181	0.103562	0.04444
6.973	0.390625	0.0989079	0.0457004
6.9861	0.402832	0.0943303	0.046881
6.9992	0.414276	0.0886082	0.048049
7.0123	0.42572	0.0867772	0.0491736
7.0254	0.436401	0.0909733	0.0502685
7.0385	0.447845	0.0856328	0.051311
7.0516	0.45929	0.0793004	0.052336
7.0647	0.469971	0.0670933	0.0533491
7.0778	0.481415	0.0606846	0.0543254
7.0909	0.492096	0.058701	0.05527
7.1041	0.50354	0.0741124	0.0561475
7.1172	0.514221	0.0741124	0.0570129
7.1303	0.524902	0.0638127	0.0578554
7.1434	0.535583	0.0546574	0.0586685
7.1565	0.546265	0.0699925	0.0594304
7.1696	0.556183	0.0564885	0.0601769
7.1827	0.566864	0.0396275	0.0609088
7.1958	0.576782	0.0546574	0.0616297
7.2089	0.587463	0.0590062	0.0622988
7.222	0.597382	0.0419163	0.0629296
7.2351	0.6073	0.0510716	0.0635602
7.2482	0.617218	0.0538182	0.064117
7.2613	0.627136	0.0291752	0.0647405
7.2744	0.637054	0.0596165	0.0653016
7.2876	0.646973	0.0288701	0.0658055
7.3007	0.656128	0.0413823	0.0663657
7.3138	0.665283	0.0478673	0.0668068
7.3269	0.675201	0.0129246	0.0673433
7.34	0.684357	0.0622105	0.0677818
7.3531	0.693512	0.00857587	0.0682165
7.3662	0.701904	0.056107	0.068639
7.3793	0.71106	0.00651594	0.0690615
7.3924	0.720215	0.0454259	0.0694454
7.4055	0.728607	0.0181126	0.0698326
7.4186	0.737	0.0294804	0.0701844
7.4317	0.745392	0.0326848	0.0705584
7.4448	0.753784	0.0217747	0.0708757
7.4579	0.762177	0.0292515	0.0712044
7.4711	0.769806	0.0277257	0.0715401
7.4842	0.778198	0.020554	0.0718237
7.4973	0.785828	0.025208	0.0721156
7.5104	0.793457	0.0281071	0.0723888
7.5235	0.801086	0.0150609	0.072661
7.5366	0.808716	0.0147557	0.0729168
7.5497	0.815582	0.018723	0.0731515
7.5628	0.823212	0.0229191	0.073394
7.5759	0.830078	0.0260472	0.0736332
7.589	0.836945	0.0158238	0.0738454
7.6021	0.843811	0.0101018	0.0740611
7.6152	0.850677	0.0173497	0.0742572
7.6283	0.856781	0.0170445	0.0744554
7.6414	0.863647	0.0156712	0.0746433
7.6546	0.869751	0.0130772	0.0748301
7.6677	0.875854	0.0120091	0.0750049
7.6808	0.881958	0.0165867	0.0751725
7.6939	0.888062	0.0150609	0.0753286
7.707	0.893402	0.0146031	0.0754756
7.7201	0.898743	0.0131535	0.0756225
7.7332	0.904083	0.00926252	0.0757685
7.7463	0.909424	0.00682111	0.0758954
7.7594	0.914764	0.0104832	0.0760276
7.7725	0.920105	0.0100255	0.0761412
7.7856	0.924683	0.00750776	0.0762663
7.7987	0.92926	0.00361677	0.0763835
7.8118	0.933838	0.00933881	0.0764857
7.8249	0.938416	0.0119328	0.0765859
7.8381	0.94223	0.00682111	0.0766915
7.8512	0.946808	0.00834699	0.0767796
7.8643	0.950623	0.00460859	0.0768736
7.8774	0.954437	0.0133061	0.0769584
7.8905	0.958252	0.00590559	0.0770362
7.9036	0.961304	-0.00141863	0.0771009
7.9167	0.965118	0.00903364	0.0771801
7.9298	0.96817	0.0143742	0.077245
7.9429	0.971222	0.00926252	0.0773124
7.956	0.974274	0.0132298	0.0773643
7.9691	0.976562	0.00148054	0.0774318
7.9822	0.979614	0.0019383	0.0774722
7.9953	0.981903	0.0105595	0.0775229
8.0084	0.984192	0.0136876	0.0775668
8.0216	0.986481	0.0201726	0.0776014
8.0347	0.988007	-0.00401263	0.0776368
8.0478	0.990295	0.00544782	0.0776768
8.0609	0.991821	-0.00111346	0.0776968
8.074	0.993347	0.00331159	0.0777193
8.0871	0.994873	0.00102277	0.0777338
8.1002	0.995636	0.00178571	0.0777518
8.1133	0.996399	0.00270124	0.0777616
8.1264	0.997925	0.000870185	0.0777781
8.1395	0.998688	0.00895734	0.0777754
8.1526	0.998688	-4.53422e-05	0.0777815
8.1657	0.999451	-0.00546221	0.0777884
8.1788	0.999451	-0.00355486	0.0777791
8.192	0.999451	-0.0018764	0.0777697
8.2051	0.999451	0.000259834	0.0777606
8.2182	0.999451	-0.000503106	0.0777506
8.2313	0.998688	-0.00271563	0.0777384
8.2444	0.998688	-0.00111346	0.0777264
8.2575	0.997925	0.00361677	0.0777097
8.2706	0.997162	0.00476118	0.0776931
8.2837	0.995636	0.00972028	0.0776717
8.2968	0.994873	0.010178	0.0776536
8.3099	0.993347	0.00758405	0.0776367
8.323	0.991821	0.00727888	0.0776133
8.3361	0.990295	0.00117536	0.0775937
8.3492	0.988007	-0.0043941	0.0775629
8.3623	0.986481	0.00758405	0.077541
8.3755	0.984192	0.00941511	0.0774993
8.3886	0.981903	-0.00111346	0.0774605
8.4017	0.979614	0.00239606	0.0774255
8.4148	0.976562	0.00804182	0.0774104
8.4279	0.974274	-0.00706439	0.0773715
8.441	0.971222	-0.00828509	0.0773399
8.4541	0.96817	-0.00584368	0.0772998
8.4672	0.965118	-0.00637774	0.0772579
8.4803	0.961304	0.000870185	0.0772132
8.4934	0.958252	-0.00317339	0.077164
8.5065	0.954437	-0.00210528	0.0771196
8.5196	0.950623	-0.00851397	0.0770627
8.5327	0.946808	-0.00370745	0.0770138
8.5458	0.942993	-0.000808282	0.0769491
8.559	0.938416	-0.0107265	0.0768934
8.5721	0.933838	-0.0069118	0.0768395
8.5852	0.92926	-0.00447039	0.0767775
8.5983	0.924683	-0.00828509	0.0766999
8.6114	0.920105	-0.00660662	0.0766302
8.6245	0.914764	-0.0109554	0.0765568
8.6376	0.909424	-0.000121636	0.076478
8.6507	0.904846	-0.00851397	0.0764005
8.6638	0.898743	-4.53422e-05	0.0763134
8.6769	0.893402	-0.00920062	0.0762248
8.69	0.888062	-0.0100398	0.0761301
8.7031	0.881958	-0.00584368	0.0760363
8.7162	0.875854	-0.00347857	0.0759382
8.7293	0.869751	-0.00843768	0.0758286
8.7425	0.863647	-0.00698809	0.075716
8.7556	0.856781	-0.00424151	0.0756052
8.7687	0.850677	-0.00736956	0.0754851
8.7818	0.843811	-0.00828509	0.0753649
8.7949	0.836945	-0.0139308	0.0752293
8.808	0.830078	-0.014236	0.0750934
8.8211	0.823212	-0.00591998	0.0749482
8.8342	0.816345	-0.0102687	0.0748023
8.8473	0.808716	-0.018127	0.0746455
8.8604	0.801086	-0.0104976	0.0744857
8.8735	0.793457	-0.0166774	0.0743201
8.8866	0.785828	-0.0107265	0.074142
8.8997	0.778198	-0.0166774	0.0739568
8.9128	0.770569	-0.0113368	0.0737726
8.926	0.762177	-0.0141597	0.0735599
8.9391	0.753784	-0.0126338	0.0733464
8.9522	0.745392	-0.0127101	0.0731363
8.9653	0.737	-0.0123287	0.0729006
8.9784	0.728607	-0.00859026	0.0726618
8.9915	0.720215	-0.0201106	0.0724243
9.0046	0.71106	-0.0164485	0.0721625
9.0177	0.702667	-0.0200344	0.0719033
9.0308	0.693512	-0.019424	0.071608
9.0439	0.684357	-0.0240016	0.0713377
9.057	0.675201	-0.0263668	0.0710095
9.0701	0.666046	-0.0252986	0.0707067
9.0832	0.656128	-0.026443	0.0703522
9.0963	0.646973	-0.036285	0.0700279
9.1095	0.637054	-0.0173641	0.0696513
9.1226	0.627136	-0.0415492	0.0692715
9.1357	0.617218	-0.0139308	0.0688833
9.1488	0.6073	-0.0449825	0.0684343
9.1619	0.597382	-0.0369716	0.0680647
9.175	0.587463	-0.0185085	0.0675691
9.1881	0.577545	-0.0622249	0.0671234
9.2012	0.566864	-0.01683	0.0666426
9.2143	0.556183	-0.0366664	0.066064
9.2274	0.546265	-0.0606227	0.0655693
9.2405	0.535583	-0.0432277	0.065015
9.2536	0.524902	-0.0356746	0.0644071
9.2667	0.514221	-0.0552822	0.0637906
9.2798	0.50354	-0.0577236	0.0631604
9.293	0.492096	-0.0465084	0.0624916
9.3061	0.481415	-0.047195	0.0617658
9.3192	0.469971	-0.0478816	0.0610343
9.3323	0.45929	-0.0661159	0.060256
9.3454	0.447845	-0.0698543	0.0594652
9.3585	0.436401	-0.069244	0.0586629
9.3716	0.42572	-0.0728298	0.0577832
9.3847	0.414276	-0.0662685	0.0568914
9.3978	0.402832	-0.0688625	0.0559539
9.4109	0.391388	-0.0733638	0.0549958
9.424	0.379181	-0.0796962	0.0539635
9.4371	0.367737	-0.0873256	0.0528984
9.4502	0.356293	-0.0867916	0.0517945
9.4633	0.344086	-0.0877071	0.0506644
9.4765	0.332642	-0.0867153	0.049449
9.4896	0.320435	-0.0867153	0.048222
9.5027	0.30899	-0.0851894	0.0469382
9.5158	0.296783	-0.0874782	0.0456379
9.5289	0.284576	-0.0964809	0.0442507
9.542	0.272369	-0.0940395	0.0428254
9.5551	0.260162	-0.0954891	0.0413292
9.5682	0.248718	-0.10144	0.0398151
9.5813	0.236511	-0.110672	0.0382187
9.5944	0.224304	-0.114868	0.0365817
9.6075	0.211334	-0.122116	0.0348787
9.6206	0.199127	-0.132339	0.0331551
9.6337	0.18692	-0.153854	0.0313299
9.6468	0.174713	-0.158279	0.0294353
9.66	0.162506	-0.162857	0.0274574
9.6731	0.149536	-0.16362	0.0254733
9.6862	0.137329	-0.173156	0.0233338
9.6993	0.125122	-0.182922	0.021212
9.7124	0.112152	-0.180404	0.0190317
9.7255	0.0999451	-0.174606	0.0168612
9.7386	0.087738	-0.178497	0.0145995
9.7517	0.0747681	-0.17369	0.0123656
9.7648	0.062561	-0.172622	0.0101068
9.7779	0.0495911	-0.160186	0.00787303
9.791	0.037384	-0.15538	0.00557064
9.8041	0.025177	-0.151031	0.00331076
9.8172	0.012207	-0.159881	0.00102004
9.8304	0	-0.162094	-0.00117745
9.8435	-0.01297	-0.171554	-0.00342996
9.8566	-0.025177	-0.158355	-0.0056645
9.8697	-0.038147	-0.14653	-0.00791089
9.8828	-0.050354	-0.147979	-0.0100986
9.8959	-0.063324	-0.151413	-0.0123193
9.909	-0.075531	-0.152175	-0.0144659
9.9221	-0.088501	-0.145538	-0.0166106
9.9352	-0.100708	-0.158737	-0.0186854
9.9483	-0.112915	-0.154922	-0.0208261
9.9614	-0.125885	-0.164383	-0.0228884
9.9745	-0.138092	-0.1595	-0.0249266
9.9876	-0.150299	-0.172393	-0.0269052
10.0007	-0.163269	-0.156677	-0.0288675
10.0139	-0.175476	-0.163543	-0.0308058
10.027	-0.187683	-0.152252	-0.032703
10.0401	-0.19989	-0.161483	-0.0345357
10.0532	-0.212097	-0.149505	-0.036385
10.0663	-0.224304	-0.152252	-0.0381819
10.0794	-0.236511	-0.145614	-0.0399367
10.0925	-0.248718	-0.156753	-0.0416515
10.1056	-0.260925	-0.152862	-0.0433064
10.1187	-0.273132	-0.158355	-0.044922
10.1318	-0.285339	-0.151565	-0.0464874
10.1449	-0.297546	-0.153701	-0.048006
10.158	-0.30899	-0.146072	-0.0495196
10.1711	-0.321198	-0.149353	-0.0509693
10.1842	-0.333405	-0.136993	-0.0523828
10.1974	-0.344849	-0.139511	-0.0537606
10.2105	-0.357056	-0.126312	-0.0551093
10.2236	-0.3685	-0.122421	-0.0563888
10.2367	-0.379944	-0.108383	-0.0576493
10.2498	-0.391388	-0.094421	-0.0588367
10.2629	-0.403595	-0.0886989	-0.0600523
10.276	-0.415039	-0.0877834	-0.0612044
10.2891	-0.426483	-0.0839687	-0.0623389
10.3022	-0.437164	-0.082748	-0.0634122
10.3153	-0.448608	-0.0790859	-0.0644854
10.3284	-0.460052	-0.0655055	-0.0654923
10.3415	-0.470734	-0.0629116	-0.0664971
10.3546	-0.482178	-0.0662685	-0.0674521
10.3677	-0.492859	-0.0742794	-0.0683715
10.3809	-0.504303	-0.076263	-0.0692681
10.394	-0.514984	-0.0701595	-0.0701111
10.4071	-0.525665	-0.0586391	-0.0709494
10.4202	-0.536346	-0.0605464	-0.0717501
10.4333	-0.547028	-0.0639797	-0.0725185
10.4464	-0.556946	-0.0531459	-0.0732692
10.4595	-0.567627	-0.0415492	-0.0740077
10.4726	-0.577545	-0.0576473	-0.0746994
10.4857	-0.588226	-0.0597072	-0.0753374
10.4988	-0.598145	-0.0448299	-0.076012
10.5119	-0.608063	-0.0543666	-0.0766427
10.525	-0.617981	-0.0439907	-0.0772258
10.5381	-0.627899	-0.0341487	-0.0778501
10.5512	-0.637817	-0.0655055	-0.0783865
10.5644	-0.647736	-0.0207973	-0.0789315
10.5775	-0.656891	-0.0510097	-0.0794752
10.5906	-0.666046	-0.0319362	-0.0799356
10.6037	-0.675964	-0.0271297	-0.0804776
10.6168	-0.68512	-0.0476528	-0.0808766
10.6299	-0.694275	-0.0166774	-0.0813812
10.643	-0.702667	-0.0519252	-0.0817755
10.6561	-0.711823	-0.0105739	-0.0822408
10.6692	-0.720978	-0.0449062	-0.0826055
10.6823	-0.72937	-0.0204158	-0.0830148
10.6954	-0.737762	-0.0260616	-0.0833675
10.7085	-0.746155	-0.0355983	-0.0837525
10.7216	-0.754547	-0.0201106	-0.0840913
10.7347	-0.762939	-0.0314784	-0.0844178
10.7479	-0.770569	-0.0271297	-0.084761
10.761	-0.778961	-0.0184322	-0.0850639
10.7741	-0.786591	-0.0245357	-0.0853609
10.7872	-0.79422	-0.0265956	-0.085659
10.8003	-0.801849	-0.0206447	-0.0859474
10.8134	-0.809479	-0.0119472	-0.0862248
10.8265	-0.816345	-0.0159908	-0.0864815
10.8396	-0.823975	-0.0269008	-0.086731
10.8527	-0.830841	-0.026443	-0.086975
10.8658	-0.837708	-0.0175167	-0.0872181
10.8789	-0.844574	-0.0163722	-0.0874568
10.892	-0.85144	-0.0207973	-0.087668
10.9051	-0.857544	-0.0164485	-0.0878858
10.9182	-0.86441	-0.0139308	-0.0880903
10.9314	-0.870514	-0.0104976	-0.088286
10.9445	-0.876617	-0.00744586	-0.0884743
10.9576	-0.882721	-0.0108791	-0.0886593
10.9707	-0.888824	-0.0110317	-0.088839
10.9838	-0.894165	-0.0133205	-0.089011
10.9969	-0.899506	-0.0146175	-0.0891758
11.01	-0.904846	-0.0177455	-0.0893348
11.0231	-0.910187	-0.011108	-0.0894806
11.0362	-0.915527	-0.0113368	-0.089629
11.0493	-0.920868	-0.0117183	-0.0897692
11.0624	-0.925446	-0.00843768	-0.089907
11.0755	-0.930023	-0.00569109	-0.0900427
11.0886	-0.934601	-0.0110317	-0.0901653
11.1017	-0.939178	-0.014236	-0.0902872
11.1149	-0.942993	-0.00843768	-0.090411
11.128	-0.947571	-0.0102687	-0.0905187
11.1411	-0.951385	-0.00660662	-0.090626
11.1542	-0.9552	-0.0135494	-0.0907327
11.1673	-0.959015	-0.00637774	-0.0908291
11.1804	-0.962067	0.000946479	-0.0909135
11.1935	-0.965881	-0.0147701	-0.0910068
11.2066	-0.968933	-0.0146938	-0.0910945
11.2197	-0.971985	-0.0130916	-0.0911791
11.2328	-0.975037	-0.0138545	-0.0912461
11.2459	-0.977325	-0.00202898	-0.0913264
11.259	-0.980377	-0.00447039	-0.0913937
11.2721	-0.982666	-0.0120998	-0.0914667
11.2852	-0.984955	-0.0149227	-0.0915356
11.2984	-0.987244	-0.0232387	-0.0915906
11.3115	-0.98877	0.000870185	-0.091641
11.3246	-0.991058	-0.00782732	-0.0917075
11.3377	-0.992584	-0.0018764	-0.0917473
11.3508	-0.99411	-0.00386004	-0.091791
11.3639	-0.995636	-0.00386004	-0.0918233
11.377	-0.996399	-0.00378375	-0.0918656
11.3901	-0.997162	-0.00370745	-0.091894
11.4032	-0.998688	-0.00118975	-0.0919291
11.4163	-0.999451	-0.0113368	-0.0919475
11.4294	-0.999451	-0.000655694	-0.0919721
11.4425	-1.00021	0.00216718	-0.0919984
11.4556	-1.00021	0.00186201	-0.0920112
11.4688	-1.00021	-0.00126605	-0.0920216
11.4819	-1.00021	0.000259834	-0.0920314
11.495	-1.00021	-0.00096087	-0.0920439
11.5081	-0.999451	0.00224348	-0.0920523
11.5212	-0.999451	-0.000731988	-0.0920614
11.5343	-0.998688	-0.00630145	-0.092065
11.5474	-0.997925	-0.00607256	-0.0920698
11.5605	-0.996399	-0.0109554	-0.0920706
11.5736	-0.995636	-0.0131679	-0.0920707
11.5867	-0.99411	-0.00920062	-0.092075
11.5998	-0.992584	-0.00881915	-0.0920724
11.6129	-0.991058	-0.00241045	-0.0920741
11.626	-0.98877	0.00499006	-0.0920601
11.6391	-0.987244	-0.00645403	-0.0920617
11.6523	-0.984955	-0.00965838	-0.0920399
11.6654	-0.982666	0.00285383	-0.0920191
11.6785	-0.980377	-0.000350518	-0.0920035
11.6916	-0.977325	-0.00721697	-0.0920102
11.7047	-0.975037	0.00636335	-0.0919952
11.7178	-0.971985	0.00666852	-0.0919838
11.7309	-0.968933	0.00384565	-0.091967
11.744	-0.965881	0.00521894	-0.0919464
11.7571	-0.962067	-0.00370745	-0.0919239
11.7702	-0.959015	0.00216718	-0.0918962
11.7833	-0.9552	0.00148054	-0.0918736
11.7964	-0.951385	0.00651594	-0.0918365
11.8095	-0.947571	0.00109907	-0.0918114
11.8226	-0.943756	0.000107246	-0.0917686
11.8358	-0.939178	0.00972028	-0.0917334
11.8489	-0.934601	0.00651594	-0.0917007
11.862	-0.930023	0.00529523	-0.0916584
11.8751	-0.925446	0.00636335	-0.0916015
11.8882	-0.920868	0.00422712	-0.0915582
11.9013	-0.915527	0.0104832	-0.0915001
11.9144	-0.910187	-0.0018764	-0.0914474
11.9275	-0.905609	0.00849958	-0.091389
11.9406	-0.899506	-0.00378375	-0.0913244
11.9537	-0.894165	0.0056767	-0.0912562
11.9668	-0.888824	0.00682111	-0.0911837
11.9799	-0.882721	0.00727888	-0.0911087
11.993	-0.876617	0.00376936	-0.0910282
12.0061	-0.870514	0.00643964	-0.0909447
12.0193	-0.86441	0.00865217	-0.0908611
12.0324	-0.857544	0.00636335	-0.0907628
12.0455	-0.85144	0.00354047	-0.0906698
12.0586	-0.844574	0.00727888	-0.0905698
12.0717	-0.837708	0.00865217	-0.0904578
12.0848	-0.830841	0.0171971	-0.0903385
12.0979	-0.823975	0.0100255	-0.0902128
12.111	-0.817108	0.00430341	-0.090087
12.1241	-0.809479	0.0129246	-0.0899626
12.1372	-0.801849	0.012772	-0.0898193
12.1503	-0.79422	0.014069	-0.0896738
12.1634	-0.786591	0.0119328	-0.0895135
12.1765	-0.778961	0.0131535	-0.0893541
12.1896	-0.771332	0.0120091	-0.0891912
12.2028	-0.762939	0.0176549	-0.0890097
12.2159	-0.754547	0.0104069	-0.0888242
12.229	-0.746155	0.0142979	-0.0886342
12.2421	-0.737762	0.0162053	-0.0884184
12.2552	-0.72937	0.0126195	-0.08821
12.2683	-0.720978	0.020554	-0.0879905
12.2814	-0.711823	0.01796	-0.0877553
12.2945	-0.70343	0.0242161	-0.087515
12.3076	-0.694275	0.0183415	-0.0872422
12.3207	-0.68512	0.0252842	-0.0869843
12.3338	-0.675964	0.0176549	-0.0866977
12.3469	-0.666809	0.0254368	-0.0864168
12.36	-0.656891	0.0178074	-0.0860813
12.3731	-0.647736	0.0397038	-0.0857795
12.3863	-0.637817	0.0181126	-0.08544
12.3994	-0.627899	0.0400853	-0.0850631
12.4125	-0.617981	0.0230717	-0.0847335
12.4256	-0.608063	0.0233006	-0.0842797
12.4387	-0.598145	0.0512242	-0.0839271
12.4518	-0.588226	0.0124669	-0.0834684
12.4649	-0.578308	0.0556492	-0.0830125
12.478	-0.567627	0.0319218	-0.0826029
12.4911	-0.556946	0.0183415	-0.0820444
12.5042	-0.547028	0.063126	-0.0815608
12.5173	-0.536346	0.04184	-0.0810252
12.5304	-0.525665	0.0389409	-0.0804667
12.5435	-0.514984	0.0480198	-0.0798598
12.5566	-0.504303	0.0644993	-0.0792562
12.5698	-0.492859	0.0536656	-0.0786045
12.5829	-0.482178	0.0410771	-0.0779216
12.596	-0.470734	0.045197	-0.0772173
12.6091	-0.460052	0.0518345	-0.0764598
12.6222	-0.448608	0.066483	-0.0756901
12.6353	-0.437164	0.0660252	-0.0748731
12.6484	-0.426483	0.0685429	-0.0740408
12.6615	-0.415039	0.0710606	-0.0731545
12.6746	-0.403595	0.0701451	-0.0722282
12.6877	-0.392151	0.073502	-0.071262
12.7008	-0.379944	0.0809788	-0.0702859
12.7139	-0.3685	0.0866246	-0.0692537
12.727	-0.357056	0.092957	-0.0681967
12.7401	-0.344849	0.096848	-0.0670764
12.7533	-0.333405	0.093491	-0.0659137
12.7664	-0.321198	0.102494	-0.064705
12.7795	-0.309753	0.0945591	-0.0634438
12.7926	-0.297546	0.103104	-0.0621314
12.8057	-0.285339	0.0979161	-0.060795
12.8188	-0.273132	0.0979924	-0.0594027
12.8319	-0.260925	0.0921177	-0.057938
12.845	-0.249481	0.0985264	-0.0564232
12.8581	-0.237274	0.0875401	-0.0548436
12.8712	-0.225067	0.0910496	-0.0532276
12.8843	-0.212097	0.0887608	-0.051518
12.8974	-0.19989	0.101654	-0.0497368
12.9105	-0.187683	0.0961613	-0.0479221
12.9236	-0.175476	0.11287	-0.0460498
12.9368	-0.163269	0.116837	-0.0440809
12.9499	-0.150299	0.136139	-0.0420507
12.963	-0.138092	0.138428	-0.0399463
12.9761	-0.125885	0.166657	-0.037796
12.9892	-0.112915	0.167191	-0.0356149
13.0023	-0.100708	0.174973	-0.0333678
13.0154	-0.088501	0.158951	-0.0311397
13.0285	-0.075531	0.163376	-0.0288597
13.0416	-0.063324	0.162461	-0.026581
13.0547	-0.050354	0.16124	-0.0242517
13.0678	-0.038147	0.151932	-0.0219669
13.0809	-0.0259399	0.153611	-0.0196264
13.094	-0.01297	0.160401	-0.0172947
