0	0	-0.00550012	0
0.0131	0.012207	-0.15763	-0.00307872
0.0262	0.0244141	0.192177	-0.00283736
0.0393	0.037384	0.0179984	-0.00189447
0.0524	0.0495911	0.0764396	-0.00103511
0.0655	0.062561	0.123894	4.38941e-05
0.0786	0.0747681	0.105126	0.001219
0.0917	0.087738	0.0784232	0.0023689
0.1048	0.0999451	0.0810935	0.00354525
0.1179	0.112152	0.0691917	0.00457448
0.131	0.125122	0.0911643	0.00576925
0.1441	0.137329	0.10711	0.00701242
0.1572	0.149536	0.104516	0.00830723
0.1703	0.162506	0.0932242	0.00954954
0.1835	0.174713	0.0934531	0.0108349
0.1966	0.18692	0.0882651	0.0121138
0.2097	0.199127	0.0808646	0.0133895
0.2228	0.211334	0.0810172	0.0146345
0.2359	0.223541	0.0863578	0.0159288
0.249	0.235748	0.0942924	0.0172238
0.2621	0.247955	0.0900199	0.0185585
0.2752	0.260162	0.0902488	0.0198502
0.2883	0.272369	0.0851371	0.0211626
0.3014	0.284576	0.0897147	0.0224472
0.3145	0.296783	0.0854423	0.0237434
0.3276	0.308228	0.0875785	0.0249898
0.3407	0.320435	0.0982597	0.0262553
0.3538	0.332642	0.0981071	0.0274958
0.367	0.344086	0.10505	0.0287549
0.3801	0.356293	0.0960471	0.0299463
0.3932	0.367737	0.0965049	0.0311435
0.4063	0.379181	0.0959708	0.0323156
0.4194	0.390625	0.0901725	0.0334811
0.4325	0.402832	0.0854423	0.0345836
0.4456	0.414276	0.084603	0.035699
0.4587	0.42572	0.0828483	0.03678
0.4718	0.436401	0.0875022	0.0378581
0.4849	0.447845	0.0851371	0.0388946
0.498	0.45929	0.0783469	0.0399131
0.5111	0.469971	0.0707175	0.0409468
0.5242	0.481415	0.0718619	0.0419704
0.5373	0.492096	0.062783	0.0429683
0.5505	0.50354	0.0730064	0.0439049
0.5636	0.514221	0.0803306	0.0448347
0.5767	0.524902	0.0714042	0.0457512
0.5898	0.535583	0.0687339	0.0466756
0.6029	0.546265	0.0720145	0.0475271
0.616	0.556183	0.0642326	0.0483722
0.6291	0.566864	0.0522544	0.0492275
0.6422	0.576782	0.0596549	0.0500679
0.6553	0.587463	0.0654533	0.0508673
0.6684	0.597382	0.0545432	0.0516278
0.6815	0.6073	0.0661399	0.0523946
0.6946	0.617218	0.0569083	0.0530956
0.7077	0.627136	0.0471427	0.053848
0.7208	0.637054	0.0703361	0.0545734
0.734	0.646973	0.0357749	0.0552293
0.7471	0.656128	0.0617911	0.0559113
0.7602	0.665283	0.0479819	0.0565352
0.7733	0.675201	0.0397422	0.0572147
0.7864	0.684357	0.0587394	0.0577986
0.7995	0.693512	0.0340201	0.0584254
0.8126	0.701904	0.050347	0.0589336
0.8257	0.71106	0.0362327	0.0595853
0.8388	0.720215	0.0402762	0.0600462
0.8519	0.728607	0.0471427	0.0606523
0.865	0.737	0.0187614	0.0611022
0.8781	0.745392	0.0636222	0.0616505
0.8912	0.753784	0.0160148	0.0621236
0.9043	0.762177	0.048516	0.0625616
0.9175	0.769806	0.0373771	0.0630777
0.9306	0.778198	0.0236442	0.0634904
0.9437	0.785828	0.0360038	0.0639034
0.9568	0.793457	0.0377585	0.0643262
0.9699	0.801086	0.0263908	0.0647246
0.983	0.808716	0.0212791	0.0651009
0.9961	0.815582	0.0310447	0.0654612
1.0092	0.823212	0.0338676	0.0658211
1.0223	0.830078	0.0384452	0.0661923
1.0354	0.836945	0.0227286	0.0665162
1.0485	0.843811	0.0231864	0.0668506
1.0616	0.850677	0.0208976	0.0671401
1.0747	0.856781	0.0167014	0.0674613
1.0878	0.863647	0.0262382	0.0677399
1.101	0.869751	0.0208976	0.0680257
1.1141	0.875854	0.0218131	0.0683025
1.1272	0.881958	0.0216605	0.0685603
1.1403	0.888062	0.0199821	0.0688071
1.1534	0.893402	0.0189902	0.0690439
1.1665	0.898743	0.015023	0.069277
1.1796	0.904083	0.0128104	0.0695113
1.1927	0.909424	0.0113608	0.0697215
1.2058	0.914764	0.0218131	0.0699225
1.2189	0.920105	0.0175407	0.0701083
1.232	0.924683	0.010369	0.0703107
1.2451	0.92926	0.00922461	0.0705042
1.2582	0.933838	0.0119712	0.0706711
1.2713	0.938416	0.0208976	0.0708279
1.2845	0.94223	0.0122001	0.0709955
1.2976	0.946808	0.015557	0.0711396
1.3107	0.950623	0.0157096	0.0712887
1.3238	0.954437	0.0161674	0.07143
1.3369	0.958252	0.0105979	0.071558
1.35	0.961304	-0.000922481	0.0716743
1.3631	0.965118	0.010369	0.0718061
1.3762	0.96817	0.0187614	0.0719053
1.3893	0.971222	0.0157096	0.0720163
1.4024	0.974274	0.0178458	0.0721056
1.4155	0.976562	0.00342627	0.0722128
1.4286	0.979614	-0.000922481	0.0722992
1.4417	0.981903	0.0158622	0.072378
1.4548	0.984192	0.00869056	0.0724485
1.468	0.986481	0.0154044	0.0725075
1.4811	0.988007	-0.00801782	0.0725902
1.4942	0.990295	0.0183799	0.0726479
1.5073	0.991821	-0.00244836	0.0727011
1.5204	0.993347	0.0104453	0.0727409
1.5335	0.994873	0.00373145	0.072775
1.5466	0.995636	-0.00122766	0.0728117
1.5597	0.996399	-0.00382165	0.0728329
1.5728	0.997925	0.00678321	0.0728745
1.5859	0.998688	0.0153281	0.0728746
1.599	0.998688	-0.00427941	0.072898
1.6121	0.999451	-0.00275354	0.0729183
1.6252	0.999451	0.00235816	0.0729105
1.6384	0.999451	0.000984868	0.0729033
1.6515	0.999451	0.000298222	0.0728974
1.6646	0.999451	-0.000769893	0.0728923
1.6777	0.998688	-0.000388423	0.0728858
1.6908	0.998688	0.00403663	0.0728748
1.7039	0.997925	0.00289222	0.0728546
1.717	0.997162	-0.0082467	0.0728462
1.7301	0.995636	0.00907203	0.0728286
1.7432	0.994873	0.00342627	0.0728044
1.7563	0.993347	-0.0045083	0.0727943
1.7694	0.991821	0.000603398	0.0727741
1.7825	0.990295	0.00235816	0.0727573
1.7956	0.988007	-0.0138162	0.0727181
1.8087	0.986481	0.0138785	0.0726979
1.8219	0.984192	-0.000312129	0.0726393
1.835	0.981903	-0.0303719	0.0726202
1.8481	0.979614	-0.0125955	0.0725953
1.8612	0.976562	0.00640174	0.0725661
1.8743	0.974274	-0.00611047	0.0725133
1.8874	0.971222	-0.0106881	0.0724743
1.9005	0.96817	-0.00557641	0.0724249
1.9136	0.965118	-0.00633935	0.072375
1.9267	0.961304	-0.00107507	0.0723153
1.9398	0.958252	-0.00801782	0.072254
1.9529	0.954437	0.000908574	0.0721992
1.966	0.950623	-0.0115273	0.0721294
1.9791	0.946808	0.00045081	0.0720579
1.9922	0.942993	-0.00672082	0.071986
2.0054	0.938416	-0.00939111	0.071904
2.0185	0.933838	-0.00244836	0.0718286
2.0316	0.92926	-0.00725488	0.0717467
2.0447	0.924683	-0.014808	0.0716453
2.0578	0.920105	-0.00855188	0.07154
2.0709	0.914764	-0.00717858	0.071447
2.084	0.909424	-0.0082467	0.0713345
2.0971	0.904846	-0.0125955	0.0712263
2.1102	0.898743	-0.00672082	0.0711002
2.1233	0.893402	-0.0069497	0.070975
2.1364	0.888062	-0.00900964	0.0708404
2.1495	0.881958	-0.00961999	0.070701
2.1626	0.875854	-0.00931481	0.0705508
2.1757	0.869751	-0.0132058	0.0703906
2.1889	0.863647	-0.0129769	0.0702258
2.202	0.856781	-0.0108407	0.0700586
2.2151	0.850677	-0.0117562	0.0698814
2.2282	0.843811	-0.0100778	0.0697021
2.2413	0.836945	-0.0164102	0.0695093
2.2544	0.830078	-0.0245736	0.0693163
2.2675	0.823212	-0.0195382	0.0690821
2.2806	0.816345	-0.0170968	0.0688508
2.2937	0.808716	-0.0219796	0.0686206
2.3068	0.801086	-0.0175546	0.0683828
2.3199	0.793457	-0.0195382	0.0681254
2.333	0.785828	-0.0172494	0.0678465
2.3461	0.778198	-0.0242684	0.0675631
2.3592	0.770569	-0.0212167	0.0672822
2.3724	0.762177	-0.0327371	0.066957
2.3855	0.753784	-0.0262521	0.066634
2.3986	0.745392	-0.0209878	0.066312
2.4117	0.737	-0.0335763	0.0659456
2.4248	0.728607	-0.0197671	0.0655742
2.4379	0.720215	-0.0389169	0.0652204
2.451	0.71106	-0.023124	0.0647979
2.4641	0.702667	-0.0294564	0.0644158
2.4772	0.693512	-0.041816	0.063946
2.4903	0.684357	-0.0259469	0.0635637
2.5034	0.675201	-0.0536416	0.0630506
2.5165	0.666046	-0.014045	0.0626078
2.5296	0.656128	-0.0653909	0.0620585
2.5427	0.646973	-0.021293	0.0616105
2.5559	0.637054	-0.0540231	0.06101
2.569	0.627136	-0.034797	0.0605263
2.5821	0.617218	-0.0400613	0.0598791
2.5952	0.6073	-0.0595925	0.0593402
2.6083	0.597382	-0.0351022	0.0587176
2.6214	0.587463	-0.0531075	0.0580947
2.6345	0.577545	-0.0552438	0.0574546
2.6476	0.566864	-0.0380776	0.0567605
2.6607	0.556183	-0.0566934	0.056046
2.6738	0.546265	-0.063102	0.0553482
2.6869	0.535583	-0.0639413	0.0546346
2.7	0.524902	-0.054252	0.0538458
2.7131	0.514221	-0.062568	0.0530778
2.7262	0.50354	-0.0694344	0.0522809
2.7394	0.492096	-0.0559304	0.0514587
2.7525	0.481415	-0.0576852	0.0505845
2.7656	0.469971	-0.0595925	0.0497159
2.7787	0.45929	-0.0778268	0.0488092
2.7918	0.447845	-0.0775216	0.0479013
2.8049	0.436401	-0.0793527	0.0469899
2.818	0.42572	-0.0801156	0.0460108
2.8311	0.414276	-0.0761483	0.0450333
2.8442	0.402832	-0.0767587	0.0440229
2.8573	0.391388	-0.0772927	0.0430098
2.8704	0.379181	-0.0793527	0.0419342
2.8835	0.367737	-0.0874398	0.0408454
2.8966	0.356293	-0.0907205	0.0397214
2.9097	0.344086	-0.0883553	0.0385928
2.9229	0.332642	-0.0866769	0.0374014
2.936	0.320435	-0.0856088	0.0362203
2.9491	0.30899	-0.0824044	0.034995
2.9622	0.296783	-0.0891946	0.0337752
2.9753	0.284576	-0.0970528	0.0324827
2.9884	0.272369	-0.0891946	0.0311746
3.0015	0.260162	-0.0828622	0.0298378
3.0146	0.248718	-0.0830148	0.0284926
3.0277	0.236511	-0.0901864	0.0270958
3.0408	0.224304	-0.0891946	0.0256965
3.0539	0.211334	-0.0933907	0.0242571
3.067	0.199127	-0.0918649	0.0228155
3.0801	0.18692	-0.103462	0.0213277
3.0932	0.174713	-0.099952	0.0198193
3.1064	0.162506	-0.0946877	0.0182956
3.1195	0.149536	-0.0920937	0.0168034
3.1326	0.137329	-0.0933907	0.0152469
3.1457	0.125122	-0.0952981	0.013728
3.1588	0.112152	-0.0966714	0.0121892
3.1719	0.0999451	-0.0952981	0.0106843
3.185	0.087738	-0.0937722	0.00913547
3.1981	0.0747681	-0.0933907	0.00761276
3.2112	0.062561	-0.087745	0.00606681
3.2243	0.0495911	-0.0882028	0.00456672
3.2374	0.037384	-0.0909493	0.00301737
3.2505	0.025177	-0.0915597	0.00150231
3.2636	0.012207	-0.0976632	-4.64732e-05
3.2768	0	-0.105293	-0.00154991
3.2899	-0.01297	-0.115821	-0.00309868
3.303	-0.025177	-0.113838	-0.00462338
3.3161	-0.038147	-0.112769	-0.00614153
3.3292	-0.050354	-0.120094	-0.00762499
3.3423	-0.063324	-0.130012	-0.00915183
3.3554	-0.075531	-0.138557	-0.0106443
3.3685	-0.088501	-0.136268	-0.0121401
3.3816	-0.100708	-0.142066	-0.0135909
3.3947	-0.112915	-0.142066	-0.0151006
3.4078	-0.125885	-0.146797	-0.01658
3.4209	-0.138092	-0.143287	-0.0180507
3.434	-0.150299	-0.150611	-0.0194993
3.4471	-0.163269	-0.13932	-0.020935
3.4603	-0.175476	-0.146644	-0.0223743
3.4734	-0.187683	-0.132072	-0.0237965
3.4865	-0.19989	-0.135352	-0.025173
3.4996	-0.212097	-0.121467	-0.0265812
3.5127	-0.224304	-0.120246	-0.0279561
3.5258	-0.236511	-0.110481	-0.0293126
3.5389	-0.248718	-0.112235	-0.0306575
3.552	-0.260925	-0.105445	-0.0319855
3.5651	-0.273132	-0.110328	-0.0332891
3.5782	-0.285339	-0.104377	-0.0345708
3.5913	-0.297546	-0.105598	-0.0358178
3.6044	-0.30899	-0.106971	-0.0370825
3.6175	-0.321198	-0.117652	-0.0383245
3.6306	-0.333405	-0.111015	-0.0395536
3.6438	-0.344849	-0.115363	-0.0407582
3.6569	-0.357056	-0.101783	-0.0419501
3.67	-0.3685	-0.0972817	-0.0430916
3.6831	-0.379944	-0.0914834	-0.0442348
3.6962	-0.391388	-0.0824044	-0.0453387
3.7093	-0.403595	-0.0822518	-0.0464688
3.7224	-0.415039	-0.0815652	-0.0475651
3.7355	-0.426483	-0.0830148	-0.0486517
3.7486	-0.437164	-0.0796578	-0.049699
3.7617	-0.448608	-0.0751565	-0.0507448
3.7748	-0.460052	-0.0654672	-0.0517453
3.7879	-0.470734	-0.0661538	-0.0527575
3.801	-0.482178	-0.0668404	-0.0537394
3.8141	-0.492859	-0.0770638	-0.0546968
3.8273	-0.504303	-0.0852273	-0.0556422
3.8404	-0.514984	-0.0767587	-0.0565366
3.8535	-0.525665	-0.0649331	-0.0574444
3.8666	-0.536346	-0.0639413	-0.0583125
3.8797	-0.547028	-0.0685952	-0.0591668
3.8928	-0.556946	-0.0604318	-0.0600091
3.9059	-0.567627	-0.051658	-0.0608584
3.919	-0.577545	-0.0596688	-0.0616378
3.9321	-0.588226	-0.0653909	-0.062379
3.9452	-0.598145	-0.0572274	-0.0631735
3.9583	-0.608063	-0.0618051	-0.0639219
3.9714	-0.617981	-0.0439523	-0.0646236
3.9845	-0.627899	-0.0553964	-0.0653687
3.9976	-0.637817	-0.0698922	-0.066037
4.0108	-0.647736	-0.0356362	-0.0667183
4.0239	-0.656891	-0.0604318	-0.0673715
4.037	-0.666046	-0.0355599	-0.0679925
4.0501	-0.675964	-0.0496743	-0.068639
4.0632	-0.68512	-0.0434182	-0.06918
4.0763	-0.694275	-0.045173	-0.06982
4.0894	-0.702667	-0.0372384	-0.0703351
4.1025	-0.711823	-0.0511239	-0.0709659
4.1156	-0.720978	-0.0245736	-0.071414
4.1287	-0.72937	-0.0568459	-0.0719904
4.1418	-0.737762	-0.00733117	-0.0724593
4.1549	-0.746155	-0.06829	-0.0729508
4.168	-0.754547	-0.016105	-0.0734529
4.1811	-0.762939	-0.0416634	-0.0738527
4.1943	-0.770569	-0.0433419	-0.0743551
4.2074	-0.778961	-0.019996	-0.0747602
4.2205	-0.786591	-0.0299142	-0.0751683
4.2336	-0.79422	-0.0428842	-0.0755818
4.2467	-0.801849	-0.0277017	-0.0759977
4.2598	-0.809479	-0.0241921	-0.0763823
4.2729	-0.816345	-0.024421	-0.0767251
4.286	-0.823975	-0.0315926	-0.077089
4.2991	-0.830841	-0.0358651	-0.0774362
4.3122	-0.837708	-0.0253365	-0.0777875
4.3253	-0.844574	-0.0285409	-0.0781131
4.3384	-0.85144	-0.0219796	-0.0784148
4.3515	-0.857544	-0.0193856	-0.0787288
4.3646	-0.86441	-0.0242684	-0.0790093
4.3778	-0.870514	-0.0164864	-0.0792938
4.3909	-0.876617	-0.0194619	-0.079558
4.404	-0.882721	-0.0163339	-0.0798232
4.4171	-0.888824	-0.0196908	-0.0800775
4.4302	-0.894165	-0.0200723	-0.0803175
4.4433	-0.899506	-0.0190804	-0.0805547
4.4564	-0.904846	-0.0195382	-0.0807808
4.4695	-0.910187	-0.00923852	-0.0809967
4.4826	-0.915527	-0.019233	-0.0812107
4.4957	-0.920868	-0.0215981	-0.0813983
4.5088	-0.925446	-0.00801782	-0.0815893
4.5219	-0.930023	-0.00961999	-0.0818004
4.535	-0.934601	-0.0156472	-0.0819662
4.5481	-0.939178	-0.0201486	-0.082133
4.5613	-0.942993	-0.0116036	-0.0823037
4.5744	-0.947571	-0.0178597	-0.0824542
4.5875	-0.951385	-0.0154183	-0.0826073
4.6006	-0.9552	-0.0182412	-0.0827537
4.6137	-0.959015	-0.0120614	-0.0828889
4.6268	-0.962067	-6.95356e-06	-0.0830142
4.6399	-0.965881	-0.0128243	-0.0831453
4.653	-0.968933	-0.0190041	-0.0832561
4.6661	-0.971985	-0.019233	-0.0833711
4.6792	-0.975037	-0.0194619	-0.0834634
4.6923	-0.977325	-0.00664453	-0.0835697
4.7054	-0.980377	-0.00168542	-0.08367
4.7185	-0.982666	-0.0160287	-0.0837623
4.7316	-0.984955	-0.0129769	-0.0838494
4.7448	-0.987244	-0.0164102	-0.0839163
4.7579	-0.98877	0.00594397	-0.0840006
4.771	-0.991058	-0.021827	-0.0840808
4.7841	-0.992584	0.00533362	-0.0841456
4.7972	-0.99411	-0.0126717	-0.0841966
4.8103	-0.995636	-0.00412683	-0.0842303
4.8234	-0.996399	0.000908574	-0.0842825
4.8365	-0.997162	0.00174781	-0.0843159
4.8496	-0.998688	-0.0094674	-0.0843667
4.8627	-0.999451	-0.0115273	-0.0843762
4.8758	-0.999451	0.00548621	-0.0844108
4.8889	-1.00021	0.000755986	-0.0844394
4.902	-1.00021	-0.00298242	-0.0844444
4.9152	-1.00021	-0.0019906	-0.0844487
4.9283	-1.00021	-0.000541011	-0.0844553
4.9414	-1.00021	0.00113746	-0.0844639
4.9545	-0.999451	-0.000464717	-0.0844683
4.9676	-0.999451	-0.00656823	-0.084469
4.9807	-0.998688	-0.00237207	-0.0844591
4.9938	-0.997925	0.00716468	-0.0844654
5.0069	-0.996399	-0.0116799	-0.0844604
5.02	-0.995636	-0.00374536	-0.0844467
5.0331	-0.99411	0.00571509	-0.0844483
5.0462	-0.992584	-0.00313501	-0.0844422
5.0593	-0.991058	-0.00221948	-0.0844357
5.0724	-0.98877	0.0143363	-0.0844084
5.0855	-0.987244	-0.0141976	-0.0844028
5.0987	-0.984955	-0.000769893	-0.0843537
5.1118	-0.982666	0.0321128	-0.0843444
5.1249	-0.980377	0.0114371	-0.0843316
5.138	-0.977325	-0.00855188	-0.0843082
5.1511	-0.975037	0.0030448	-0.0842712
5.1642	-0.971985	0.00754615	-0.0842468
5.1773	-0.968933	0.00487586	-0.0842103
5.1904	-0.965881	0.00884314	-0.0841747
5.2035	-0.962067	0.000603398	-0.0841303
5.2166	-0.959015	0.00762244	-0.0840796
5.2297	-0.9552	-0.000235835	-0.0840385
5.2428	-0.951385	0.0114371	-0.083983
5.2559	-0.947571	-0.00275354	-0.0839258
5.269	-0.943756	0.00746985	-0.0838647
5.2822	-0.939178	0.00518103	-0.0837991
5.2953	-0.934601	0.0044181	-0.0837357
5.3084	-0.930023	0.00876685	-0.0836645
5.3215	-0.925446	0.0167014	-0.0835728
5.3346	-0.920868	0.0081565	-0.083487
5.3477	-0.915527	0.00960608	-0.0834034
5.3608	-0.910187	0.0106742	-0.0833074
5.3739	-0.905609	0.0100638	-0.0832083
5.387	-0.899506	0.00243445	-0.0830971
5.4001	-0.894165	0.00457068	-0.0829836
5.4132	-0.888824	0.0113608	-0.0828626
5.4263	-0.882721	0.0114371	-0.0827334
5.4394	-0.876617	0.00907203	-0.0825957
5.4525	-0.870514	0.0160148	-0.082461
5.4657	-0.86441	0.0183036	-0.0823085
5.4788	-0.857544	0.0186851	-0.0821516
5.4919	-0.85144	0.0199058	-0.0819852
5.505	-0.844574	0.0138785	-0.0818175
5.5181	-0.837708	0.012963	-0.0816336
5.5312	-0.830841	0.0216605	-0.0814411
5.5443	-0.823975	0.0189139	-0.0812328
5.5574	-0.817108	0.0136497	-0.0810134
5.5705	-0.809479	0.0177695	-0.0808
5.5836	-0.801849	0.0178458	-0.0805693
5.5967	-0.79422	0.0226523	-0.0803202
5.6098	-0.786591	0.0180747	-0.0800504
5.6229	-0.778961	0.0132682	-0.0797774
5.636	-0.771332	0.0190665	-0.0795108
5.6492	-0.762939	0.0295951	-0.0792051
5.6623	-0.754547	0.0191428	-0.0788986
5.6754	-0.746155	0.0283744	-0.0785935
5.6885	-0.737762	0.0317313	-0.0782415
5.7016	-0.72937	0.0167777	-0.077894
5.7147	-0.720978	0.0379111	-0.0775387
5.7278	-0.711823	0.0215842	-0.0771507
5.7409	-0.70343	0.0307395	-0.0767789
5.754	-0.694275	0.0309684	-0.0763113
5.7671	-0.68512	0.0356223	-0.0759382
5.7802	-0.675964	0.0363853	-0.0754345
5.7933	-0.666809	0.0288322	-0.0750412
5.8064	-0.656891	0.0443198	-0.0744663
5.8195	-0.647736	0.0386741	-0.0740639
5.8327	-0.637817	0.0413444	-0.0734488
5.8458	-0.627899	0.050347	-0.072992
5.8589	-0.617981	0.0253989	-0.0723615
5.872	-0.608063	0.0648429	-0.0718094
5.8851	-0.598145	0.0344779	-0.0712112
5.8982	-0.588226	0.0553062	-0.0705785
5.9113	-0.578308	0.0572135	-0.0699532
5.9244	-0.567627	0.0379874	-0.0693071
5.9375	-0.556946	0.044625	-0.068598
5.9506	-0.547028	0.061486	-0.0678983
5.9637	-0.536346	0.0619437	-0.067181
5.9768	-0.525665	0.0570609	-0.066435
5.9899	-0.514984	0.0654533	-0.0656554
6.003	-0.504303	0.0727775	-0.0648789
6.0162	-0.492859	0.0662925	-0.0640561
6.0293	-0.482178	0.0563743	-0.0632066
6.0424	-0.470734	0.0512626	-0.0623494
6.0555	-0.460052	0.0657584	-0.0614539
6.0686	-0.448608	0.079415	-0.0605361
6.0817	-0.437164	0.0750663	-0.0595879
6.0948	-0.426483	0.0757529	-0.0586443
6.1079	-0.415039	0.0786521	-0.0576618
6.121	-0.403595	0.0791862	-0.0566463
6.1341	-0.392151	0.0807883	-0.0555923
6.1472	-0.379944	0.082772	-0.0545561
6.1603	-0.3685	0.0878837	-0.0534848
6.1734	-0.357056	0.0929191	-0.0523932
6.1865	-0.344849	0.102532	-0.0512561
6.1997	-0.333405	0.094445	-0.0500954
6.2128	-0.321198	0.102303	-0.0489132
6.2259	-0.309753	0.0958182	-0.0476939
6.239	-0.297546	0.0996329	-0.0464447
6.2521	-0.285339	0.09887	-0.0451816
6.2652	-0.273132	0.0952842	-0.0438944
6.2783	-0.260925	0.089257	-0.0425626
6.2914	-0.249481	0.0924613	-0.0411999
6.3045	-0.237274	0.0875022	-0.0398057
6.3176	-0.225067	0.0914695	-0.0384091
6.3307	-0.212097	0.0915458	-0.0369566
6.3438	-0.19989	0.101922	-0.0354663
6.3569	-0.187683	0.0896384	-0.033983
6.37	-0.175476	0.0955894	-0.032486
6.3832	-0.163269	0.0947501	-0.0309721
6.3963	-0.150299	0.0997855	-0.0294448
6.4094	-0.138092	0.0960471	-0.0278971
6.4225	-0.125885	0.104592	-0.0263489
6.4356	-0.112915	0.105202	-0.0247886
6.4487	-0.100708	0.114892	-0.0232146
6.4618	-0.088501	0.114281	-0.0216836
6.4749	-0.075531	0.119088	-0.0201203
6.488	-0.063324	0.116723	-0.0185636
6.5011	-0.050354	0.117333	-0.0169757
6.5142	-0.038147	0.117333	-0.0154357
6.5273	-0.0259399	0.124276	-0.0138661
6.5404	-0.01297	0.134118	-0.0122841
6.5536	0	0.143578	-0.0106703
6.5667	0.012207	0.147393	-0.00914528
6.5798	0.0244141	0.144952	-0.00758902
6.5929	0.037384	0.140526	-0.00606836
6.606	0.0495911	0.146554	-0.00450343
6.6191	0.062561	0.147851	-0.0029842
6.6322	0.0747681	0.150292	-0.00143921
6.6453	0.087738	0.145638	8.44202e-05
6.6584	0.0999451	0.141289	0.00162164
6.6715	0.112152	0.136254	0.00310557
6.6846	0.125122	0.132134	0.00462447
6.6977	0.137329	0.125115	0.00610179
6.7108	0.149536	0.119088	0.00760212
6.7239	0.162506	0.114129	0.00903445
6.7371	0.174713	0.113061	0.0105079
6.7502	0.18692	0.108712	0.0119607
6.7633	0.199127	0.0965049	0.0133932
6.7764	0.211334	0.0921561	0.014767
6.7895	0.223541	0.089791	0.0161532
6.8026	0.235748	0.093148	0.0175332
6.8157	0.247955	0.0921561	0.018923
6.8288	0.260162	0.0915458	0.020255
6.8419	0.272369	0.0878837	0.0216027
6.855	0.284576	0.0913169	0.0229166
6.8681	0.296783	0.0844504	0.0242252
6.8812	0.308228	0.0870444	0.0254792
6.8943	0.320435	0.0985648	0.0267512
6.9074	0.332642	0.100548	0.0279921
6.9206	0.344086	0.10772	0.0292554
6.9337	0.356293	0.0950553	0.0304451
6.9468	0.367737	0.0984122	0.0316348
6.9599	0.379181	0.0979545	0.032801
6.973	0.390625	0.0896384	0.0339628
6.9861	0.402832	0.0880363	0.0350611
6.9992	0.414276	0.0808646	0.0361609
7.0123	0.42572	0.0847556	0.0372329
7.0254	0.436401	0.0917747	0.0383086
7.0385	0.447845	0.0813224	0.0393352
7.0516	0.45929	0.0746085	0.0403369
7.0647	0.469971	0.0713279	0.0413538
7.0778	0.481415	0.068505	0.0423678
7.0909	0.492096	0.0590446	0.0433514
7.1041	0.50354	0.0734641	0.0442669
7.1172	0.514221	0.082009	0.0451948
7.1303	0.524902	0.0687339	0.0460966
7.1434	0.535583	0.062783	0.0469965
7.1565	0.546265	0.0728538	0.0478354
7.1696	0.556183	0.0694205	0.0486731
7.1827	0.566864	0.0488975	0.0495167
7.1958	0.576782	0.0601127	0.0503419
7.2089	0.587463	0.0661399	0.0511243
7.222	0.597382	0.0530936	0.0518691
7.2351	0.6073	0.0634696	0.0526217
7.2482	0.617218	0.0563743	0.0533096
7.2613	0.627136	0.0468375	0.0540479
7.2744	0.637054	0.0656821	0.0547544
7.2876	0.646973	0.0388267	0.0553957
7.3007	0.656128	0.0598075	0.0560733
7.3138	0.665283	0.0436332	0.0566654
7.3269	0.675201	0.0411918	0.0573373
7.34	0.684357	0.0521781	0.0579055
7.3531	0.693512	0.0324943	0.0585141
7.3662	0.701904	0.050347	0.0590168
7.3793	0.71106	0.0315787	0.0596505
7.3924	0.720215	0.0406577	0.0600971
7.4055	0.728607	0.045922	0.0606896
7.4186	0.737	0.0186088	0.0611274
7.4317	0.745392	0.061486	0.061666
7.4448	0.753784	0.0136497	0.0621193
7.4579	0.762177	0.0483634	0.0625493
7.4711	0.769806	0.0353171	0.0630484
7.4842	0.778198	0.0215079	0.0634527
7.4973	0.785828	0.033715	0.0638544
7.5104	0.793457	0.0361564	0.0642637
7.5235	0.801086	0.0260856	0.0646567
7.5366	0.808716	0.0196769	0.0650178
7.5497	0.815582	0.026467	0.065373
7.5628	0.823212	0.0343253	0.0657178
7.5759	0.830078	0.033715	0.06608
7.589	0.836945	0.0189902	0.0663989
7.6021	0.843811	0.0230338	0.0667195
7.6152	0.850677	0.0208976	0.0670018
7.6283	0.856781	0.0149467	0.0673107
7.6414	0.863647	0.0244834	0.0675856
7.6546	0.869751	0.020745	0.0678586
7.6677	0.875854	0.0173881	0.0681298
7.6808	0.881958	0.0200584	0.0683822
7.6939	0.888062	0.018151	0.0686189
7.707	0.893402	0.0179221	0.0688518
7.7201	0.898743	0.0128104	0.0690763
7.7332	0.904083	0.0115897	0.069307
7.7463	0.909424	0.0102927	0.0695077
7.7594	0.914764	0.020745	0.0697067
7.7725	0.920105	0.0154044	0.0698865
7.7856	0.924683	0.012963	0.0700828
7.7987	0.92926	0.00762244	0.0702669
7.8118	0.933838	0.00998755	0.0704331
7.8249	0.938416	0.0224998	0.0705842
7.8381	0.94223	0.0128104	0.0707444
7.8512	0.946808	0.0145652	0.0708851
7.8643	0.950623	0.0158622	0.0710332
7.8774	0.954437	0.0193717	0.0711697
7.8905	0.958252	0.0122001	0.0712906
7.9036	0.961304	-0.00153283	0.0714059
7.9167	0.965118	0.00724097	0.0715306
7.9298	0.96817	0.0174644	0.0716292
7.9429	0.971222	0.0167014	0.0717393
7.956	0.974274	0.0186088	0.0718243
7.9691	0.976562	0.00457068	0.0719286
7.9822	0.979614	-0.000388423	0.0720125
7.9953	0.981903	0.012963	0.0720878
8.0084	0.984192	0.0105216	0.0721578
8.0216	0.986481	0.0166251	0.0722157
8.0347	0.988007	-0.00801782	0.0722943
8.0478	0.990295	0.0198295	0.0723547
8.0609	0.991821	-0.00511865	0.072401
8.074	0.993347	0.00960608	0.072442
8.0871	0.994873	0.00426551	0.0724733
8.1002	0.995636	-0.00115136	0.072509
8.1133	0.996399	-0.00305871	0.0725268
8.1264	0.997925	0.00876685	0.0725722
8.1395	0.998688	0.0112846	0.0725705
8.1526	0.998688	-0.00290612	0.0725902
8.1657	0.999451	-0.00305871	0.0726111
8.1788	0.999451	0.00144263	0.0726063
8.192	0.999451	0.00251075	0.072598
8.2051	0.999451	-0.000922481	0.0725916
8.2182	0.999451	-0.00160913	0.0725868
8.2313	0.998688	-0.000541011	0.0725807
8.2444	0.998688	0.00548621	0.0725692
8.2575	0.997925	0.00273963	0.072548
8.2706	0.997162	-0.00733117	0.0725395
8.2837	0.995636	0.00746985	0.0725212
8.2968	0.994873	0.00281592	0.0724986
8.3099	0.993347	-0.00260095	0.0724857
8.323	0.991821	0.00281592	0.072466
8.3361	0.990295	0.000984868	0.0724492
8.3492	0.988007	-0.0130532	0.0724113
8.3623	0.986481	0.0141074	0.0723885
8.3755	0.984192	-0.00206689	0.0723314
8.3886	0.981903	-0.0299905	0.0723139
8.4017	0.979614	-0.0104592	0.0722876
8.4148	0.976562	0.00640174	0.0722555
8.4279	0.974274	-0.00733117	0.0722059
8.441	0.971222	-0.00733117	0.0721664
8.4541	0.96817	-0.00473718	0.0721148
8.4672	0.965118	-0.00916223	0.0720657
8.4803	0.961304	-0.00138024	0.0720063
8.4934	0.958252	-0.010154	0.0719471
8.5065	0.954437	0.00296851	0.0718908
8.5196	0.950623	-0.0120614	0.071821
8.5327	0.946808	0.000908574	0.0717514
8.5458	0.942993	-0.00794152	0.0716756
8.559	0.938416	-0.00641565	0.0715985
8.5721	0.933838	-0.00267724	0.071522
8.5852	0.92926	-0.00931481	0.0714395
8.5983	0.924683	-0.0160287	0.0713372
8.6114	0.920105	-0.0082467	0.0712345
8.6245	0.914764	-0.00900964	0.071142
8.6376	0.909424	-0.00565271	0.071028
8.6507	0.904846	-0.0119088	0.0709196
8.6638	0.898743	-0.00504235	0.0707933
8.6769	0.893402	-0.00626306	0.0706661
8.69	0.888062	-0.00588159	0.0705367
8.7031	0.881958	-0.00664453	0.0703971
8.7162	0.875854	-0.00412683	0.0702461
8.7293	0.869751	-0.0100015	0.0700906
8.7425	0.863647	-0.00923852	0.069925
8.7556	0.856781	-0.00961999	0.069755
8.7687	0.850677	-0.00611047	0.0695791
8.7818	0.843811	-0.00389794	0.0694011
8.7949	0.836945	-0.012214	0.0692048
8.808	0.830078	-0.0220559	0.0690093
8.8211	0.823212	-0.0188516	0.0687745
8.8342	0.816345	-0.0191567	0.0685468
8.8473	0.808716	-0.0242684	0.0683206
8.8604	0.801086	-0.0142739	0.0680832
8.8735	0.793457	-0.0193856	0.0678267
8.8866	0.785828	-0.0170968	0.0675473
8.8997	0.778198	-0.0215218	0.0672637
8.9128	0.770569	-0.0222848	0.066982
8.926	0.762177	-0.0295327	0.0666594
8.9391	0.753784	-0.0255654	0.0663296
8.9522	0.745392	-0.0250314	0.0660165
8.9653	0.737	-0.0283883	0.0656531
8.9784	0.728607	-0.016639	0.0652764
8.9915	0.720215	-0.0409005	0.0649223
9.0046	0.71106	-0.025718	0.06451
9.0177	0.702667	-0.0264047	0.0641238
9.0308	0.693512	-0.0386117	0.0636582
9.0439	0.684357	-0.0289987	0.0632713
9.057	0.675201	-0.0496743	0.0627688
9.0701	0.666046	-0.0178597	0.0623169
9.0832	0.656128	-0.0639413	0.0617747
9.0963	0.646973	-0.0216744	0.0613235
9.1095	0.637054	-0.052192	0.0607231
9.1226	0.627136	-0.0380776	0.0602424
9.1357	0.617218	-0.037391	0.0595948
9.1488	0.6073	-0.0621865	0.0590664
9.1619	0.597382	-0.0328134	0.0584321
9.175	0.587463	-0.0562356	0.0578224
9.1881	0.577545	-0.0523446	0.0571728
9.2012	0.566864	-0.0396035	0.0564872
9.2143	0.556183	-0.0537942	0.0557622
9.2274	0.546265	-0.0619576	0.0550826
9.2405	0.535583	-0.0630258	0.054359
9.2536	0.524902	-0.0557015	0.0535706
9.2667	0.514221	-0.0633309	0.0528046
9.2798	0.50354	-0.0675271	0.0520092
9.293	0.492096	-0.0572274	0.05119
9.3061	0.481415	-0.0569985	0.0503155
9.3192	0.469971	-0.0583718	0.0494395
9.3323	0.45929	-0.0728677	0.0485448
9.3454	0.447845	-0.0816415	0.0476336
9.3585	0.436401	-0.0777505	0.0467158
9.3716	0.42572	-0.0753854	0.0457421
9.3847	0.414276	-0.0731728	0.0447696
9.3978	0.402832	-0.0761483	0.0437578
9.4109	0.391388	-0.0762246	0.0427426
9.424	0.379181	-0.0779794	0.0416624
9.4371	0.367737	-0.0822518	0.0405829
9.4502	0.356293	-0.0880502	0.0394672
9.4633	0.344086	-0.090873	0.03834
9.4765	0.332642	-0.0846169	0.0371416
9.4896	0.320435	-0.0818704	0.0359602
9.5027	0.30899	-0.0849221	0.0347334
9.5158	0.296783	-0.089042	0.0335097
9.5289	0.284576	-0.0946114	0.032216
9.542	0.272369	-0.086448	0.0309157
9.5551	0.260162	-0.0856851	0.0295695
9.5682	0.248718	-0.0836251	0.0282232
9.5813	0.236511	-0.0866769	0.0268215
9.5944	0.224304	-0.0881265	0.0254201
9.6075	0.211334	-0.0898049	0.0239826
9.6206	0.199127	-0.094764	0.0225465
9.6337	0.18692	-0.100257	0.0210523
9.6468	0.174713	-0.0975869	0.019543
9.66	0.162506	-0.0901101	0.0180166
9.6731	0.149536	-0.0897286	0.0165314
9.6862	0.137329	-0.0911782	0.0149754
9.6993	0.125122	-0.0923226	0.0134478
9.7124	0.112152	-0.0962899	0.0119076
9.7255	0.0999451	-0.0958321	0.0103962
9.7386	0.087738	-0.0957559	0.00883455
9.7517	0.0747681	-0.0937722	0.00730438
9.7648	0.062561	-0.09217	0.00575675
9.7779	0.0495911	-0.0917123	0.00424708
9.791	0.037384	-0.0917886	0.00269602
9.8041	0.025177	-0.0923226	0.0011759
9.8172	0.012207	-0.0961373	-0.000379243
9.8304	0	-0.0985787	-0.00188358
9.8435	-0.01297	-0.109107	-0.00344374
9.8566	-0.025177	-0.106666	-0.00497059
9.8697	-0.038147	-0.110481	-0.00649226
9.8828	-0.050354	-0.119941	-0.0079858
9.8959	-0.063324	-0.127265	-0.00952351
9.909	-0.075531	-0.137412	-0.0110258
9.9221	-0.088501	-0.135352	-0.0125235
9.9352	-0.100708	-0.142677	-0.0139894
9.9483	-0.112915	-0.143058	-0.0154971
9.9614	-0.125885	-0.148322	-0.0169871
9.9745	-0.138092	-0.14466	-0.0184694
9.9876	-0.150299	-0.155647	-0.0199269
10.0007	-0.163269	-0.143287	-0.0213743
10.0139	-0.175476	-0.147331	-0.0228175
10.027	-0.187683	-0.131995	-0.0242419
10.0401	-0.19989	-0.132606	-0.0256232
10.0532	-0.212097	-0.121696	-0.027036
10.0663	-0.224304	-0.119788	-0.0284119
10.0794	-0.236511	-0.110786	-0.029766
10.0925	-0.248718	-0.119026	-0.0311198
10.1056	-0.260925	-0.109718	-0.0324593
10.1187	-0.273132	-0.111167	-0.0337641
10.1318	-0.285339	-0.105598	-0.0350388
10.1449	-0.297546	-0.110328	-0.0362947
10.158	-0.30899	-0.103385	-0.0375655
10.1711	-0.321198	-0.112541	-0.0388055
10.1842	-0.333405	-0.110481	-0.0400315
10.1974	-0.344849	-0.116355	-0.0412397
10.2105	-0.357056	-0.102851	-0.0424336
10.2236	-0.3685	-0.0978921	-0.0435787
10.2367	-0.379944	-0.089576	-0.044718
10.2498	-0.391388	-0.0849984	-0.0458148
10.2629	-0.403595	-0.0871346	-0.0469486
10.276	-0.415039	-0.0815652	-0.048042
10.2891	-0.426483	-0.078666	-0.0491281
10.3022	-0.437164	-0.0794289	-0.0501754
10.3153	-0.448608	-0.0769112	-0.0512195
10.3284	-0.460052	-0.0650094	-0.0522188
10.3415	-0.470734	-0.0648568	-0.0532317
10.3546	-0.482178	-0.0687478	-0.0542113
10.3677	-0.492859	-0.0766061	-0.0551713
10.3809	-0.504303	-0.0794289	-0.0561082
10.394	-0.514984	-0.0765298	-0.057001
10.4071	-0.525665	-0.065162	-0.057907
10.4202	-0.536346	-0.0643227	-0.0587773
10.4333	-0.547028	-0.0693581	-0.0596351
10.4464	-0.556946	-0.0592111	-0.0604703
10.4595	-0.567627	-0.0525735	-0.0613101
10.4726	-0.577545	-0.0595162	-0.062095
10.4857	-0.588226	-0.0631783	-0.0628296
10.4988	-0.598145	-0.0577615	-0.0636186
10.5119	-0.608063	-0.0647805	-0.0643659
10.525	-0.617981	-0.045173	-0.0650652
10.5381	-0.627899	-0.0563882	-0.065806
10.5512	-0.637817	-0.0707314	-0.066476
10.5644	-0.647736	-0.0336526	-0.0671508
10.5775	-0.656891	-0.0611184	-0.0678046
10.5906	-0.666046	-0.0346444	-0.0684195
10.6037	-0.675964	-0.0519631	-0.0690663
10.6168	-0.68512	-0.0376962	-0.069603
10.6299	-0.694275	-0.0483773	-0.0702344
10.643	-0.702667	-0.0342629	-0.0707573
10.6561	-0.711823	-0.0520394	-0.0713767
10.6692	-0.720978	-0.0225137	-0.0718278
10.6823	-0.72937	-0.0596688	-0.0723984
10.6954	-0.737762	-0.00717858	-0.0728675
10.7085	-0.746155	-0.0676034	-0.0733633
10.7216	-0.754547	-0.0138925	-0.0738558
10.7347	-0.762939	-0.0416634	-0.0742614
10.7479	-0.770569	-0.0426553	-0.0747566
10.761	-0.778961	-0.0173257	-0.0751557
10.7741	-0.786591	-0.0340341	-0.0755655
10.7872	-0.79422	-0.0376962	-0.0759782
10.8003	-0.801849	-0.0294564	-0.0763924
10.8134	-0.809479	-0.0219033	-0.0767716
10.8265	-0.816345	-0.0243447	-0.0771174
10.8396	-0.823975	-0.0323556	-0.0774759
10.8527	-0.830841	-0.0371621	-0.0778205
10.8658	-0.837708	-0.0235055	-0.0781702
10.8789	-0.844574	-0.0299142	-0.0784999
10.892	-0.85144	-0.024421	-0.0787871
10.9051	-0.857544	-0.017402	-0.0791099
10.9182	-0.86441	-0.0248025	-0.0793836
10.9314	-0.870514	-0.0142739	-0.0796618
10.9445	-0.876617	-0.0181649	-0.0799316
10.9576	-0.882721	-0.0178597	-0.0801866
10.9707	-0.888824	-0.0167153	-0.0804475
10.9838	-0.894165	-0.0210641	-0.0806903
10.9969	-0.899506	-0.0203774	-0.0809183
11.01	-0.904846	-0.0180123	-0.0811454
11.0231	-0.910187	-0.00900964	-0.0813596
11.0362	-0.915527	-0.0181649	-0.0815742
11.0493	-0.920868	-0.0203011	-0.0817613
11.0624	-0.925446	-0.00931481	-0.0819523
11.0755	-0.930023	-0.0112222	-0.0821584
11.0886	-0.934601	-0.0169442	-0.0823221
11.1017	-0.939178	-0.017936	-0.082489
11.1149	-0.942993	-0.0119088	-0.0826631
11.128	-0.947571	-0.0180886	-0.0828121
11.1411	-0.951385	-0.0155709	-0.082962
11.1542	-0.9552	-0.018699	-0.0831084
11.1673	-0.959015	-0.014045	-0.0832404
11.1804	-0.962067	0.000755986	-0.0833664
11.1935	-0.965881	-0.0119088	-0.0834978
11.2066	-0.968933	-0.0190041	-0.0836076
11.2197	-0.971985	-0.0187753	-0.0837189
11.2328	-0.975037	-0.0180123	-0.0838139
11.2459	-0.977325	-0.00611047	-0.0839192
11.259	-0.980377	-0.00176171	-0.0840192
11.2721	-0.982666	-0.0138925	-0.0841111
11.2852	-0.984955	-0.014045	-0.0841966
11.2984	-0.987244	-0.0171731	-0.0842639
11.3115	-0.98877	0.00678321	-0.0843467
11.3246	-0.991058	-0.0209115	-0.0844286
11.3377	-0.992584	0.00334998	-0.0844882
11.3508	-0.99411	-0.00893334	-0.0845403
11.3639	-0.995636	-0.00580529	-0.0845769
11.377	-0.996399	0.00045081	-0.0846282
11.3901	-0.997162	0.0018241	-0.0846578
11.4032	-0.998688	-0.00794152	-0.0847077
11.4163	-0.999451	-0.0150369	-0.0847193
11.4294	-0.999451	0.00403663	-0.0847541
11.4425	-1.00021	0.00136634	-0.0847812
11.4556	-1.00021	-0.00275354	-0.084788
11.4688	-1.00021	-0.00366906	-0.0847928
11.4819	-1.00021	-0.00244836	-0.0847977
11.495	-1.00021	0.00151893	-0.0848043
11.5081	-0.999451	0.000755986	-0.0848117
11.5212	-0.999451	-0.00511865	-0.0848125
11.5343	-0.998688	-0.00237207	-0.0848027
11.5474	-0.997925	0.00838538	-0.0848086
11.5605	-0.996399	-0.00939111	-0.0848026
11.5736	-0.995636	-0.00389794	-0.0847897
11.5867	-0.99411	0.00426551	-0.0847924
11.5998	-0.992584	-0.00359277	-0.0847864
11.6129	-0.991058	-0.00382165	-0.0847793
11.626	-0.98877	0.0153281	-0.0847513
11.6391	-0.987244	-0.0136636	-0.0847446
11.6523	-0.984955	0.000984868	-0.0846977
11.6654	-0.982666	0.0295951	-0.0846873
11.6785	-0.980377	0.00968238	-0.0846722
11.6916	-0.977325	-0.00748376	-0.0846482
11.7047	-0.975037	0.00586768	-0.0846142
11.7178	-0.971985	0.00769873	-0.0845892
11.7309	-0.968933	0.00350257	-0.0845535
11.744	-0.965881	0.0094535	-0.0845157
11.7571	-0.962067	-0.000464717	-0.0844718
11.7702	-0.959015	0.00853797	-0.0844221
11.7833	-0.9552	-0.000998775	-0.0843797
11.7964	-0.951385	0.0109794	-0.0843251
11.8095	-0.947571	-0.00107507	-0.0842672
11.8226	-0.943756	0.00777503	-0.0842056
11.8358	-0.939178	0.00457068	-0.0841399
11.8489	-0.934601	0.00334998	-0.0840771
11.862	-0.930023	0.00983497	-0.0840056
11.8751	-0.925446	0.0149467	-0.0839161
11.8882	-0.920868	0.00594397	-0.0838283
11.9013	-0.915527	0.00777503	-0.0837445
11.9144	-0.910187	0.0081565	-0.0836479
11.9275	-0.905609	0.00876685	-0.0835514
11.9406	-0.899506	0.00159522	-0.0834409
11.9537	-0.894165	0.00457068	-0.0833276
11.9668	-0.888824	0.0108268	-0.0832051
11.9799	-0.882721	0.012963	-0.0830765
11.993	-0.876617	0.0117423	-0.0829399
12.0061	-0.870514	0.0157859	-0.0828025
12.0193	-0.86441	0.0166251	-0.0826537
12.0324	-0.857544	0.0176932	-0.0824957
12.0455	-0.85144	0.0163962	-0.0823309
12.0586	-0.844574	0.0149467	-0.0821641
12.0717	-0.837708	0.0176932	-0.0819806
12.0848	-0.830841	0.0241782	-0.0817869
12.0979	-0.823975	0.0193717	-0.0815779
12.111	-0.817108	0.0139548	-0.0813587
12.1241	-0.809479	0.0211265	-0.0811463
12.1372	-0.801849	0.019448	-0.0809152
12.1503	-0.79422	0.019448	-0.080668
12.1634	-0.786591	0.0154807	-0.0803931
12.1765	-0.778961	0.0159385	-0.0801238
12.1896	-0.771332	0.0241782	-0.0798597
12.2028	-0.762939	0.0314262	-0.0795585
12.2159	-0.754547	0.0183036	-0.0792454
12.229	-0.746155	0.0283744	-0.0789459
12.2421	-0.737762	0.0299003	-0.0785905
12.2552	-0.72937	0.0161674	-0.0782396
12.2683	-0.720978	0.0418021	-0.0778921
12.2814	-0.711823	0.018151	-0.0774958
12.2945	-0.70343	0.0350883	-0.0771264
12.3076	-0.694275	0.0287559	-0.0766583
12.3207	-0.68512	0.0362327	-0.0762841
12.3338	-0.675964	0.0366904	-0.0757868
12.3469	-0.666809	0.02517	-0.0753858
12.36	-0.656891	0.0469901	-0.0748234
12.3731	-0.647736	0.0348594	-0.074414
12.3863	-0.637817	0.0424888	-0.0738
12.3994	-0.627899	0.0494315	-0.073348
12.4125	-0.617981	0.0295951	-0.0727144
12.4256	-0.608063	0.060723	-0.0721627
12.4387	-0.598145	0.0353934	-0.0715682
12.4518	-0.588226	0.056832	-0.0709279
12.4649	-0.578308	0.0561454	-0.0703093
12.478	-0.567627	0.0402	-0.0696692
12.4911	-0.556946	0.0460746	-0.068952
12.5042	-0.547028	0.0622489	-0.0682585
12.5173	-0.536346	0.0645377	-0.0675435
12.5304	-0.525665	0.0530936	-0.0667851
12.5435	-0.514984	0.0613334	-0.0660253
12.5566	-0.504303	0.0762107	-0.0652471
12.5698	-0.492859	0.0685813	-0.0644097
12.5829	-0.482178	0.0567557	-0.063567
12.596	-0.470734	0.0518729	-0.0627138
12.6091	-0.460052	0.0688865	-0.0618072
12.6222	-0.448608	0.0767448	-0.0609
12.6353	-0.437164	0.0731589	-0.0599519
12.6484	-0.426483	0.0743034	-0.0590085
12.6615	-0.415039	0.078881	-0.0580264
12.6746	-0.403595	0.080712	-0.0570131
12.6877	-0.392151	0.0794913	-0.0559589
12.7008	-0.379944	0.0830772	-0.0549298
12.7139	-0.3685	0.0912406	-0.0538522
12.727	-0.357056	0.0942924	-0.0527625
12.7401	-0.344849	0.100396	-0.0516269
12.7533	-0.333405	0.0930717	-0.0504708
12.7664	-0.321198	0.0979545	-0.0492954
12.7795	-0.309753	0.0952842	-0.048074
12.7926	-0.297546	0.102608	-0.0468176
12.8057	-0.285339	0.0952079	-0.0455592
12.8188	-0.273132	0.094445	-0.0442729
12.8319	-0.260925	0.0857474	-0.0429401
12.845	-0.249481	0.0910117	-0.0415769
12.8581	-0.237274	0.0849082	-0.0401922
12.8712	-0.225067	0.0894858	-0.0387847
12.8843	-0.212097	0.0925376	-0.037331
12.8974	-0.19989	0.100548	-0.0358452
12.9105	-0.187683	0.0940635	-0.0343661
12.9236	-0.175476	0.101083	-0.0328613
12.9368	-0.163269	0.0943687	-0.0313479
12.9499	-0.150299	0.0959708	-0.0298148
12.963	-0.138092	0.091851	-0.0282638
12.9761	-0.125885	0.104363	-0.0267226
12.9892	-0.112915	0.1036	-0.0251582
13.0023	-0.100708	0.11184	-0.023582
13.0154	-0.088501	0.108025	-0.0220494
13.0285	-0.075531	0.111764	-0.0204929
13.0416	-0.063324	0.112145	-0.0189264
13.0547	-0.050354	0.115349	-0.017343
13.0678	-0.038147	0.119469	-0.0157929
13.0809	-0.0259399	0.126183	-0.0142185
13.094	-0.01297	0.133355	-0.012629
