0	0	-0.0117562	0
0.0131	0.012207	-0.307166	-0.00287852
0.0262	0.0244141	0.0901725	-0.00208932
0.0393	0.037384	0.0794913	-0.00167499
0.0524	0.0495911	0.086663	-0.000691611
0.0655	0.062561	0.0431754	8.78318e-05
0.0786	0.0747681	0.103448	0.00110084
0.0917	0.087738	0.116494	0.00229156
0.1048	0.0999451	0.100625	0.00353004
0.1179	0.112152	0.0854423	0.00443837
0.131	0.125122	0.10505	0.00566987
0.1441	0.137329	0.102532	0.00689391
0.1572	0.149536	0.0947501	0.00812956
0.1703	0.162506	0.084603	0.00931089
0.1835	0.174713	0.0908591	0.0105249
0.1966	0.18692	0.0831534	0.0117275
0.2097	0.199127	0.0768211	0.0129159
0.2228	0.211334	0.0775077	0.01406
0.2359	0.223541	0.0791862	0.0152397
0.249	0.235748	0.0824668	0.0164044
0.2621	0.247955	0.0802543	0.0175822
0.2752	0.260162	0.0757529	0.0187145
0.2883	0.272369	0.0748374	0.0198692
0.3014	0.284576	0.0788047	0.0209889
0.3145	0.296783	0.0781943	0.02212
0.3276	0.308228	0.0822379	0.0232135
0.3407	0.320435	0.087197	0.0243278
0.3538	0.332642	0.0846793	0.0254137
0.367	0.344086	0.0895621	0.0265186
0.3801	0.356293	0.0858237	0.0275707
0.3932	0.367737	0.0897147	0.0286245
0.4063	0.379181	0.0865104	0.029666
0.4194	0.390625	0.0791862	0.0307158
0.4325	0.402832	0.0763633	0.0317135
0.4456	0.414276	0.0735404	0.0327065
0.4587	0.42572	0.0794913	0.0336867
0.4718	0.436401	0.0808646	0.0346723
0.4849	0.447845	0.0775077	0.0356161
0.498	0.45929	0.0726249	0.0365434
0.5111	0.469971	0.0622489	0.037491
0.5242	0.481415	0.0649955	0.038425
0.5373	0.492096	0.0574424	0.039352
0.5505	0.50354	0.0742271	0.040227
0.5636	0.514221	0.0758292	0.0411091
0.5767	0.524902	0.0579764	0.0419625
0.5898	0.535583	0.0616386	0.0428074
0.6029	0.546265	0.0776603	0.0436323
0.616	0.556183	0.0603416	0.0444545
0.6291	0.566864	0.0428702	0.0452548
0.6422	0.576782	0.0654533	0.0460761
0.6553	0.587463	0.0639274	0.0468515
0.6684	0.597382	0.0491263	0.0475789
0.6815	0.6073	0.0628593	0.0483331
0.6946	0.617218	0.0599601	0.0490234
0.7077	0.627136	0.0472953	0.0497813
0.7208	0.637054	0.0638511	0.0504925
0.734	0.646973	0.0418021	0.0511453
0.7471	0.656128	0.0574424	0.051834
0.7602	0.665283	0.0466086	0.0524586
0.7733	0.675201	0.0416495	0.0531544
0.7864	0.684357	0.0547721	0.0537418
0.7995	0.693512	0.0375297	0.0543842
0.8126	0.701904	0.0469138	0.0549156
0.8257	0.71106	0.0413444	0.05559
0.8388	0.720215	0.0341727	0.0560711
0.8519	0.728607	0.0574424	0.0567021
0.865	0.737	0.0140311	0.057187
0.8781	0.745392	0.0680472	0.0577447
0.8912	0.753784	0.0158622	0.0582769
0.9043	0.762177	0.0469901	0.0587217
0.9175	0.769806	0.0466849	0.0592926
0.9306	0.778198	0.0189139	0.0597349
0.9437	0.785828	0.0398185	0.060178
0.9568	0.793457	0.0403525	0.0606413
0.9699	0.801086	0.0301292	0.0610791
0.983	0.808716	0.0195243	0.0614901
0.9961	0.815582	0.0315024	0.061887
1.0092	0.823212	0.0339439	0.0622826
1.0223	0.830078	0.0428702	0.062703
1.0354	0.836945	0.025933	0.0630687
1.0485	0.843811	0.029061	0.0634348
1.0616	0.850677	0.0230338	0.0637708
1.0747	0.856781	0.0157859	0.0641247
1.0878	0.863647	0.0273063	0.0644437
1.101	0.869751	0.0199821	0.0647705
1.1141	0.875854	0.0247123	0.0650855
1.1272	0.881958	0.0219657	0.0653841
1.1403	0.888062	0.0217368	0.0656671
1.1534	0.893402	0.0199058	0.0659427
1.1665	0.898743	0.0183036	0.0662096
1.1796	0.904083	0.0158622	0.0664894
1.1927	0.909424	0.0164725	0.0667281
1.2058	0.914764	0.0265433	0.0669612
1.2189	0.920105	0.0143363	0.0671828
1.232	0.924683	0.0144126	0.0674272
1.2451	0.92926	0.0118186	0.0676487
1.2582	0.933838	0.0138785	0.0678486
1.2713	0.938416	0.0216605	0.068023
1.2845	0.94223	0.011666	0.0682307
1.2976	0.946808	0.0147178	0.0684022
1.3107	0.950623	0.019448	0.0685789
1.3238	0.954437	0.0189139	0.0687473
1.3369	0.958252	0.0117423	0.068901
1.35	0.961304	-0.00107507	0.0690466
1.3631	0.965118	0.0114371	0.069203
1.3762	0.96817	0.0202872	0.069319
1.3893	0.971222	0.0164725	0.0694553
1.4024	0.974274	0.0178458	0.069564
1.4155	0.976562	0.00243445	0.0696952
1.4286	0.979614	0.000145634	0.0698009
1.4417	0.981903	0.0205924	0.0698956
1.4548	0.984192	0.0109794	0.0699805
1.468	0.986481	0.0135734	0.0700539
1.4811	0.988007	-0.00427941	0.0701526
1.4942	0.990295	0.0146415	0.0702127
1.5073	0.991821	0.00716468	0.0702991
1.5204	0.993347	0.00396033	0.0703468
1.5335	0.994873	0.00922461	0.0703793
1.5466	0.995636	-0.00328759	0.0704296
1.5597	0.996399	-0.00282983	0.0704556
1.5728	0.997925	0.0159385	0.0705028
1.5859	0.998688	0.00678321	0.0705119
1.599	0.998688	-0.00260095	0.0705382
1.6121	0.999451	0.0030448	0.0705609
1.6252	0.999451	0.00121375	0.0705521
1.6384	0.999451	-0.00237207	0.0705495
1.6515	0.999451	-0.000388423	0.0705454
1.6646	0.999451	-0.000464717	0.0705385
1.6777	0.998688	0.00243445	0.0705338
1.6908	0.998688	0.0044181	0.0705169
1.7039	0.997925	-0.00855188	0.0705008
1.717	0.997162	-0.00656823	0.0704972
1.7301	0.995636	0.0161674	0.0704623
1.7432	0.994873	-0.0115273	0.0704446
1.7563	0.993347	0.000527104	0.0704392
1.7694	0.991821	0.00991126	0.0704049
1.7825	0.990295	-0.00107507	0.0703869
1.7956	0.988007	-0.0175546	0.0703499
1.8087	0.986481	0.0223472	0.0703107
1.8219	0.984192	-0.0246499	0.0702569
1.835	0.981903	-0.0189279	0.0702513
1.8481	0.979614	-0.00237207	0.0701932
1.8612	0.976562	0.00136634	0.070163
1.8743	0.974274	-0.00733117	0.0701055
1.8874	0.971222	-0.00733117	0.0700572
1.9005	0.96817	-0.00725488	0.0699961
1.9136	0.965118	-0.00534753	0.069939
1.9267	0.961304	-0.00366906	0.0698664
1.9398	0.958252	-0.0142739	0.0697929
1.9529	0.954437	0.000679692	0.0697193
1.966	0.950623	-0.00847558	0.0696431
1.9791	0.946808	-0.00588159	0.0695512
1.9922	0.942993	-0.00458459	0.0694626
2.0054	0.938416	-0.0100015	0.0693664
2.0185	0.933838	-0.00527124	0.0692691
2.0316	0.92926	-0.00488977	0.0691708
2.0447	0.924683	-0.014045	0.0690512
2.0578	0.920105	-0.0154183	0.0689196
2.0709	0.914764	-0.0131295	0.0688029
2.084	0.909424	-0.00969628	0.0686613
2.0971	0.904846	-0.0125192	0.0685278
2.1102	0.898743	-0.00893334	0.0683758
2.1233	0.893402	-0.00656823	0.0682175
2.1364	0.888062	-0.0069497	0.0680486
2.1495	0.881958	-0.0108407	0.0678758
2.1626	0.875854	-0.0126717	0.0676891
2.1757	0.869751	-0.0215218	0.0674917
2.1889	0.863647	-0.0235055	0.067291
2.202	0.856781	-0.0227425	0.0670855
2.2151	0.850677	-0.0183175	0.0668697
2.2282	0.843811	-0.00961999	0.0666425
2.2413	0.836945	-0.0182412	0.0664018
2.2544	0.830078	-0.0215218	0.0661577
2.2675	0.823212	-0.023124	0.0658687
2.2806	0.816345	-0.0245736	0.0655887
2.2937	0.808716	-0.0236581	0.0653166
2.3068	0.801086	-0.0152657	0.065019
2.3199	0.793457	-0.0244973	0.0647037
2.333	0.785828	-0.0270913	0.0643736
2.3461	0.778198	-0.0303719	0.0640351
2.3592	0.770569	-0.0210641	0.0637023
2.3724	0.762177	-0.0327371	0.06331
2.3855	0.753784	-0.0346444	0.0629162
2.3986	0.745392	-0.0248788	0.0625542
2.4117	0.737	-0.0389932	0.0621181
2.4248	0.728607	-0.0224374	0.0616902
2.4379	0.720215	-0.0421212	0.0612829
2.451	0.71106	-0.0349496	0.0607883
2.4641	0.702667	-0.0215218	0.0603673
2.4772	0.693512	-0.0595925	0.059834
2.4903	0.684357	-0.0134347	0.0594007
2.5034	0.675201	-0.0676034	0.058843
2.5165	0.666046	-0.00977258	0.0583305
2.5296	0.656128	-0.0774453	0.0577617
2.5427	0.646973	-0.0124429	0.0572343
2.5559	0.637054	-0.0665353	0.0566291
2.569	0.627136	-0.0300668	0.0560687
2.5821	0.617218	-0.0515817	0.0554039
2.5952	0.6073	-0.0606606	0.0548143
2.6083	0.597382	-0.0368569	0.0541736
2.6214	0.587463	-0.0583718	0.053522
2.6345	0.577545	-0.0537179	0.0528541
2.6476	0.566864	-0.0398324	0.052137
2.6607	0.556183	-0.0544808	0.0514095
2.6738	0.546265	-0.0663827	0.0507004
2.6869	0.535583	-0.0645516	0.0499741
2.7	0.524902	-0.0530312	0.0491802
2.7131	0.514221	-0.0618813	0.0484126
2.7262	0.50354	-0.0697396	0.047625
2.7394	0.492096	-0.0550149	0.0468131
2.7525	0.481415	-0.0518105	0.0459605
2.7656	0.469971	-0.0575326	0.0451104
2.7787	0.45929	-0.0740121	0.0442246
2.7918	0.447845	-0.070884	0.0433537
2.8049	0.436401	-0.0795052	0.0424839
2.818	0.42572	-0.0730203	0.0415471
2.8311	0.414276	-0.0672982	0.0406289
2.8442	0.402832	-0.0778268	0.0396685
2.8573	0.391388	-0.0712655	0.0387089
2.8704	0.379181	-0.0759194	0.0377126
2.8835	0.367737	-0.0802682	0.0366999
2.8966	0.356293	-0.0827096	0.0356657
2.9097	0.344086	-0.0823281	0.0346254
2.9229	0.332642	-0.0795052	0.0335361
2.936	0.320435	-0.0819466	0.0324608
2.9491	0.30899	-0.0785897	0.031346
2.9622	0.296783	-0.0819466	0.0302383
2.9753	0.284576	-0.086982	0.0290768
2.9884	0.272369	-0.078666	0.0279115
3.0015	0.260162	-0.0769112	0.0267236
3.0146	0.248718	-0.0775979	0.0255481
3.0277	0.236511	-0.0757668	0.0243235
3.0408	0.224304	-0.0774453	0.0231134
3.0539	0.211334	-0.0831674	0.0218784
3.067	0.199127	-0.0869058	0.0206536
3.0801	0.18692	-0.0891946	0.0193873
3.0932	0.174713	-0.0814889	0.0181252
3.1064	0.162506	-0.0792764	0.0168559
3.1195	0.149536	-0.0809548	0.0156109
3.1326	0.137329	-0.0862191	0.0143224
3.1457	0.125122	-0.0901101	0.0130561
3.1588	0.112152	-0.0883553	0.0117716
3.1719	0.0999451	-0.0909493	0.0105133
3.185	0.087738	-0.0927804	0.00921372
3.1981	0.0747681	-0.0885079	0.00794758
3.2112	0.062561	-0.0894235	0.00667414
3.2243	0.0495911	-0.0885079	0.0054143
3.2374	0.037384	-0.0957559	0.00411976
3.2505	0.025177	-0.0978158	0.00284527
3.2636	0.012207	-0.0975106	0.00155188
3.2768	0	-0.0954507	0.000299249
3.2899	-0.01297	-0.0976632	-0.00099251
3.303	-0.025177	-0.0911782	-0.00225992
3.3161	-0.038147	-0.0966714	-0.00352112
3.3292	-0.050354	-0.112235	-0.00476294
3.3423	-0.063324	-0.117347	-0.00604868
3.3554	-0.075531	-0.119788	-0.00730296
3.3685	-0.088501	-0.110175	-0.00856061
3.3816	-0.100708	-0.113075	-0.00977566
3.3947	-0.112915	-0.107734	-0.0110405
3.4078	-0.125885	-0.113532	-0.0122671
3.4209	-0.138092	-0.106971	-0.0135077
3.434	-0.150299	-0.11338	-0.0147302
3.4471	-0.163269	-0.10453	-0.0159479
3.4603	-0.175476	-0.109565	-0.0171594
3.4734	-0.187683	-0.099418	-0.0183551
3.4865	-0.19989	-0.102012	-0.0195257
3.4996	-0.212097	-0.0920937	-0.0207233
3.5127	-0.224304	-0.0917886	-0.0218985
3.5258	-0.236511	-0.0907205	-0.023064
3.5389	-0.248718	-0.0972054	-0.024226
3.552	-0.260925	-0.090339	-0.0253828
3.5651	-0.273132	-0.0920937	-0.0265143
3.5782	-0.285339	-0.0872872	-0.0276319
3.5913	-0.297546	-0.0920937	-0.0287223
3.6044	-0.30899	-0.0915597	-0.0298299
3.6175	-0.321198	-0.101936	-0.0309238
3.6306	-0.333405	-0.0949929	-0.0320136
3.6438	-0.344849	-0.0936959	-0.0330796
3.6569	-0.357056	-0.0886605	-0.0341317
3.67	-0.3685	-0.0941537	-0.0351557
3.6831	-0.379944	-0.0875161	-0.0361917
3.6962	-0.391388	-0.0759957	-0.0371906
3.7093	-0.403595	-0.0705026	-0.0382226
3.7224	-0.415039	-0.0737069	-0.0392119
3.7355	-0.426483	-0.0722573	-0.0401945
3.7486	-0.437164	-0.0735543	-0.0411511
3.7617	-0.448608	-0.0767587	-0.0421116
3.7748	-0.460052	-0.0647042	-0.0430532
3.7879	-0.470734	-0.0579904	-0.0439929
3.801	-0.482178	-0.065162	-0.0449017
3.8141	-0.492859	-0.072181	-0.0458004
3.8273	-0.504303	-0.0764535	-0.0466865
3.8404	-0.514984	-0.0720284	-0.0475395
3.8535	-0.525665	-0.0605843	-0.0484026
3.8666	-0.536346	-0.0587533	-0.0492267
3.8797	-0.547028	-0.0691293	-0.0500427
3.8928	-0.556946	-0.0581429	-0.0508545
3.9059	-0.567627	-0.0492928	-0.0516768
3.919	-0.577545	-0.0583718	-0.0524446
3.9321	-0.588226	-0.0657723	-0.0531637
3.9452	-0.598145	-0.0584481	-0.0539459
3.9583	-0.608063	-0.0620339	-0.0546869
3.9714	-0.617981	-0.0445626	-0.0553844
3.9845	-0.627899	-0.0559304	-0.0561261
3.9976	-0.637817	-0.0719521	-0.0568028
4.0108	-0.647736	-0.0376962	-0.0574833
4.0239	-0.656891	-0.059974	-0.0581512
4.037	-0.666046	-0.0338815	-0.0587772
4.0501	-0.675964	-0.0546334	-0.0594504
4.0632	-0.68512	-0.0410531	-0.0600046
4.0763	-0.694275	-0.0513528	-0.0606602
4.0894	-0.702667	-0.0342629	-0.0612062
4.1025	-0.711823	-0.0576852	-0.0618516
4.1156	-0.720978	-0.0210641	-0.0623477
4.1287	-0.72937	-0.0665353	-0.0629267
4.1418	-0.737762	-0.0069497	-0.0634561
4.1549	-0.746155	-0.0692056	-0.0639488
4.168	-0.754547	-0.0236581	-0.0645202
4.1811	-0.762939	-0.0315164	-0.0649365
4.1943	-0.770569	-0.0591348	-0.0654713
4.2074	-0.778961	-0.0163339	-0.0659317
4.2205	-0.786591	-0.0361703	-0.0663472
4.2336	-0.79422	-0.0419686	-0.0668244
4.2467	-0.801849	-0.032203	-0.0672687
4.2598	-0.809479	-0.0234292	-0.0676996
4.2729	-0.816345	-0.0262521	-0.0680765
4.286	-0.823975	-0.0331948	-0.0684752
4.2991	-0.830841	-0.0399087	-0.0688695
4.3122	-0.837708	-0.0285409	-0.0692662
4.3253	-0.844574	-0.0351785	-0.0696295
4.3384	-0.85144	-0.0212167	-0.0699656
4.3515	-0.857544	-0.0260232	-0.0703283
4.3646	-0.86441	-0.0235055	-0.0706379
4.3778	-0.870514	-0.0180123	-0.0709702
4.3909	-0.876617	-0.0216744	-0.0712661
4.404	-0.882721	-0.0154946	-0.0715708
4.4171	-0.888824	-0.0243447	-0.0718656
4.4302	-0.894165	-0.0206063	-0.072153
4.4433	-0.899506	-0.02259	-0.0724188
4.4564	-0.904846	-0.0195382	-0.0726864
4.4695	-0.910187	-0.0163339	-0.0729363
4.4826	-0.915527	-0.0177071	-0.0731816
4.4957	-0.920868	-0.0226663	-0.0734007
4.5088	-0.925446	-0.00580529	-0.0736382
4.5219	-0.930023	-0.0177071	-0.073876
4.535	-0.934601	-0.0162576	-0.0740628
4.5481	-0.939178	-0.0199197	-0.0742654
4.5613	-0.942993	-0.0123666	-0.0744686
4.5744	-0.947571	-0.0206063	-0.0746432
4.5875	-0.951385	-0.0173257	-0.0748228
4.6006	-0.9552	-0.019233	-0.0749944
4.6137	-0.959015	-0.00900964	-0.0751537
4.6268	-0.962067	-0.00145654	-0.0753094
4.6399	-0.965881	-0.0170968	-0.075463
4.653	-0.968933	-0.0221322	-0.0755891
4.6661	-0.971985	-0.0167916	-0.0757273
4.6792	-0.975037	-0.0183938	-0.0758343
4.6923	-0.977325	-0.00351647	-0.0759635
4.7054	-0.980377	0.000527104	-0.0760893
4.7185	-0.982666	-0.0173257	-0.0761947
4.7316	-0.984955	-0.0119851	-0.0762948
4.7448	-0.987244	-0.0145028	-0.0763768
4.7579	-0.98877	0.00319739	-0.0764745
4.771	-0.991058	-0.0169442	-0.0765601
4.7841	-0.992584	-0.00656823	-0.0766564
4.7972	-0.99411	-0.00511865	-0.0767087
4.8103	-0.995636	-0.0102303	-0.0767571
4.8234	-0.996399	0.00197669	-0.0768161
4.8365	-0.997162	0.000755986	-0.0768526
4.8496	-0.998688	-0.0160287	-0.0769092
4.8627	-0.999451	-0.00839929	-0.076927
4.8758	-0.999451	-0.000617305	-0.0769644
4.8889	-1.00021	-0.00328759	-0.0769937
4.902	-1.00021	-0.00244836	-0.0769982
4.9152	-1.00021	-0.000388423	-0.0770043
4.9283	-1.00021	-8.32475e-05	-0.0770111
4.9414	-1.00021	-0.00183801	-0.0770165
4.9545	-0.999451	-0.004432	-0.0770223
4.9676	-0.999451	-0.00420312	-0.0770179
4.9807	-0.998688	0.00869056	-0.0770132
4.9938	-0.997925	0.00548621	-0.0770246
5.0069	-0.996399	-0.0151894	-0.0769982
5.02	-0.995636	0.012963	-0.076994
5.0331	-0.99411	-0.00290612	-0.0770027
5.0462	-0.992584	-0.0116036	-0.0769759
5.0593	-0.991058	0.00350257	-0.0769732
5.0724	-0.98877	0.0183036	-0.0769463
5.0855	-0.987244	-0.0250314	-0.0769187
5.0987	-0.984955	0.0262382	-0.0768745
5.1118	-0.982666	0.0189902	-0.0768796
5.1249	-0.980377	-0.000464717	-0.0768314
5.138	-0.977325	-0.00153283	-0.0768114
5.1511	-0.975037	0.00624915	-0.0767657
5.1642	-0.971985	0.00487586	-0.0767353
5.1773	-0.968933	0.00670691	-0.0766875
5.1904	-0.965881	0.00319739	-0.0766435
5.2035	-0.962067	0.0018241	-0.0765879
5.2166	-0.959015	0.0141837	-0.0765246
5.2297	-0.9552	-0.00122766	-0.0764619
5.2428	-0.951385	0.00586768	-0.0763999
5.2559	-0.947571	0.0044181	-0.0763208
5.269	-0.943756	0.00174781	-0.0762442
5.2822	-0.939178	0.0044181	-0.0761591
5.2953	-0.934601	0.00144263	-0.0760744
5.3084	-0.930023	0.00144263	-0.0759855
5.3215	-0.925446	0.0128104	-0.0758782
5.3346	-0.920868	0.0114371	-0.0757691
5.3477	-0.915527	0.00952979	-0.0756541
5.3608	-0.910187	0.00899573	-0.0755339
5.3739	-0.905609	0.0115897	-0.0754095
5.387	-0.899506	0.00594397	-0.0752676
5.4001	-0.894165	0.00838538	-0.0751165
5.4132	-0.888824	0.0117423	-0.0749616
5.4263	-0.882721	0.0189139	-0.074798
5.4394	-0.876617	0.0202109	-0.07463
5.4525	-0.870514	0.0236442	-0.074461
5.4657	-0.86441	0.0239493	-0.0742749
5.4788	-0.857544	0.0184562	-0.0740802
5.4919	-0.85144	0.0138023	-0.0738683
5.505	-0.844574	0.0118949	-0.0736452
5.5181	-0.837708	0.0212028	-0.0734127
5.5312	-0.830841	0.02517	-0.0731712
5.5443	-0.823975	0.0205924	-0.0729056
5.5574	-0.817108	0.0203635	-0.0726354
5.5705	-0.809479	0.0257041	-0.0723728
5.5836	-0.801849	0.0177695	-0.0720911
5.5967	-0.79422	0.0239493	-0.0717706
5.6098	-0.786591	0.0283744	-0.0714431
5.6229	-0.778961	0.0218131	-0.0711202
5.636	-0.771332	0.0230338	-0.0708002
5.6492	-0.762939	0.0382926	-0.0704331
5.6623	-0.754547	0.0152518	-0.0700573
5.6754	-0.746155	0.0330283	-0.0697048
5.6885	-0.737762	0.0361564	-0.0692799
5.7016	-0.72937	0.0149467	-0.0688703
5.7147	-0.720978	0.0509574	-0.0684698
5.7278	-0.711823	0.0209739	-0.067999
5.7409	-0.70343	0.0354697	-0.0675883
5.754	-0.694275	0.0463798	-0.067044
5.7671	-0.68512	0.0257041	-0.0666325
5.7802	-0.675964	0.0566032	-0.0660635
5.7933	-0.666809	0.0115897	-0.0656158
5.8064	-0.656891	0.0665977	-0.0650014
5.8195	-0.647736	0.0227286	-0.0645309
5.8327	-0.637817	0.0614097	-0.0638936
5.8458	-0.627899	0.0382163	-0.0633733
5.8589	-0.617981	0.0422599	-0.0627194
5.872	-0.608063	0.0606467	-0.0621032
5.8851	-0.598145	0.035546	-0.061495
5.8982	-0.588226	0.0617911	-0.0608148
5.9113	-0.578308	0.0552299	-0.0601671
5.9244	-0.567627	0.0425651	-0.0594977
5.9375	-0.556946	0.0447013	-0.058767
5.9506	-0.547028	0.0641563	-0.0580651
5.9637	-0.536346	0.0657584	-0.0573284
5.9768	-0.525665	0.0520255	-0.0565648
5.9899	-0.514984	0.0558402	-0.0558004
6.003	-0.504303	0.0744559	-0.0550285
6.0162	-0.492859	0.0697257	-0.0542001
6.0293	-0.482178	0.0551536	-0.0533691
6.0424	-0.470734	0.0479056	-0.0525353
6.0555	-0.460052	0.0649955	-0.0516571
6.0686	-0.448608	0.0739982	-0.0507732
6.0817	-0.437164	0.0706412	-0.0498724
6.0948	-0.426483	0.0739219	-0.0489702
6.1079	-0.415039	0.0757529	-0.0480304
6.121	-0.403595	0.0705649	-0.0470676
6.1341	-0.392151	0.0714042	-0.0460847
6.1472	-0.379944	0.080712	-0.0451235
6.1603	-0.3685	0.0877311	-0.0441205
6.1734	-0.357056	0.0883414	-0.0431059
6.1865	-0.344849	0.0933768	-0.0420568
6.1997	-0.333405	0.0846793	-0.0409972
6.2128	-0.321198	0.0916221	-0.039925
6.2259	-0.309753	0.0847556	-0.0388234
6.239	-0.297546	0.0950553	-0.0376909
6.2521	-0.285339	0.0863578	-0.036546
6.2652	-0.273132	0.0870444	-0.035398
6.2783	-0.260925	0.0808646	-0.0342184
6.2914	-0.249481	0.0863578	-0.0330244
6.3045	-0.237274	0.0797965	-0.0318065
6.3176	-0.225067	0.0881888	-0.0305898
6.3307	-0.212097	0.0894096	-0.0293415
6.3438	-0.19989	0.100167	-0.0280696
6.3569	-0.187683	0.0921561	-0.0268177
6.37	-0.175476	0.0900199	-0.0255615
6.3832	-0.163269	0.0862052	-0.0242945
6.3963	-0.150299	0.0968864	-0.023033
6.4094	-0.138092	0.0956657	-0.0217412
6.4225	-0.125885	0.106042	-0.0204597
6.4356	-0.112915	0.104363	-0.0191681
6.4487	-0.100708	0.109551	-0.0178549
6.4618	-0.088501	0.107033	-0.0165763
6.4749	-0.075531	0.109322	-0.0152867
6.488	-0.063324	0.107186	-0.014006
6.5011	-0.050354	0.109399	-0.0126912
6.5142	-0.038147	0.10833	-0.0114077
6.5273	-0.0259399	0.110924	-0.0100991
6.5404	-0.01297	0.114587	-0.00878443
6.5536	0	0.112298	-0.0074598
6.5667	0.012207	0.109856	-0.00619583
6.5798	0.0244141	0.0953605	-0.00491625
6.5929	0.037384	0.102303	-0.00366586
6.606	0.0495911	0.11184	-0.00237926
6.6191	0.062561	0.119469	-0.0011117
6.6322	0.0747681	0.118554	0.000181609
6.6453	0.087738	0.104974	0.00145352
6.6584	0.0999451	0.0983359	0.00272492
6.6715	0.112152	0.0978019	0.00395078
6.6846	0.125122	0.0963523	0.00520512
6.6977	0.137329	0.0930717	0.00644569
6.7108	0.149536	0.0903251	0.00769976
6.7239	0.162506	0.091088	0.00890492
6.7371	0.174713	0.0954368	0.0101572
6.7502	0.18692	0.0868156	0.0113827
6.7633	0.199127	0.0770499	0.0125886
6.7764	0.211334	0.078118	0.0137539
6.7895	0.223541	0.0791099	0.0149432
6.8026	0.235748	0.082772	0.0161245
6.8157	0.247955	0.0839927	0.0173217
6.8288	0.260162	0.0785758	0.0184714
6.8419	0.272369	0.0757529	0.0196304
6.855	0.284576	0.078881	0.0207643
6.8681	0.296783	0.078881	0.0219035
6.8812	0.308228	0.0785758	0.0230028
6.8943	0.320435	0.086663	0.0241242
6.9074	0.332642	0.0843742	0.0252112
6.9206	0.344086	0.088494	0.0263246
6.9337	0.356293	0.0822379	0.0273755
6.9468	0.367737	0.0863578	0.0284279
6.9599	0.379181	0.0863578	0.0294741
6.973	0.390625	0.0822379	0.0305265
6.9861	0.402832	0.0743034	0.0315221
6.9992	0.414276	0.0695731	0.0325198
7.0123	0.42572	0.071099	0.0334786
7.0254	0.436401	0.0836875	0.0344598
7.0385	0.447845	0.0823905	0.0354118
7.0516	0.45929	0.0695731	0.0363426
7.0647	0.469971	0.0617911	0.0372716
7.0778	0.481415	0.0665214	0.0382081
7.0909	0.492096	0.0579764	0.039129
7.1041	0.50354	0.0683524	0.0399917
7.1172	0.514221	0.0785758	0.0408589
7.1303	0.524902	0.0628593	0.0417207
7.1434	0.535583	0.0616386	0.0425649
7.1565	0.546265	0.0723197	0.0433746
7.1696	0.556183	0.0616386	0.0441766
7.1827	0.566864	0.045922	0.0449837
7.1958	0.576782	0.0593497	0.0457944
7.2089	0.587463	0.0621726	0.0465509
7.222	0.597382	0.0497367	0.0472749
7.2351	0.6073	0.0617148	0.0480121
7.2482	0.617218	0.0587394	0.0486982
7.2613	0.627136	0.0453116	0.0494387
7.2744	0.637054	0.0681998	0.0501409
7.2876	0.646973	0.0361564	0.0507897
7.3007	0.656128	0.0605704	0.0514677
7.3138	0.665283	0.0437858	0.0520759
7.3269	0.675201	0.0436332	0.0527595
7.34	0.684357	0.0564506	0.0533441
7.3531	0.693512	0.036843	0.0539692
7.3662	0.701904	0.0504233	0.0544976
7.3793	0.71106	0.0347831	0.0551498
7.3924	0.720215	0.0405814	0.0556256
7.4055	0.728607	0.051644	0.0562482
7.4186	0.737	0.0147178	0.0567135
7.4317	0.745392	0.0719382	0.0572735
7.4448	0.753784	0.0150992	0.0577816
7.4579	0.762177	0.0462272	0.0582264
7.4711	0.769806	0.0479056	0.0587825
7.4842	0.778198	0.0198295	0.059213
7.4973	0.785828	0.0410392	0.0596473
7.5104	0.793457	0.0349357	0.0601018
7.5235	0.801086	0.0324943	0.06053
7.5366	0.808716	0.0214316	0.0609307
7.5497	0.815582	0.0315787	0.0613167
7.5628	0.823212	0.0349357	0.0617052
7.5759	0.830078	0.0431754	0.0621128
7.589	0.836945	0.0215079	0.0624663
7.6021	0.843811	0.0274589	0.0628319
7.6152	0.850677	0.0237968	0.0631502
7.6283	0.856781	0.0170829	0.0634977
7.6414	0.863647	0.0315024	0.0638122
7.6546	0.869751	0.0182273	0.0641281
7.6677	0.875854	0.0244071	0.0644307
7.6808	0.881958	0.0214316	0.0647212
7.6939	0.888062	0.0210502	0.0650008
7.707	0.893402	0.0183036	0.0652665
7.7201	0.898743	0.0178458	0.0655291
7.7332	0.904083	0.012429	0.0658005
7.7463	0.909424	0.0199058	0.0660341
7.7594	0.914764	0.0254752	0.0662579
7.7725	0.920105	0.0141837	0.0664757
7.7856	0.924683	0.0134208	0.066713
7.7987	0.92926	0.0154044	0.066925
7.8118	0.933838	0.0100638	0.0671197
7.8249	0.938416	0.0257804	0.0672978
7.8381	0.94223	0.0134208	0.0674925
7.8512	0.946808	0.0170829	0.0676584
7.8643	0.950623	0.0198295	0.0678365
7.8774	0.954437	0.022042	0.0679964
7.8905	0.958252	0.0143363	0.0681435
7.9036	0.961304	-0.00122766	0.0682849
7.9167	0.965118	0.0122001	0.0684423
7.9298	0.96817	0.0222709	0.068552
7.9429	0.971222	0.0160148	0.0686847
7.956	0.974274	0.0178458	0.0687892
7.9691	0.976562	0.0018241	0.0689196
7.9822	0.979614	-0.000159541	0.0690195
7.9953	0.981903	0.0198295	0.0691105
8.0084	0.984192	0.0100638	0.0691932
8.0216	0.986481	0.0151755	0.0692646
8.0347	0.988007	-0.00290612	0.0693597
8.0478	0.990295	0.0149467	0.06942
8.0609	0.991821	0.00533362	0.0694999
8.074	0.993347	0.00617286	0.0695444
8.0871	0.994873	0.00830909	0.0695872
8.1002	0.995636	-0.00427941	0.0696295
8.1133	0.996399	-0.00229577	0.0696514
8.1264	0.997925	0.0141074	0.0696977
8.1395	0.998688	0.00785132	0.0697042
8.1526	0.998688	-0.00160913	0.0697309
8.1657	0.999451	0.000603398	0.069752
8.1788	0.999451	0.000984868	0.0697438
8.192	0.999451	-0.00130395	0.0697387
8.2051	0.999451	-0.00145654	0.0697348
8.2182	0.999451	-0.000235835	0.0697279
8.2313	0.998688	0.00258704	0.0697209
8.2444	0.998688	0.00273963	0.0697044
8.2575	0.997925	-0.00725488	0.0696878
8.2706	0.997162	-0.00580529	0.0696838
8.2837	0.995636	0.0135734	0.0696502
8.2968	0.994873	-0.011451	0.0696301
8.3099	0.993347	0.000298222	0.0696255
8.323	0.991821	0.0119712	0.0695894
8.3361	0.990295	-0.00138024	0.0695717
8.3492	0.988007	-0.017936	0.0695356
8.3623	0.986481	0.0237968	0.0694975
8.3755	0.984192	-0.0260232	0.0694415
8.3886	0.981903	-0.0186227	0.0694384
8.4017	0.979614	-0.00176171	0.0693796
8.4148	0.976562	0.00212928	0.0693482
8.4279	0.974274	-0.00527124	0.0692907
8.441	0.971222	-0.00656823	0.0692419
8.4541	0.96817	-0.00672082	0.0691797
8.4672	0.965118	-0.00366906	0.0691233
8.4803	0.961304	-0.00214318	0.0690507
8.4934	0.958252	-0.0131295	0.068976
8.5065	0.954437	0.00136634	0.0689038
8.5196	0.950623	-0.0106118	0.0688273
8.5327	0.946808	-0.00527124	0.0687336
8.5458	0.942993	-0.0045083	0.0686458
8.559	0.938416	-0.0109933	0.0685484
8.5721	0.933838	-0.00282983	0.0684514
8.5852	0.92926	-0.00488977	0.0683558
8.5983	0.924683	-0.0173257	0.068234
8.6114	0.920105	-0.0141976	0.0681024
8.6245	0.914764	-0.0121377	0.0679848
8.6376	0.909424	-0.0119851	0.0678457
8.6507	0.904846	-0.0143502	0.0677106
8.6638	0.898743	-0.00977258	0.0675569
8.6769	0.893402	-0.00839929	0.0673948
8.69	0.888062	-0.00923852	0.0672284
8.7031	0.881958	-0.0128243	0.0670575
8.7162	0.875854	-0.0149606	0.0668718
8.7293	0.869751	-0.0230477	0.0666793
8.7425	0.863647	-0.0259469	0.0664759
8.7556	0.856781	-0.0244973	0.0662708
8.7687	0.850677	-0.0185464	0.0660534
8.7818	0.843811	-0.00939111	0.0658269
8.7949	0.836945	-0.019996	0.0655847
8.808	0.830078	-0.0239633	0.0653424
8.8211	0.823212	-0.0229714	0.0650548
8.8342	0.816345	-0.0263284	0.0647749
8.8473	0.808716	-0.0286935	0.0645027
8.8604	0.801086	-0.0148843	0.0642047
8.8735	0.793457	-0.0260995	0.0638908
8.8866	0.785828	-0.025718	0.0635633
8.8997	0.778198	-0.0300668	0.0632198
8.9128	0.770569	-0.0200723	0.062887
8.926	0.762177	-0.0370095	0.0625005
8.9391	0.753784	-0.0285409	0.0621089
8.9522	0.745392	-0.0277017	0.0617381
8.9653	0.737	-0.0395272	0.0613142
8.9784	0.728607	-0.0216744	0.0608731
8.9915	0.720215	-0.0447152	0.0604804
9.0046	0.71106	-0.0338815	0.0599859
9.0177	0.702667	-0.0240395	0.0595609
9.0308	0.693512	-0.0575326	0.0590228
9.0439	0.684357	-0.0170205	0.0585984
9.057	0.675201	-0.0684426	0.0580385
9.0701	0.666046	-0.0102303	0.0575265
9.0832	0.656128	-0.0788186	0.0569604
9.0963	0.646973	-0.0164864	0.0564311
9.1095	0.637054	-0.0684426	0.0558248
9.1226	0.627136	-0.0297616	0.0552675
9.1357	0.617218	-0.045707	0.0546082
9.1488	0.6073	-0.0636361	0.0540177
9.1619	0.597382	-0.0369332	0.0533753
9.175	0.587463	-0.059974	0.052726
9.1881	0.577545	-0.0534127	0.0520561
9.2012	0.566864	-0.0405953	0.051346
9.2143	0.556183	-0.0566171	0.0506058
9.2274	0.546265	-0.0624154	0.0499051
9.2405	0.535583	-0.0639413	0.0491809
9.2536	0.524902	-0.0555489	0.0483849
9.2667	0.514221	-0.0569985	0.0476231
9.2798	0.50354	-0.0701211	0.0468387
9.293	0.492096	-0.0587533	0.0460149
9.3061	0.481415	-0.0528787	0.0451646
9.3192	0.469971	-0.0522683	0.0443284
9.3323	0.45929	-0.0796578	0.0434492
9.3454	0.447845	-0.0782845	0.0425609
9.3585	0.436401	-0.0740884	0.0416905
9.3716	0.42572	-0.072944	0.0407651
9.3847	0.414276	-0.06829	0.0398412
9.3978	0.402832	-0.0700448	0.0388848
9.4109	0.391388	-0.0728677	0.0379308
9.424	0.379181	-0.0796578	0.0369237
9.4371	0.367737	-0.0784371	0.0359133
9.4502	0.356293	-0.0800393	0.034884
9.4633	0.344086	-0.0804208	0.0338397
9.4765	0.332642	-0.0795052	0.032757
9.4896	0.320435	-0.0857613	0.031681
9.5027	0.30899	-0.0810311	0.0305616
9.5158	0.296783	-0.0788186	0.0294527
9.5289	0.284576	-0.0831674	0.0282951
9.542	0.272369	-0.0748513	0.0271336
9.5551	0.260162	-0.0749276	0.0259497
9.5682	0.248718	-0.0808785	0.024771
9.5813	0.236511	-0.0801156	0.0235413
9.5944	0.224304	-0.0775979	0.0223258
9.6075	0.211334	-0.0820992	0.02109
9.6206	0.199127	-0.0822518	0.0198679
9.6337	0.18692	-0.0860665	0.0186058
9.6468	0.174713	-0.0817178	0.0173418
9.66	0.162506	-0.0805734	0.016068
9.6731	0.149536	-0.0833199	0.0148247
9.6862	0.137329	-0.0886605	0.0135218
9.6993	0.125122	-0.086448	0.0122519
9.7124	0.112152	-0.0854562	0.0109756
9.7255	0.0999451	-0.0896523	0.00971464
9.7386	0.087738	-0.09217	0.00841357
9.7517	0.0747681	-0.0902627	0.00713995
9.7648	0.062561	-0.0914834	0.0058593
9.7779	0.0495911	-0.0912545	0.00460274
9.791	0.037384	-0.0952218	0.00330261
9.8041	0.025177	-0.101325	0.00202747
9.8172	0.012207	-0.103996	0.000724378
9.8304	0	-0.0965951	-0.000529883
9.8435	-0.01297	-0.0992654	-0.00182709
9.8566	-0.025177	-0.0927804	-0.00310401
9.8697	-0.038147	-0.0988839	-0.00437269
9.8828	-0.050354	-0.110862	-0.00561963
9.8959	-0.063324	-0.120323	-0.00690836
9.909	-0.075531	-0.120628	-0.00817998
9.9221	-0.088501	-0.108344	-0.00943881
9.9352	-0.100708	-0.108955	-0.0106608
9.9483	-0.112915	-0.111244	-0.0119258
9.9614	-0.125885	-0.115745	-0.0131623
9.9745	-0.138092	-0.107124	-0.0144025
9.9876	-0.150299	-0.114143	-0.0156319
10.0007	-0.163269	-0.104453	-0.0168571
10.0139	-0.175476	-0.108497	-0.0180731
10.027	-0.187683	-0.0956796	-0.0192785
10.0401	-0.19989	-0.0991891	-0.0204428
10.0532	-0.212097	-0.0939248	-0.0216407
10.0663	-0.224304	-0.0967477	-0.0228297
10.0794	-0.236511	-0.0920937	-0.0239977
10.0925	-0.248718	-0.0969003	-0.0251695
10.1056	-0.260925	-0.0860665	-0.0263187
10.1187	-0.273132	-0.09217	-0.0274512
10.1318	-0.285339	-0.0875924	-0.0285718
10.1449	-0.297546	-0.0930856	-0.0296717
10.158	-0.30899	-0.0932382	-0.0307806
10.1711	-0.321198	-0.102699	-0.0318845
10.1842	-0.333405	-0.0874398	-0.0329742
10.1974	-0.344849	-0.100562	-0.0340342
10.2105	-0.357056	-0.0889657	-0.0351031
10.2236	-0.3685	-0.0889657	-0.0361204
10.2367	-0.379944	-0.0854562	-0.037156
10.2498	-0.391388	-0.0758431	-0.0381561
10.2629	-0.403595	-0.07035	-0.0391836
10.276	-0.415039	-0.0685952	-0.0401713
10.2891	-0.426483	-0.0762246	-0.0411569
10.3022	-0.437164	-0.0767587	-0.0421224
10.3153	-0.448608	-0.0748513	-0.0430937
10.3284	-0.460052	-0.0576852	-0.0440214
10.3415	-0.470734	-0.0586007	-0.0449517
10.3546	-0.482178	-0.0673745	-0.0458648
10.3677	-0.492859	-0.0718758	-0.0467649
10.3809	-0.504303	-0.0740121	-0.0476417
10.394	-0.514984	-0.0738595	-0.0484944
10.4071	-0.525665	-0.0591348	-0.0493559
10.4202	-0.536346	-0.0597451	-0.0501835
10.4333	-0.547028	-0.0668404	-0.0509988
10.4464	-0.556946	-0.0601266	-0.0518087
10.4595	-0.567627	-0.0510476	-0.0526328
10.4726	-0.577545	-0.0586007	-0.0533937
10.4857	-0.588226	-0.0657723	-0.0541154
10.4988	-0.598145	-0.0521157	-0.0548904
10.5119	-0.608063	-0.0653909	-0.0556251
10.525	-0.617981	-0.043876	-0.0563353
10.5381	-0.627899	-0.0496743	-0.0570603
10.5512	-0.637817	-0.0750039	-0.0577429
10.5644	-0.647736	-0.032203	-0.0584285
10.5775	-0.656891	-0.0576089	-0.0590772
10.5906	-0.666046	-0.0384591	-0.0597152
10.6037	-0.675964	-0.0538705	-0.0603828
10.6168	-0.68512	-0.0389169	-0.0609325
10.6299	-0.694275	-0.0509713	-0.0615897
10.643	-0.702667	-0.0316689	-0.0621309
10.6561	-0.711823	-0.0541757	-0.0627699
10.6692	-0.720978	-0.0244973	-0.0632669
10.6823	-0.72937	-0.0633309	-0.0638455
10.6954	-0.737762	-0.00916223	-0.06437
10.7085	-0.746155	-0.0666116	-0.0648633
10.7216	-0.754547	-0.0249551	-0.0654242
10.7347	-0.762939	-0.0283883	-0.065845
10.7479	-0.770569	-0.0579904	-0.0663829
10.761	-0.778961	-0.0145028	-0.0668277
10.7741	-0.786591	-0.0338052	-0.067251
10.7872	-0.79422	-0.0427316	-0.0677243
10.8003	-0.801849	-0.0325082	-0.0681704
10.8134	-0.809479	-0.0222085	-0.0685958
10.8265	-0.816345	-0.0295327	-0.0689695
10.8396	-0.823975	-0.0331948	-0.0693666
10.8527	-0.830841	-0.040519	-0.0697596
10.8658	-0.837708	-0.0301431	-0.0701522
10.8789	-0.844574	-0.0337289	-0.070518
10.892	-0.85144	-0.0206063	-0.0708529
10.9051	-0.857544	-0.0236581	-0.0712102
10.9182	-0.86441	-0.0238107	-0.0715212
10.9314	-0.870514	-0.0190804	-0.0718478
10.9445	-0.876617	-0.02053	-0.0721426
10.9576	-0.882721	-0.0178597	-0.0724473
10.9707	-0.888824	-0.0225137	-0.0727396
10.9838	-0.894165	-0.0191567	-0.0730245
10.9969	-0.899506	-0.0234292	-0.0732875
11.01	-0.904846	-0.0180886	-0.0735513
11.0231	-0.910187	-0.0141976	-0.073808
11.0362	-0.915527	-0.0245736	-0.0740423
11.0493	-0.920868	-0.0199197	-0.0742626
11.0624	-0.925446	-0.00687341	-0.0744991
11.0755	-0.930023	-0.0177071	-0.0747314
11.0886	-0.934601	-0.0161813	-0.0749261
11.1017	-0.939178	-0.0193093	-0.0751249
11.1149	-0.942993	-0.0129769	-0.0753244
11.128	-0.947571	-0.0195382	-0.0755019
11.1411	-0.951385	-0.0164864	-0.0756817
11.1542	-0.9552	-0.0197671	-0.0758488
11.1673	-0.959015	-0.011451	-0.0760082
11.1804	-0.962067	-0.00458459	-0.0761609
11.1935	-0.965881	-0.0162576	-0.0763138
11.2066	-0.968933	-0.0215981	-0.0764404
11.2197	-0.971985	-0.017402	-0.0765766
11.2328	-0.975037	-0.0184701	-0.0766852
11.2459	-0.977325	-0.00366906	-0.0768122
11.259	-0.980377	-0.000998775	-0.0769403
11.2721	-0.982666	-0.0187753	-0.0770408
11.2852	-0.984955	-0.0128243	-0.0771435
11.2984	-0.987244	-0.017936	-0.0772214
11.3115	-0.98877	0.00365516	-0.0773231
11.3246	-0.991058	-0.016105	-0.0774059
11.3377	-0.992584	-0.005729	-0.0775018
11.3508	-0.99411	-0.00344018	-0.0775573
11.3639	-0.995636	-0.0119088	-0.077597
11.377	-0.996399	0.0018241	-0.0776591
11.3901	-0.997162	0.00113746	-0.0776935
11.4032	-0.998688	-0.0156472	-0.07775
11.4163	-0.999451	-0.00832299	-0.0777681
11.4294	-0.999451	0.000221928	-0.0778059
11.4425	-1.00021	-0.00130395	-0.0778359
11.4556	-1.00021	-0.00130395	-0.0778396
11.4688	-1.00021	0.00243445	-0.0778466
11.4819	-1.00021	-0.000464717	-0.0778539
11.495	-1.00021	-8.32475e-05	-0.07786
11.5081	-0.999451	-0.00267724	-0.0778646
11.5212	-0.999451	-0.00282983	-0.0778624
11.5343	-0.998688	0.00464698	-0.0778583
11.5474	-0.997925	0.00418921	-0.0778656
11.5605	-0.996399	-0.0157235	-0.0778413
11.5736	-0.995636	0.0149467	-0.0778377
11.5867	-0.99411	-0.00290612	-0.0778425
11.5998	-0.992584	-0.0103829	-0.0778184
11.6129	-0.991058	0.00159522	-0.0778121
11.626	-0.98877	0.0204398	-0.0777864
11.6391	-0.987244	-0.0267861	-0.0777595
11.6523	-0.984955	0.0266959	-0.0777151
11.6654	-0.982666	0.0183036	-0.0777204
11.6785	-0.980377	0.000374516	-0.077672
11.6916	-0.977325	-0.000922481	-0.0776517
11.7047	-0.975037	0.0056388	-0.0776058
11.7178	-0.971985	0.00479956	-0.0775762
11.7309	-0.968933	0.0056388	-0.0775307
11.744	-0.965881	0.00457068	-0.0774855
11.7571	-0.962067	0.00235816	-0.0774279
11.7702	-0.959015	0.0120475	-0.0773635
11.7833	-0.9552	-0.00206689	-0.0773035
11.7964	-0.951385	0.00579139	-0.0772394
11.8095	-0.947571	0.0044181	-0.0771643
11.8226	-0.943756	0.00342627	-0.0770877
11.8358	-0.939178	0.00548621	-0.0770034
11.8489	-0.934601	0.00289222	-0.0769213
11.862	-0.930023	0.0044181	-0.0768318
11.8751	-0.925446	0.0178458	-0.0767194
11.8882	-0.920868	0.0161674	-0.0766076
11.9013	-0.915527	0.0108268	-0.0764952
11.9144	-0.910187	0.0119712	-0.0763752
11.9275	-0.905609	0.0135734	-0.0762537
11.9406	-0.899506	0.00449439	-0.0761111
11.9537	-0.894165	0.0094535	-0.0759625
11.9668	-0.888824	0.0144889	-0.0758096
11.9799	-0.882721	0.0186088	-0.0756479
11.993	-0.876617	0.0164725	-0.0754772
12.0061	-0.870514	0.0201346	-0.0753067
12.0193	-0.86441	0.0222709	-0.075119
12.0324	-0.857544	0.0222709	-0.0749233
12.0455	-0.85144	0.01632	-0.0747162
12.0586	-0.844574	0.00907203	-0.0744928
12.0717	-0.837708	0.0180747	-0.0742577
12.0848	-0.830841	0.0271537	-0.0740167
12.0979	-0.823975	0.0190665	-0.0737556
12.111	-0.817108	0.0200584	-0.0734777
12.1241	-0.809479	0.0295951	-0.0732275
12.1372	-0.801849	0.0128104	-0.0729384
12.1503	-0.79422	0.0254752	-0.0726227
12.1634	-0.786591	0.0256278	-0.0722952
12.1765	-0.778961	0.0188377	-0.0719711
12.1896	-0.771332	0.0223472	-0.0716524
12.2028	-0.762939	0.0373771	-0.0712795
12.2159	-0.754547	0.0187614	-0.0709104
12.229	-0.746155	0.0327231	-0.0705561
12.2421	-0.737762	0.0370719	-0.0701313
12.2552	-0.72937	0.0186088	-0.0697262
12.2683	-0.720978	0.0485923	-0.0693239
12.2814	-0.711823	0.0238731	-0.0688571
12.2945	-0.70343	0.0344779	-0.0684465
12.3076	-0.694275	0.0424888	-0.0678999
12.3207	-0.68512	0.0256278	-0.0674876
12.3338	-0.675964	0.056832	-0.0669222
12.3469	-0.666809	0.0152518	-0.0664752
12.36	-0.656891	0.0680472	-0.0658597
12.3731	-0.647736	0.023339	-0.0653891
12.3863	-0.637817	0.0650718	-0.0647491
12.3994	-0.627899	0.0356223	-0.0642315
12.4125	-0.617981	0.0421836	-0.063582
12.4256	-0.608063	0.0585868	-0.0629566
12.4387	-0.598145	0.036843	-0.062357
12.4518	-0.588226	0.0611808	-0.0616705
12.4649	-0.578308	0.0541617	-0.0610291
12.478	-0.567627	0.039437	-0.0603594
12.4911	-0.556946	0.0493552	-0.059632
12.5042	-0.547028	0.0649955	-0.0589184
12.5173	-0.536346	0.0624015	-0.0581882
12.5304	-0.525665	0.0526359	-0.0574355
12.5435	-0.514984	0.0620963	-0.0566626
12.5566	-0.504303	0.0750663	-0.0558818
12.5698	-0.492859	0.0585868	-0.0550658
12.5829	-0.482178	0.0574424	-0.0542446
12.596	-0.470734	0.0505759	-0.0533975
12.6091	-0.460052	0.0619437	-0.0525184
12.6222	-0.448608	0.0732352	-0.0516385
12.6353	-0.437164	0.0695731	-0.0507364
12.6484	-0.426483	0.0714805	-0.0498318
12.6615	-0.415039	0.0743034	-0.0488999
12.6746	-0.403595	0.0757529	-0.0479308
12.6877	-0.392151	0.0707938	-0.0469418
12.7008	-0.379944	0.0783469	-0.0459825
12.7139	-0.3685	0.0847556	-0.0449823
12.727	-0.357056	0.0877311	-0.0439761
12.7401	-0.344849	0.0913932	-0.0429219
12.7533	-0.333405	0.0839164	-0.0418665
12.7664	-0.321198	0.0915458	-0.0407869
12.7795	-0.309753	0.0839927	-0.0396915
12.7926	-0.297546	0.0964286	-0.0385587
12.8057	-0.285339	0.0908591	-0.0374145
12.8188	-0.273132	0.0876548	-0.0362614
12.8319	-0.260925	0.0794913	-0.0350872
12.845	-0.249481	0.0880363	-0.0338939
12.8581	-0.237274	0.0836112	-0.0326743
12.8712	-0.225067	0.0855186	-0.0314469
12.8843	-0.212097	0.0854423	-0.0301983
12.8974	-0.19989	0.0968864	-0.0289419
12.9105	-0.187683	0.0903251	-0.0276896
12.9236	-0.175476	0.0907828	-0.0264304
12.9368	-0.163269	0.0886466	-0.0251619
12.9499	-0.150299	0.0985648	-0.0238918
12.963	-0.138092	0.0939872	-0.0225984
12.9761	-0.125885	0.10711	-0.0213099
12.9892	-0.112915	0.102837	-0.0200139
13.0023	-0.100708	0.106728	-0.0187058
13.0154	-0.088501	0.105736	-0.0174291
13.0285	-0.075531	0.109246	-0.0161381
13.0416	-0.063324	0.106957	-0.0148557
13.0547	-0.050354	0.109551	-0.0135395
13.0678	-0.038147	0.110314	-0.0122515
13.0809	-0.0259399	0.113824	-0.0109336
13.094	-0.01297	0.116799	-0.0096166
