0	0	-0.00591998	0
0.0131	0.012207	0.0556492	-0.00345983
0.0262	0.0244141	0.107834	-0.0033607
0.0393	0.037384	0.112259	-0.00216827
0.0524	0.0495911	0.0670933	-0.00108366
0.0655	0.062561	0.0757145	3.09426e-05
0.0786	0.0747681	0.12584	0.00148824
0.0917	0.087738	0.149567	0.00319121
0.1048	0.0999451	0.160935	0.00502155
0.1179	0.112152	0.131104	0.00636589
0.131	0.125122	0.149491	0.00819186
0.1441	0.137329	0.157196	0.00998931
0.1572	0.149536	0.163071	0.0118152
0.1703	0.162506	0.162613	0.01357
0.1835	0.174713	0.164139	0.0153756
0.1966	0.18692	0.16063	0.0171297
0.2097	0.199127	0.152237	0.0188682
0.2228	0.211334	0.144684	0.0205349
0.2359	0.223541	0.138352	0.0222205
0.249	0.235748	0.13881	0.0238632
0.2621	0.247955	0.132248	0.0255188
0.2752	0.260162	0.128891	0.0270859
0.2883	0.272369	0.121872	0.0286654
0.3014	0.284576	0.120499	0.0301941
0.3145	0.296783	0.108521	0.0317137
0.3276	0.308228	0.100129	0.033147
0.3407	0.320435	0.108063	0.0345851
0.3538	0.332642	0.106614	0.0359775
0.367	0.344086	0.110886	0.0373931
0.3801	0.356293	0.103486	0.0387206
0.3932	0.367737	0.106614	0.0400327
0.4063	0.379181	0.107071	0.0413107
0.4194	0.390625	0.101273	0.0425854
0.4325	0.402832	0.0944066	0.0437846
0.4456	0.414276	0.0863957	0.0449754
0.4587	0.42572	0.0871586	0.0461179
0.4718	0.436401	0.0953984	0.0472562
0.4849	0.447845	0.0915074	0.0483458
0.498	0.45929	0.0794529	0.0494188
0.5111	0.469971	0.066483	0.0504689
0.5242	0.481415	0.0680089	0.0515032
0.5373	0.492096	0.0657963	0.0525117
0.5505	0.50354	0.0807499	0.0534584
0.5636	0.514221	0.0791478	0.05439
0.5767	0.524902	0.064423	0.0552895
0.5898	0.535583	0.0645756	0.0561777
0.6029	0.546265	0.0728917	0.0570036
0.616	0.556183	0.0678563	0.0578283
0.6291	0.566864	0.0429844	0.05864
0.6422	0.576782	0.0582432	0.0594291
0.6553	0.587463	0.0642705	0.060177
0.6684	0.597382	0.0501561	0.0608794
0.6815	0.6073	0.058701	0.0615862
0.6946	0.617218	0.0538182	0.0622268
0.7077	0.627136	0.0377965	0.0629143
0.7208	0.637054	0.0616765	0.0635537
0.734	0.646973	0.034821	0.0641363
0.7471	0.656128	0.0521397	0.0647531
0.7602	0.665283	0.0436711	0.0652764
0.7733	0.675201	0.0285649	0.0658884
0.7864	0.684357	0.0557255	0.0663773
0.7995	0.693512	0.0178837	0.0669148
0.8126	0.701904	0.0590062	0.0673619
0.8257	0.71106	0.010178	0.0678937
0.8388	0.720215	0.0504613	0.0682969
0.8519	0.728607	0.0210118	0.0687871
0.865	0.737	0.034821	0.0691666
0.8781	0.745392	0.038712	0.0696217
0.8912	0.753784	0.023911	0.0699918
0.9043	0.762177	0.036118	0.0703728
0.9175	0.769806	0.0313878	0.0707692
0.9306	0.778198	0.0204777	0.0711131
0.9437	0.785828	0.028336	0.0714401
0.9568	0.793457	0.0292515	0.0717716
0.9699	0.801086	0.0207066	0.0720876
0.983	0.808716	0.0176549	0.0723874
0.9961	0.815582	0.0202488	0.0726738
1.0092	0.823212	0.0261998	0.072949
1.0223	0.830078	0.0290989	0.0732354
1.0354	0.836945	0.0149083	0.0734881
1.0485	0.843811	0.0162816	0.0737464
1.0616	0.850677	0.0194096	0.0739722
1.0747	0.856781	0.0160527	0.0742034
1.0878	0.863647	0.0173497	0.0744326
1.101	0.869751	0.0184941	0.0746493
1.1141	0.875854	0.016663	0.074858
1.1272	0.881958	0.0175786	0.0750538
1.1403	0.888062	0.015366	0.0752369
1.1534	0.893402	0.0181126	0.0754119
1.1665	0.898743	0.0138402	0.0755822
1.1796	0.904083	0.0106358	0.0757586
1.1927	0.909424	0.00514265	0.0759135
1.2058	0.914764	0.0142979	0.0760685
1.2189	0.920105	0.0116276	0.0762019
1.232	0.924683	0.0094914	0.0763523
1.2451	0.92926	0.00560041	0.0764934
1.2582	0.933838	0.00849958	0.0766153
1.2713	0.938416	0.0163579	0.0767325
1.2845	0.94223	0.00842329	0.0768541
1.2976	0.946808	0.0126195	0.0769614
1.3107	0.950623	0.0119328	0.0770709
1.3238	0.954437	0.0139927	0.0771741
1.3369	0.958252	0.00895734	0.0772653
1.35	0.961304	-0.00126605	0.0773428
1.3631	0.965118	0.00926252	0.0774353
1.3762	0.96817	0.0184941	0.0775138
1.3893	0.971222	0.0158238	0.0775938
1.4024	0.974274	0.0136113	0.0776548
1.4155	0.976562	0.00399824	0.0777345
1.4286	0.979614	0.00239606	0.0777845
1.4417	0.981903	0.0130009	0.0778439
1.4548	0.984192	0.0124669	0.0778939
1.468	0.986481	0.0180363	0.0779334
1.4811	0.988007	-0.00729327	0.0779833
1.4942	0.990295	0.0111699	0.078036
1.5073	0.991821	0.00178571	0.0780517
1.5204	0.993347	0.00102277	0.0780867
1.5335	0.994873	0.00529523	0.0781012
1.5466	0.995636	3.09517e-05	0.0781241
1.5597	0.996399	-0.000655694	0.0781344
1.5728	0.997925	0.00102277	0.0781584
1.5859	0.998688	0.0133824	0.0781556
1.599	0.998688	-0.00172381	0.0781641
1.6121	0.999451	-0.00599627	0.0781788
1.6252	0.999451	-0.00256304	0.0781702
1.6384	0.999451	0.000336127	0.0781587
1.6515	0.999451	-0.000503106	0.0781477
1.6646	0.999451	0.00140424	0.0781368
1.6777	0.998688	-0.00141863	0.0781263
1.6908	0.998688	0.00102277	0.0781141
1.7039	0.997925	0.00552412	0.0780944
1.717	0.997162	0.00216718	0.0780766
1.7301	0.995636	0.00895734	0.0780569
1.7432	0.994873	0.00804182	0.078035
1.7563	0.993347	0.00590559	0.0780165
1.7694	0.991821	0.00544782	0.0779926
1.7825	0.990295	-0.000731988	0.0779747
1.7956	0.988007	-0.00744586	0.0779399
1.8087	0.986481	0.00720258	0.0779178
1.8219	0.984192	0.0081944	0.0778705
1.835	0.981903	-0.0107265	0.0778315
1.8481	0.979614	-0.0111843	0.0777981
1.8612	0.976562	-0.00279192	0.0777843
1.8743	0.974274	-0.00912432	0.0777437
1.8874	0.971222	-0.00744586	0.0777064
1.9005	0.96817	-0.00645403	0.0776632
1.9136	0.965118	-0.00584368	0.0776184
1.9267	0.961304	-4.53422e-05	0.0775676
1.9398	0.958252	-0.00462298	0.0775147
1.9529	0.954437	-0.00202898	0.0774671
1.966	0.950623	-0.00920062	0.0774056
1.9791	0.946808	-0.00164752	0.07735
1.9922	0.942993	-0.00393633	0.077279
2.0054	0.938416	-0.0107265	0.0772208
2.0185	0.933838	-0.00485186	0.0771578
2.0316	0.92926	-0.00614886	0.0770863
2.0447	0.924683	-0.0117946	0.0770015
2.0578	0.920105	-0.00462298	0.0769231
2.0709	0.914764	-0.0133205	0.0768425
2.084	0.909424	0.000870185	0.0767503
2.0971	0.904846	-0.00904803	0.076668
2.1102	0.898743	-0.00172381	0.0765662
2.1233	0.893402	-0.00721697	0.0764688
2.1364	0.888062	-0.0108791	0.0763613
2.1495	0.881958	-0.00721697	0.0762524
2.1626	0.875854	-0.00202898	0.0761399
2.1757	0.869751	-0.0114894	0.0760187
2.1889	0.863647	-0.0107265	0.0758854
2.202	0.856781	-0.00263934	0.075758
2.2151	0.850677	-0.00630145	0.0756262
2.2282	0.843811	-0.0100398	0.075489
2.2413	0.836945	-0.0169063	0.0753348
2.2544	0.830078	-0.0212551	0.0751765
2.2675	0.823212	-0.0114894	0.0750015
2.2806	0.816345	-0.00721697	0.0748322
2.2937	0.808716	-0.0169063	0.0746576
2.3068	0.801086	-0.0113368	0.0744744
2.3199	0.793457	-0.0174404	0.0742815
2.333	0.785828	-0.0132442	0.0740757
2.3461	0.778198	-0.0177455	0.0738624
2.3592	0.770569	-0.0134731	0.0736456
2.3724	0.762177	-0.0173641	0.0733998
2.3855	0.753784	-0.0153804	0.0731516
2.3986	0.745392	-0.0156856	0.0729068
2.4117	0.737	-0.0214076	0.0726315
2.4248	0.728607	-0.0137783	0.072352
2.4379	0.720215	-0.0280452	0.0720732
2.451	0.71106	-0.0240016	0.0717667
2.4641	0.702667	-0.0227809	0.0714692
2.4772	0.693512	-0.0203395	0.0711134
2.4903	0.684357	-0.0270534	0.0707985
2.5034	0.675201	-0.0357509	0.0704197
2.5165	0.666046	-0.0227809	0.0700677
2.5296	0.656128	-0.0343013	0.0696356
2.5427	0.646973	-0.0377345	0.0692796
2.5559	0.637054	-0.0174404	0.068814
2.569	0.627136	-0.0547481	0.0683957
2.5821	0.617218	-0.00790362	0.0679173
2.5952	0.6073	-0.0667263	0.0674174
2.6083	0.597382	-0.0203395	0.066973
2.6214	0.587463	-0.042007	0.0663926
2.6345	0.577545	-0.05368	0.0659017
2.6476	0.566864	-0.0252223	0.0652893
2.6607	0.556183	-0.0456691	0.064677
2.6738	0.546265	-0.0613094	0.0640739
2.6869	0.535583	-0.0540615	0.063451
2.7	0.524902	-0.0461269	0.0627512
2.7131	0.514221	-0.0566554	0.0620625
2.7262	0.50354	-0.0632167	0.0613423
2.7394	0.492096	-0.0544429	0.0605865
2.7525	0.481415	-0.0513149	0.0597849
2.7656	0.469971	-0.0525356	0.0589757
2.7787	0.45929	-0.0732112	0.0581184
2.7918	0.447845	-0.0743556	0.0572495
2.8049	0.436401	-0.0769496	0.0563667
2.818	0.42572	-0.0755764	0.0554193
2.8311	0.414276	-0.0741268	0.0544647
2.8442	0.402832	-0.0763393	0.0534595
2.8573	0.391388	-0.0783992	0.0524467
2.8704	0.379181	-0.0835109	0.0513559
2.8835	0.367737	-0.0922084	0.0502391
2.8966	0.356293	-0.0888515	0.0490913
2.9097	0.344086	-0.0877834	0.0479251
2.9229	0.332642	-0.0859523	0.0466702
2.936	0.320435	-0.0849605	0.0454215
2.9491	0.30899	-0.0837398	0.0441224
2.9622	0.296783	-0.0891567	0.0428097
2.9753	0.284576	-0.0990749	0.0414163
2.9884	0.272369	-0.0942684	0.0399935
3.0015	0.260162	-0.0966335	0.0385072
3.0146	0.248718	-0.0992275	0.0370209
3.0277	0.236511	-0.104644	0.0354474
3.0408	0.224304	-0.10762	0.0338558
3.0539	0.211334	-0.113266	0.0322039
3.067	0.199127	-0.116165	0.0305382
3.0801	0.18692	-0.136001	0.028781
3.0932	0.174713	-0.142105	0.0269781
3.1064	0.162506	-0.142257	0.0251137
3.1195	0.149536	-0.143478	0.0232673
3.1326	0.137329	-0.15271	0.0213129
3.1457	0.125122	-0.159042	0.0193991
3.1588	0.112152	-0.157898	0.0174498
3.1719	0.0999451	-0.153091	0.0155325
3.185	0.087738	-0.154007	0.0135404
3.1981	0.0747681	-0.149429	0.0115874
3.2112	0.062561	-0.147522	0.00960784
3.2243	0.0495911	-0.134323	0.00765693
3.2374	0.037384	-0.130661	0.00565155
3.2505	0.025177	-0.126846	0.00369185
3.2636	0.012207	-0.131118	0.00170547
3.2768	0	-0.131118	-0.00020884
3.2899	-0.01297	-0.136154	-0.00217514
3.303	-0.025177	-0.128601	-0.00411891
3.3161	-0.038147	-0.126693	-0.00606108
3.3292	-0.050354	-0.127838	-0.00795258
3.3423	-0.063324	-0.127761	-0.00988333
3.3554	-0.075531	-0.12944	-0.0117621
3.3685	-0.088501	-0.127609	-0.0136483
3.3816	-0.100708	-0.136001	-0.0154721
3.3947	-0.112915	-0.136383	-0.0173622
3.4078	-0.125885	-0.146835	-0.0191985
3.4209	-0.138092	-0.145919	-0.0210213
3.434	-0.150299	-0.159957	-0.0228054
3.4471	-0.163269	-0.15187	-0.024581
3.4603	-0.175476	-0.161331	-0.0263296
3.4734	-0.187683	-0.156143	-0.0280455
3.4865	-0.19989	-0.167816	-0.0297167
3.4996	-0.212097	-0.156601	-0.031409
3.5127	-0.224304	-0.154769	-0.033086
3.5258	-0.236511	-0.152252	-0.0347174
3.5389	-0.248718	-0.165527	-0.036316
3.552	-0.260925	-0.156448	-0.0378908
3.5651	-0.273132	-0.155838	-0.0394256
3.5782	-0.285339	-0.14775	-0.040917
3.5913	-0.297546	-0.149047	-0.0423666
3.6044	-0.30899	-0.140274	-0.0438201
3.6175	-0.321198	-0.144622	-0.0452228
3.6306	-0.333405	-0.132644	-0.0465934
3.6438	-0.344849	-0.136917	-0.0479444
3.6569	-0.357056	-0.121048	-0.0492739
3.67	-0.3685	-0.113876	-0.0505321
3.6831	-0.379944	-0.103271	-0.0517703
3.6962	-0.391388	-0.0961757	-0.0529697
3.7093	-0.403595	-0.0900722	-0.0541901
3.7224	-0.415039	-0.0882411	-0.055357
3.7355	-0.426483	-0.0856472	-0.0565056
3.7486	-0.437164	-0.0822902	-0.0576105
3.7617	-0.448608	-0.0795436	-0.0587052
3.7748	-0.460052	-0.0686336	-0.0597498
3.7879	-0.470734	-0.067947	-0.0607975
3.801	-0.482178	-0.0680232	-0.0617968
3.8141	-0.492859	-0.0751186	-0.0627577
3.8273	-0.504303	-0.0805355	-0.0636978
3.8404	-0.514984	-0.0777126	-0.0645985
3.8535	-0.525665	-0.0632167	-0.0655027
3.8666	-0.536346	-0.0604701	-0.0663549
3.8797	-0.547028	-0.0665737	-0.067174
3.8928	-0.556946	-0.0592494	-0.0679876
3.9059	-0.567627	-0.0491786	-0.0688014
3.919	-0.577545	-0.057571	-0.0695359
3.9321	-0.588226	-0.0663448	-0.0702416
3.9452	-0.598145	-0.0503993	-0.0709819
3.9583	-0.608063	-0.0565029	-0.0716674
3.9714	-0.617981	-0.0462795	-0.0723179
3.9845	-0.627899	-0.0457454	-0.0730058
3.9976	-0.637817	-0.065353	-0.073609
4.0108	-0.647736	-0.031097	-0.0742076
4.0239	-0.656891	-0.054977	-0.0748122
4.037	-0.666046	-0.0324703	-0.075343
4.0501	-0.675964	-0.041473	-0.0759434
4.0632	-0.68512	-0.0429988	-0.0763939
4.0763	-0.694275	-0.0304866	-0.0769688
4.0894	-0.702667	-0.0440669	-0.0773957
4.1025	-0.711823	-0.0256801	-0.0779561
4.1156	-0.720978	-0.0420833	-0.0783283
4.1287	-0.72937	-0.0301052	-0.0788349
4.1418	-0.737762	-0.0249935	-0.0792048
4.1549	-0.746155	-0.0418544	-0.0796563
4.168	-0.754547	-0.0225521	-0.0800382
4.1811	-0.762939	-0.0305629	-0.0804112
4.1943	-0.770569	-0.0327754	-0.0808102
4.2074	-0.778961	-0.0222469	-0.0811492
4.2205	-0.786591	-0.0279689	-0.0814859
4.2336	-0.79422	-0.0275112	-0.0818265
4.2467	-0.801849	-0.0243831	-0.0821674
4.2598	-0.809479	-0.0182796	-0.0824741
4.2729	-0.816345	-0.0191951	-0.0827688
4.286	-0.823975	-0.0302577	-0.083055
4.2991	-0.830841	-0.0262142	-0.0833346
4.3122	-0.837708	-0.0169826	-0.0836174
4.3253	-0.844574	-0.0208736	-0.0838896
4.3384	-0.85144	-0.0253749	-0.0841275
4.3515	-0.857544	-0.0143123	-0.0843746
4.3646	-0.86441	-0.0152278	-0.0846152
4.3778	-0.870514	-0.0143886	-0.084838
4.3909	-0.876617	-0.0109554	-0.0850515
4.404	-0.882721	-0.0134731	-0.0852621
4.4171	-0.888824	-0.0127101	-0.085467
4.4302	-0.894165	-0.0158382	-0.0856633
4.4433	-0.899506	-0.0163722	-0.0858504
4.4564	-0.904846	-0.0192714	-0.0860312
4.4695	-0.910187	-0.0100398	-0.0861954
4.4826	-0.915527	-0.0105739	-0.0863677
4.4957	-0.920868	-0.0148464	-0.086526
4.5088	-0.925446	-0.0105739	-0.0866802
4.5219	-0.930023	-0.00591998	-0.0868378
4.535	-0.934601	-0.00920062	-0.0869762
4.5481	-0.939178	-0.0140834	-0.0871141
4.5613	-0.942993	-0.00996356	-0.0872524
4.5744	-0.947571	-0.0146938	-0.0873747
4.5875	-0.951385	-0.00965838	-0.0874997
4.6006	-0.9552	-0.0137783	-0.0876169
4.6137	-0.959015	-0.00851397	-0.0877243
4.6268	-0.962067	0.000107246	-0.087823
4.6399	-0.965881	-0.0143886	-0.0879269
4.653	-0.968933	-0.0172115	-0.0880276
4.6661	-0.971985	-0.0166011	-0.0881211
4.6792	-0.975037	-0.0143886	-0.0881941
4.6923	-0.977325	-0.00324969	-0.0882838
4.7054	-0.980377	-0.00462298	-0.0883623
4.7185	-0.982666	-0.012939	-0.0884415
4.7316	-0.984955	-0.0125575	-0.088515
4.7448	-0.987244	-0.0185085	-0.0885755
4.7579	-0.98877	0.00453229	-0.0886399
4.771	-0.991058	-0.0141597	-0.0887153
4.7841	-0.992584	-0.00370745	-0.0887533
4.7972	-0.99411	-0.00324969	-0.0888071
4.8103	-0.995636	-0.0069118	-0.0888417
4.8234	-0.996399	-0.00195269	-0.0888857
4.8365	-0.997162	-0.000350518	-0.0889155
4.8496	-0.998688	-0.000274224	-0.0889599
4.8627	-0.999451	-0.0146175	-0.0889763
4.8758	-0.999451	-0.000350518	-0.0890022
4.8889	-1.00021	0.00201459	-0.0890312
4.902	-1.00021	0.00140424	-0.0890426
4.9152	-1.00021	0.00117536	-0.0890534
4.9283	-1.00021	0.00117536	-0.0890639
4.9414	-1.00021	-0.00103716	-0.0890749
4.9545	-0.999451	0.000565009	-0.0890855
4.9676	-0.999451	-0.00248675	-0.0890948
4.9807	-0.998688	-0.00981097	-0.0890957
4.9938	-0.997925	-0.00630145	-0.0890996
5.0069	-0.996399	-0.0104213	-0.0890992
5.02	-0.995636	-0.0113368	-0.0890967
5.0331	-0.99411	-0.00584368	-0.0891006
5.0462	-0.992584	-0.00508074	-0.0890983
5.0593	-0.991058	-0.000655694	-0.0891004
5.0724	-0.98877	0.0104832	-0.0890855
5.0855	-0.987244	-0.00721697	-0.0890866
5.0987	-0.984955	-0.00973467	-0.08906
5.1118	-0.982666	0.0107884	-0.0890381
5.1249	-0.980377	0.0133824	-0.0890249
5.138	-0.977325	0.00239606	-0.0890314
5.1511	-0.975037	0.005753	-0.0890118
5.1642	-0.971985	0.00750776	-0.0889968
5.1773	-0.968933	0.00376936	-0.0889754
5.1904	-0.965881	0.00514265	-0.0889515
5.2035	-0.962067	-0.00141863	-0.0889246
5.2166	-0.959015	0.00376936	-0.0888914
5.2297	-0.9552	-0.000121636	-0.0888665
5.2428	-0.951385	0.00750776	-0.0888238
5.2559	-0.947571	0.00140424	-0.0887935
5.269	-0.943756	0.00178571	-0.0887467
5.2822	-0.939178	0.00682111	-0.0887064
5.2953	-0.934601	0.00422712	-0.0886651
5.3084	-0.930023	0.00468488	-0.0886137
5.3215	-0.925446	0.010178	-0.088549
5.3346	-0.920868	0.00354047	-0.088498
5.3477	-0.915527	0.00941511	-0.0884344
5.3608	-0.910187	-0.00241045	-0.0883682
5.3739	-0.905609	0.00964399	-0.0883044
5.387	-0.899506	-0.00324969	-0.0882244
5.4001	-0.894165	0.00483747	-0.0881499
5.4132	-0.888824	0.00933881	-0.0880637
5.4263	-0.882721	0.00788923	-0.0879727
5.4394	-0.876617	0.00285383	-0.0878801
5.4525	-0.870514	0.00834699	-0.0877854
5.4657	-0.86441	0.0111699	-0.0876779
5.4788	-0.857544	0.00354047	-0.0875651
5.4919	-0.85144	0.00491376	-0.0874553
5.505	-0.844574	0.00407453	-0.0873417
5.5181	-0.837708	0.00773664	-0.0872143
5.5312	-0.830841	0.0168156	-0.0870732
5.5443	-0.823975	0.0139927	-0.0869246
5.5574	-0.817108	0.00628706	-0.0867734
5.5705	-0.809479	0.0123143	-0.0866229
5.5836	-0.801849	0.015366	-0.0864557
5.5967	-0.79422	0.0159764	-0.0862795
5.6098	-0.786591	0.0102543	-0.086088
5.6229	-0.778961	0.0110936	-0.0858948
5.636	-0.771332	0.0107121	-0.0857047
5.6492	-0.762939	0.014832	-0.0854862
5.6623	-0.754547	0.00979658	-0.0852666
5.6754	-0.746155	0.0154423	-0.0850463
5.6885	-0.737762	0.0196385	-0.0847915
5.7016	-0.72937	0.0155949	-0.0845417
5.7147	-0.720978	0.0271153	-0.0842834
5.7278	-0.711823	0.0185704	-0.0840098
5.7409	-0.70343	0.0246739	-0.0837241
5.754	-0.694275	0.0190281	-0.0833895
5.7671	-0.68512	0.0336003	-0.083094
5.7802	-0.675964	0.0213933	-0.0827505
5.7933	-0.666809	0.027039	-0.0824224
5.8064	-0.656891	0.0216221	-0.0820177
5.8195	-0.647736	0.0450444	-0.0816776
5.8327	-0.637817	0.0142979	-0.081246
5.8458	-0.627899	0.0579381	-0.0808343
5.8589	-0.617981	0.00422712	-0.080415
5.872	-0.608063	0.0509953	-0.0798862
5.8851	-0.598145	0.0374913	-0.0794975
5.8982	-0.588226	0.0332188	-0.0789093
5.9113	-0.578308	0.0560307	-0.0784455
5.9244	-0.567627	0.0297856	-0.0778974
5.9375	-0.556946	0.0304722	-0.077298
5.9506	-0.547028	0.0581669	-0.0767152
5.9637	-0.536346	0.0551915	-0.0760951
5.9768	-0.525665	0.0417637	-0.0754563
5.9899	-0.514984	0.0606083	-0.074773
6.003	-0.504303	0.0635075	-0.0740782
6.0162	-0.492859	0.0582432	-0.0733499
6.0293	-0.482178	0.0502324	-0.0725767
6.0424	-0.470734	0.0504613	-0.0717949
6.0555	-0.460052	0.0609898	-0.0709561
6.0686	-0.448608	0.0745701	-0.0700994
6.0817	-0.437164	0.0714421	-0.0692038
6.0948	-0.426483	0.0722813	-0.0683025
6.1079	-0.415039	0.0785374	-0.0673482
6.121	-0.403595	0.0788426	-0.066354
6.1341	-0.392151	0.0805211	-0.0653186
6.1472	-0.379944	0.0860142	-0.0642855
6.1603	-0.3685	0.0953221	-0.0631969
6.1734	-0.357056	0.0947117	-0.062098
6.1865	-0.344849	0.0998997	-0.0609372
6.1997	-0.333405	0.0951695	-0.059738
6.2128	-0.321198	0.106156	-0.0585032
6.2259	-0.309753	0.102341	-0.0572259
6.239	-0.297546	0.109894	-0.0558939
6.2521	-0.285339	0.102189	-0.054543
6.2652	-0.273132	0.102112	-0.0531438
6.2783	-0.260925	0.0959324	-0.05168
6.2914	-0.249481	0.100052	-0.0501863
6.3045	-0.237274	0.0924229	-0.0486317
6.3176	-0.225067	0.0905919	-0.0470482
6.3307	-0.212097	0.0898289	-0.0453923
6.3438	-0.19989	0.102417	-0.0436815
6.3569	-0.187683	0.0959324	-0.0419511
6.37	-0.175476	0.108216	-0.0401594
6.3832	-0.163269	0.10608	-0.038305
6.3963	-0.150299	0.113175	-0.0364225
6.4094	-0.138092	0.109971	-0.0344793
6.4225	-0.125885	0.132172	-0.0325258
6.4356	-0.112915	0.132859	-0.0305649
6.4487	-0.100708	0.141098	-0.028565
6.4618	-0.088501	0.137284	-0.0266037
6.4749	-0.075531	0.142014	-0.0246153
6.488	-0.063324	0.138352	-0.0226331
6.5011	-0.050354	0.1353	-0.0206003
6.5142	-0.038147	0.129502	-0.0186154
6.5273	-0.0259399	0.128739	-0.0165912
6.5404	-0.01297	0.1353	-0.0145519
6.5536	0	0.148423	-0.012504
6.5667	0.012207	0.154526	-0.0105933
6.5798	0.0244141	0.153305	-0.00859683
6.5929	0.037384	0.156052	-0.00665695
6.606	0.0495911	0.159256	-0.00467053
6.6191	0.062561	0.162919	-0.00274037
6.6322	0.0747681	0.165207	-0.000795256
6.6453	0.087738	0.156434	0.00112968
6.6584	0.0999451	0.157731	0.00308886
6.6715	0.112152	0.164978	0.00495188
6.6846	0.125122	0.166581	0.00685451
6.6977	0.137329	0.169327	0.00871256
6.7108	0.149536	0.173066	0.0105834
6.7239	0.162506	0.16742	0.0123725
6.7371	0.174713	0.167496	0.0142071
6.7502	0.18692	0.165436	0.0159875
6.7633	0.199127	0.154221	0.0177522
6.7764	0.211334	0.14354	0.0194348
6.7895	0.223541	0.139496	0.0211332
6.8026	0.235748	0.140183	0.0227846
6.8157	0.247955	0.133469	0.0244443
6.8288	0.260162	0.133011	0.0260213
6.8419	0.272369	0.128663	0.0276046
6.855	0.284576	0.120118	0.029139
6.8681	0.296783	0.103714	0.0306444
6.8812	0.308228	0.102036	0.0320749
6.8943	0.320435	0.105393	0.0335009
6.9074	0.332642	0.106461	0.034885
6.9206	0.344086	0.110199	0.0362898
6.9337	0.356293	0.10402	0.0376071
6.9468	0.367737	0.109208	0.0389063
6.9599	0.379181	0.106308	0.0401769
6.973	0.390625	0.102799	0.0414366
6.9861	0.402832	0.0937962	0.0426249
6.9992	0.414276	0.0863194	0.0437992
7.0123	0.42572	0.0881505	0.0449302
7.0254	0.436401	0.0918126	0.0460523
7.0385	0.447845	0.0891423	0.0471183
7.0516	0.45929	0.0809788	0.0481726
7.0647	0.469971	0.0665593	0.049215
7.0778	0.481415	0.0679326	0.0502284
7.0909	0.492096	0.0625157	0.0512219
7.1041	0.50354	0.0743413	0.0521494
7.1172	0.514221	0.0747227	0.0530584
7.1303	0.524902	0.0671696	0.0539471
7.1434	0.535583	0.0624394	0.054823
7.1565	0.546265	0.0706028	0.0556254
7.1696	0.556183	0.0667882	0.0564333
7.1827	0.566864	0.0435948	0.0572342
7.1958	0.576782	0.0547337	0.0580009
7.2089	0.587463	0.0632786	0.0587333
7.222	0.597382	0.0486302	0.0594199
7.2351	0.6073	0.0584721	0.0601191
7.2482	0.617218	0.0502324	0.0607374
7.2613	0.627136	0.0391697	0.0614144
7.2744	0.637054	0.061295	0.062037
7.2876	0.646973	0.0329136	0.0626092
7.3007	0.656128	0.0478673	0.0632138
7.3138	0.665283	0.0445866	0.063725
7.3269	0.675201	0.0268864	0.0643253
7.34	0.684357	0.0591588	0.0647995
7.3531	0.693512	0.0143742	0.0653252
7.3662	0.701904	0.0603032	0.0657631
7.3793	0.71106	0.0100255	0.0662814
7.3924	0.720215	0.050385	0.06668
7.4055	0.728607	0.0186467	0.067154
7.4186	0.737	0.0350499	0.0675265
7.4317	0.745392	0.0355076	0.0679663
7.4448	0.753784	0.0224614	0.0683334
7.4579	0.762177	0.0345921	0.0687034
7.4711	0.769806	0.0300145	0.0690916
7.4842	0.778198	0.0226903	0.0694236
7.4973	0.785828	0.0307774	0.0697459
7.5104	0.793457	0.0269627	0.0700689
7.5235	0.801086	0.0214696	0.0703807
7.5366	0.808716	0.0144505	0.0706728
7.5497	0.815582	0.021317	0.070948
7.5628	0.823212	0.0293278	0.0712224
7.5759	0.830078	0.0302434	0.0714947
7.589	0.836945	0.0165104	0.0717463
7.6021	0.843811	0.016129	0.0719983
7.6152	0.850677	0.0211644	0.0722197
7.6283	0.856781	0.0162816	0.0724461
7.6414	0.863647	0.0149846	0.0726626
7.6546	0.869751	0.0146031	0.0728771
7.6677	0.875854	0.0136876	0.0730846
7.6808	0.881958	0.0193333	0.073276
7.6939	0.888062	0.0185704	0.0734507
7.707	0.893402	0.0196385	0.0736229
7.7201	0.898743	0.0142979	0.0737886
7.7332	0.904083	0.00956769	0.0739645
7.7463	0.909424	0.00704999	0.0741162
7.7594	0.914764	0.0154423	0.0742662
7.7725	0.920105	0.0120854	0.074399
7.7856	0.924683	0.00804182	0.0745458
7.7987	0.92926	0.00636335	0.0746855
7.8118	0.933838	0.00689741	0.0748051
7.8249	0.938416	0.0155186	0.0749181
7.8381	0.94223	0.0120854	0.0750401
7.8512	0.946808	0.0129246	0.0751427
7.8643	0.950623	0.00865217	0.0752489
7.8774	0.954437	0.0139164	0.07535
7.8905	0.958252	0.0081944	0.0754403
7.9036	0.961304	-0.00103716	0.0755163
7.9167	0.965118	0.0107884	0.0756057
7.9298	0.96817	0.0162816	0.0756806
7.9429	0.971222	0.0136876	0.0757611
7.956	0.974274	0.0141453	0.0758206
7.9691	0.976562	0.00102277	0.0758971
7.9822	0.979614	0.000488715	0.075948
7.9953	0.981903	0.0113987	0.0760044
8.0084	0.984192	0.0117039	0.0760543
8.0216	0.986481	0.0181126	0.0760934
8.0347	0.988007	-0.00859026	0.0761427
8.0478	0.990295	0.00880476	0.0761916
8.0609	0.991821	0.00148054	0.076211
8.074	0.993347	0.00331159	0.0762391
8.0871	0.994873	0.00361677	0.0762551
8.1002	0.995636	0.00117536	0.0762777
8.1133	0.996399	-0.00134234	0.0762874
8.1264	0.997925	0.00140424	0.0763106
8.1395	0.998688	0.0133061	0.0763075
8.1526	0.998688	0.000717597	0.0763145
8.1657	0.999451	-0.0068355	0.0763272
8.1788	0.999451	-0.00416522	0.0763191
8.192	0.999451	-0.00172381	0.0763078
8.2051	0.999451	-0.00241045	0.0762977
8.2182	0.999451	-0.000808282	0.0762874
8.2313	0.998688	-0.0030971	0.0762753
8.2444	0.998688	-0.00118975	0.0762634
8.2575	0.997925	0.005753	0.0762435
8.2706	0.997162	0.003159	0.076226
8.2837	0.995636	0.00895734	0.0762045
8.2968	0.994873	0.00910993	0.0761819
8.3099	0.993347	0.0056767	0.0761654
8.323	0.991821	0.00483747	0.0761411
8.3361	0.990295	-0.00126605	0.0761227
8.3492	0.988007	-0.0093532	0.0760883
8.3623	0.986481	0.00560041	0.0760663
8.3755	0.984192	0.00788923	0.0760181
8.3886	0.981903	-0.0115657	0.0759811
8.4017	0.979614	-0.00950579	0.0759478
8.4148	0.976562	-0.0018764	0.0759329
8.4279	0.974274	-0.0108028	0.0758914
8.441	0.971222	-0.00920062	0.0758549
8.4541	0.96817	-0.00614886	0.0758114
8.4672	0.965118	-0.0056148	0.0757644
8.4803	0.961304	0.000107246	0.0757141
8.4934	0.958252	-0.00485186	0.075661
8.5065	0.954437	-0.00157122	0.0756141
8.5196	0.950623	-0.00782732	0.0755504
8.5327	0.946808	-0.00408892	0.0754972
8.5458	0.942993	-0.00416522	0.0754256
8.559	0.938416	-0.0140834	0.0753653
8.5721	0.933838	-0.00508074	0.0753018
8.5852	0.92926	-0.00881915	0.0752322
8.5983	0.924683	-0.0101161	0.0751489
8.6114	0.920105	-0.00569109	0.0750692
8.6245	0.914764	-0.0124813	0.0749886
8.6376	0.909424	-0.000808282	0.0748965
8.6507	0.904846	-0.00889544	0.0748132
8.6638	0.898743	0.000107246	0.0747129
8.6769	0.893402	-0.00714068	0.0746154
8.69	0.888062	-0.0102687	0.0745071
8.7031	0.881958	-0.00591998	0.0743985
8.7162	0.875854	-0.00370745	0.0742877
8.7293	0.869751	-0.0102687	0.0741626
8.7425	0.863647	-0.00950579	0.0740324
8.7556	0.856781	-0.0043178	0.0739037
8.7687	0.850677	-0.00462298	0.0737715
8.7818	0.843811	-0.0117946	0.0736337
8.7949	0.836945	-0.0176692	0.0734782
8.808	0.830078	-0.0180507	0.0733218
8.8211	0.823212	-0.00996356	0.0731497
8.8342	0.816345	-0.00981097	0.0729823
8.8473	0.808716	-0.015533	0.0728066
8.8604	0.801086	-0.0115657	0.0726242
8.8735	0.793457	-0.0162197	0.0724321
8.8866	0.785828	-0.0128627	0.0722265
8.8997	0.778198	-0.0192714	0.0720081
8.9128	0.770569	-0.014999	0.071794
8.926	0.762177	-0.0185085	0.0715479
8.9391	0.753784	-0.0180507	0.0713001
8.9522	0.745392	-0.0176692	0.0710578
8.9653	0.737	-0.0179744	0.0707856
8.9784	0.728607	-0.0162197	0.0705022
8.9915	0.720215	-0.0302577	0.0702256
9.0046	0.71106	-0.0250698	0.0699214
9.0177	0.702667	-0.0237728	0.0696232
9.0308	0.693512	-0.0238491	0.0692709
9.0439	0.684357	-0.0267482	0.0689562
9.057	0.675201	-0.0328517	0.0685749
9.0701	0.666046	-0.0242305	0.0682265
9.0832	0.656128	-0.0333095	0.0677945
9.0963	0.646973	-0.0386501	0.0674357
9.1095	0.637054	-0.0214076	0.0669737
9.1226	0.627136	-0.0520015	0.0665577
9.1357	0.617218	-0.00569109	0.0660775
9.1488	0.6073	-0.0674129	0.0655784
9.1619	0.597382	-0.020721	0.0651355
9.175	0.587463	-0.0441432	0.0645565
9.1881	0.577545	-0.0504756	0.064063
9.2012	0.566864	-0.0292659	0.0634557
9.2143	0.556183	-0.0456691	0.0628463
9.2274	0.546265	-0.0586391	0.0622458
9.2405	0.535583	-0.0563503	0.0616266
9.2536	0.524902	-0.0459743	0.0609251
9.2667	0.514221	-0.0566554	0.0602408
9.2798	0.50354	-0.065353	0.0595188
9.293	0.492096	-0.0546718	0.058768
9.3061	0.481415	-0.0522304	0.0579621
9.3192	0.469971	-0.0525356	0.0571571
9.3323	0.45929	-0.0713039	0.0563032
9.3454	0.447845	-0.0758052	0.0554395
9.3585	0.436401	-0.0768733	0.0545554
9.3716	0.42572	-0.0757289	0.053609
9.3847	0.414276	-0.0735927	0.0526558
9.3978	0.402832	-0.0779415	0.0516534
9.4109	0.391388	-0.0813747	0.0506319
9.424	0.379181	-0.0829006	0.0495457
9.4371	0.367737	-0.0880886	0.0484359
9.4502	0.356293	-0.0864101	0.0472894
9.4633	0.344086	-0.0872493	0.0461269
9.4765	0.332642	-0.089233	0.0448772
9.4896	0.320435	-0.0899196	0.0436312
9.5027	0.30899	-0.0880123	0.0423212
9.5158	0.296783	-0.0893093	0.0410059
9.5289	0.284576	-0.0973201	0.0396183
9.542	0.272369	-0.0928188	0.038196
9.5551	0.260162	-0.0927425	0.0367095
9.5682	0.248718	-0.0952602	0.0352172
9.5813	0.236511	-0.0994564	0.0336534
9.5944	0.224304	-0.100448	0.0320651
9.6075	0.211334	-0.108078	0.0304113
9.6206	0.199127	-0.116928	0.0287474
9.6337	0.18692	-0.136764	0.0269918
9.6468	0.174713	-0.140502	0.0251997
9.66	0.162506	-0.143173	0.0233348
9.6731	0.149536	-0.140121	0.0214853
9.6862	0.137329	-0.147216	0.0195249
9.6993	0.125122	-0.154617	0.0176112
9.7124	0.112152	-0.154617	0.0156602
9.7255	0.0999451	-0.152633	0.0137419
9.7386	0.087738	-0.15187	0.011748
9.7517	0.0747681	-0.147293	0.00977878
9.7648	0.062561	-0.145538	0.00778575
9.7779	0.0495911	-0.135849	0.00583725
9.791	0.037384	-0.129745	0.0038314
9.8041	0.025177	-0.124404	0.00186064
9.8172	0.012207	-0.127304	-0.000144209
9.8304	0	-0.131271	-0.00207099
9.8435	-0.01297	-0.143402	-0.00403981
9.8566	-0.025177	-0.137374	-0.00598567
9.8697	-0.038147	-0.133865	-0.00794171
9.8828	-0.050354	-0.13005	-0.00984966
9.8959	-0.063324	-0.132721	-0.0117941
9.909	-0.075531	-0.136764	-0.0136769
9.9221	-0.088501	-0.126846	-0.0155675
9.9352	-0.100708	-0.136154	-0.0174105
9.9483	-0.112915	-0.131958	-0.0193126
9.9614	-0.125885	-0.141342	-0.0211629
9.9745	-0.138092	-0.141723	-0.0229971
9.9876	-0.150299	-0.158889	-0.0247899
10.0007	-0.163269	-0.154541	-0.0265686
10.0139	-0.175476	-0.16484	-0.0283246
10.027	-0.187683	-0.157821	-0.0300456
10.0401	-0.19989	-0.166671	-0.0317208
10.0532	-0.212097	-0.156829	-0.0334273
10.0663	-0.224304	-0.159576	-0.0350891
10.0794	-0.236511	-0.154998	-0.0367192
10.0925	-0.248718	-0.16629	-0.0383263
10.1056	-0.260925	-0.156524	-0.0399041
10.1187	-0.273132	-0.158126	-0.0414417
10.1318	-0.285339	-0.151107	-0.0429384
10.1449	-0.297546	-0.14859	-0.0443932
10.158	-0.30899	-0.139053	-0.0458486
10.1711	-0.321198	-0.140731	-0.0472468
10.1842	-0.333405	-0.132644	-0.0486201
10.1974	-0.344849	-0.136077	-0.0499612
10.2105	-0.357056	-0.124481	-0.0512892
10.2236	-0.3685	-0.114791	-0.052552
10.2367	-0.379944	-0.103195	-0.0537947
10.2498	-0.391388	-0.0929714	-0.0549858
10.2629	-0.403595	-0.0900722	-0.0562043
10.276	-0.415039	-0.0833583	-0.0573737
10.2891	-0.426483	-0.0808406	-0.0585161
10.3022	-0.437164	-0.0822139	-0.0596083
10.3153	-0.448608	-0.0817562	-0.0607054
10.3284	-0.460052	-0.0693202	-0.0617527
10.3415	-0.470734	-0.0635219	-0.0627961
10.3546	-0.482178	-0.0647426	-0.0637864
10.3677	-0.492859	-0.0763393	-0.0647465
10.3809	-0.504303	-0.0844264	-0.0656922
10.394	-0.514984	-0.0753475	-0.0665861
10.4071	-0.525665	-0.0623012	-0.0674759
10.4202	-0.536346	-0.0586391	-0.0683262
10.4333	-0.547028	-0.069778	-0.0691496
10.4464	-0.556946	-0.058868	-0.0699622
10.4595	-0.567627	-0.0456691	-0.07076
10.4726	-0.577545	-0.0600124	-0.0715056
10.4857	-0.588226	-0.0623012	-0.0722044
10.4988	-0.598145	-0.0521541	-0.0729375
10.5119	-0.608063	-0.058868	-0.0736284
10.525	-0.617981	-0.0439907	-0.0742736
10.5381	-0.627899	-0.0431514	-0.0749519
10.5512	-0.637817	-0.0675655	-0.0755554
10.5644	-0.647736	-0.0293422	-0.0761641
10.5775	-0.656891	-0.0549007	-0.0767479
10.5906	-0.666046	-0.0318599	-0.0772828
10.6037	-0.675964	-0.0417018	-0.0778741
10.6168	-0.68512	-0.0424648	-0.0783276
10.6299	-0.694275	-0.028503	-0.078903
10.643	-0.702667	-0.0446773	-0.0793242
10.6561	-0.711823	-0.0256038	-0.0798824
10.6692	-0.720978	-0.0404048	-0.0802548
10.6823	-0.72937	-0.0266719	-0.080756
10.6954	-0.737762	-0.0275112	-0.0811262
10.7085	-0.746155	-0.0410915	-0.0815794
10.7216	-0.754547	-0.0220943	-0.0819565
10.7347	-0.762939	-0.0298	-0.0823294
10.7479	-0.770569	-0.0314022	-0.0827215
10.761	-0.778961	-0.0174404	-0.0830614
10.7741	-0.786591	-0.0258327	-0.0833998
10.7872	-0.79422	-0.0310207	-0.0837364
10.8003	-0.801849	-0.0229335	-0.0840734
10.8134	-0.809479	-0.0153804	-0.0843872
10.8265	-0.816345	-0.0212551	-0.0846753
10.8396	-0.823975	-0.030334	-0.0849568
10.8527	-0.830841	-0.0256801	-0.0852395
10.8658	-0.837708	-0.0182033	-0.0855226
10.8789	-0.844574	-0.0227046	-0.0857895
10.892	-0.85144	-0.0229335	-0.0860262
10.9051	-0.857544	-0.0163722	-0.0862704
10.9182	-0.86441	-0.0138545	-0.0865073
10.9314	-0.870514	-0.0148464	-0.086732
10.9445	-0.876617	-0.0145412	-0.0869446
10.9576	-0.882721	-0.0169826	-0.0871528
10.9707	-0.888824	-0.0128627	-0.0873543
10.9838	-0.894165	-0.0121761	-0.0875511
10.9969	-0.899506	-0.0172878	-0.0877405
11.01	-0.904846	-0.0213314	-0.0879197
11.0231	-0.910187	-0.0110317	-0.0880852
11.0362	-0.915527	-0.0094295	-0.0882524
11.0493	-0.920868	-0.0120998	-0.0884141
11.0624	-0.925446	-0.00950579	-0.088567
11.0755	-0.930023	-0.00630145	-0.0887244
11.0886	-0.934601	-0.0110317	-0.0888611
11.1017	-0.939178	-0.0159145	-0.088997
11.1149	-0.942993	-0.0101161	-0.089137
11.128	-0.947571	-0.0156856	-0.0892584
11.1411	-0.951385	-0.0104976	-0.0893789
11.1542	-0.9552	-0.0166774	-0.0895011
11.1673	-0.959015	-0.0081325	-0.089608
11.1804	-0.962067	-0.000350518	-0.0897049
11.1935	-0.965881	-0.0118709	-0.0898073
11.2066	-0.968933	-0.0164485	-0.089904
11.2197	-0.971985	-0.0169826	-0.0899997
11.2328	-0.975037	-0.0159145	-0.0900747
11.2459	-0.977325	-0.0043178	-0.090165
11.259	-0.980377	-0.00370745	-0.0902422
11.2721	-0.982666	-0.0130153	-0.0903189
11.2852	-0.984955	-0.0156093	-0.0903957
11.2984	-0.987244	-0.0215602	-0.090453
11.3115	-0.98877	0.00514265	-0.0905171
11.3246	-0.991058	-0.0153041	-0.0905939
11.3377	-0.992584	-0.00248675	-0.0906295
11.3508	-0.99411	-0.0005794	-0.0906835
11.3639	-0.995636	-0.00523333	-0.0907188
11.377	-0.996399	-0.00233416	-0.0907628
11.3901	-0.997162	0.000793891	-0.0907921
11.4032	-0.998688	0.000565009	-0.0908363
11.4163	-0.999451	-0.0131679	-0.0908562
11.4294	-0.999451	-0.00202898	-0.0908791
11.4425	-1.00021	0.00399824	-0.0909094
11.4556	-1.00021	0.0032353	-0.0909233
11.4688	-1.00021	0.00148054	-0.0909352
11.4819	-1.00021	-0.000350518	-0.0909455
11.495	-1.00021	-0.00149493	-0.090955
11.5081	-0.999451	0.000259834	-0.0909625
11.5212	-0.999451	-0.00279192	-0.0909713
11.5343	-0.998688	-0.0101924	-0.0909722
11.5474	-0.997925	-0.00645403	-0.0909754
11.5605	-0.996399	-0.0093532	-0.0909768
11.5736	-0.995636	-0.0104976	-0.0909759
11.5867	-0.99411	-0.00668292	-0.0909797
11.5998	-0.992584	-0.0069118	-0.0909774
11.6129	-0.991058	-0.00103716	-0.0909788
11.626	-0.98877	0.0104832	-0.0909649
11.6391	-0.987244	-0.00523333	-0.0909662
11.6523	-0.984955	-0.00881915	-0.0909404
11.6654	-0.982666	0.0106358	-0.0909187
11.6785	-0.980377	0.0105595	-0.0909052
11.6916	-0.977325	0.00178571	-0.0909103
11.7047	-0.975037	0.00689741	-0.0908919
11.7178	-0.971985	0.00682111	-0.0908771
11.7309	-0.968933	0.00529523	-0.0908563
11.744	-0.965881	0.00666852	-0.090832
11.7571	-0.962067	-0.00218157	-0.0908041
11.7702	-0.959015	0.00430341	-0.0907739
11.7833	-0.9552	0.000641303	-0.0907475
11.7964	-0.951385	0.00590559	-0.0907036
11.8095	-0.947571	0.000946479	-0.0906751
11.8226	-0.943756	0.00224348	-0.0906246
11.8358	-0.939178	0.0108647	-0.0905865
11.8489	-0.934601	0.00407453	-0.0905437
11.862	-0.930023	0.00605817	-0.0904919
11.8751	-0.925446	0.00773664	-0.0904289
11.8882	-0.920868	0.00308271	-0.0903751
11.9013	-0.915527	0.0103306	-0.0903148
11.9144	-0.910187	0.000259834	-0.0902465
11.9275	-0.905609	0.00903364	-0.0901832
11.9406	-0.899506	-0.00202898	-0.0901039
11.9537	-0.894165	0.00437971	-0.0900274
11.9668	-0.888824	0.0100255	-0.0899395
11.9799	-0.882721	0.00750776	-0.0898498
11.993	-0.876617	0.00422712	-0.0897603
12.0061	-0.870514	0.0103306	-0.0896637
12.0193	-0.86441	0.0110936	-0.0895567
12.0324	-0.857544	0.00628706	-0.0894458
12.0455	-0.85144	0.00354047	-0.0893342
12.0586	-0.844574	0.00300642	-0.0892214
12.0717	-0.837708	0.0106358	-0.0890927
12.0848	-0.830841	0.0194859	-0.0889535
12.0979	-0.823975	0.0144505	-0.0888039
12.111	-0.817108	0.00651594	-0.0886507
12.1241	-0.809479	0.0118565	-0.088503
12.1372	-0.801849	0.014069	-0.0883376
12.1503	-0.79422	0.0178074	-0.0881633
12.1634	-0.786591	0.0149083	-0.0879763
12.1765	-0.778961	0.0132298	-0.0877861
12.1896	-0.771332	0.0110173	-0.0875975
12.2028	-0.762939	0.0137639	-0.0873802
12.2159	-0.754547	0.00552412	-0.0871564
12.229	-0.746155	0.0150609	-0.0869313
12.2421	-0.737762	0.019257	-0.0866825
12.2552	-0.72937	0.0121617	-0.0864345
12.2683	-0.720978	0.0232243	-0.0861727
12.2814	-0.711823	0.0175023	-0.0858962
12.2945	-0.70343	0.0242161	-0.085616
12.3076	-0.694275	0.0145268	-0.0852837
12.3207	-0.68512	0.0304722	-0.0849822
12.3338	-0.675964	0.0226903	-0.0846419
12.3469	-0.666809	0.0297856	-0.0843178
12.36	-0.656891	0.0225377	-0.0839132
12.3731	-0.647736	0.0429844	-0.0835695
12.3863	-0.637817	0.0160527	-0.0831459
12.3994	-0.627899	0.0570225	-0.082728
12.4125	-0.617981	0.00918623	-0.082315
12.4256	-0.608063	0.0490117	-0.0817868
12.4387	-0.598145	0.0381016	-0.0813921
12.4518	-0.588226	0.0323033	-0.0808087
12.4649	-0.578308	0.0603795	-0.0803455
12.478	-0.567627	0.0241398	-0.079795
12.4911	-0.556946	0.0364232	-0.0792091
12.5042	-0.547028	0.0542759	-0.0786146
12.5173	-0.536346	0.056107	-0.07801
12.5304	-0.525665	0.0446629	-0.077357
12.5435	-0.514984	0.0538182	-0.0766857
12.5566	-0.504303	0.0675511	-0.0759898
12.5698	-0.492859	0.0595402	-0.0752544
12.5829	-0.482178	0.0501561	-0.0744865
12.596	-0.470734	0.0466466	-0.0737035
12.6091	-0.460052	0.0592351	-0.0728672
12.6222	-0.448608	0.071671	-0.072019
12.6353	-0.437164	0.0744175	-0.0711247
12.6484	-0.426483	0.0760197	-0.070214
12.6615	-0.415039	0.0750279	-0.0692603
12.6746	-0.403595	0.0808262	-0.0682731
12.6877	-0.392151	0.0756382	-0.0672311
12.7008	-0.379944	0.0783085	-0.0662109
12.7139	-0.3685	0.0914311	-0.0651398
12.727	-0.357056	0.102646	-0.0640336
12.7401	-0.344849	0.10608	-0.0628506
12.7533	-0.333405	0.0937962	-0.0616507
12.7664	-0.321198	0.0973057	-0.0604221
12.7795	-0.309753	0.093491	-0.0591523
12.7926	-0.297546	0.107529	-0.0578248
12.8057	-0.285339	0.100357	-0.0564676
12.8188	-0.273132	0.100205	-0.0550734
12.8319	-0.260925	0.0905919	-0.053616
12.845	-0.249481	0.0967717	-0.052124
12.8581	-0.237274	0.0883793	-0.0505764
12.8712	-0.225067	0.0918126	-0.0489953
12.8843	-0.212097	0.0846409	-0.0473441
12.8974	-0.19989	0.097382	-0.0456264
12.9105	-0.187683	0.0950169	-0.043884
12.9236	-0.175476	0.106232	-0.0421016
12.9368	-0.163269	0.101578	-0.0402464
12.9499	-0.150299	0.113556	-0.0383481
12.963	-0.138092	0.115998	-0.0364064
12.9761	-0.125885	0.139191	-0.0344598
12.9892	-0.112915	0.138276	-0.0324964
13.0023	-0.100708	0.144989	-0.0305049
13.0154	-0.088501	0.133774	-0.0285462
13.0285	-0.075531	0.139878	-0.0265567
13.0416	-0.063324	0.136673	-0.0245665
13.0547	-0.050354	0.134537	-0.022524
13.0678	-0.038147	0.127594	-0.0205379
13.0809	-0.0259399	0.127518	-0.018505
13.094	-0.01297	0.135148	-0.0164596
