-9.999901279486709260e-01 9.999981773134719587e-01 -1.000000000000000000e+00
-8.957232766824073655e-01 -1.000000000000000000e+00 -1.433641565517204397e-01
-9.999806329978883079e-01 1.565635341896303434e-01 1.000000000000000000e+00
-9.999359415046764621e-01 9.999898928616426375e-01 1.000000000000000000e+00
-4.428340370164686891e-05 1.238286996315684429e-05 -1.000000000000000000e+00
-1.000000000000000000e+00 2.473268347771258313e-01 -1.943120032391076613e-01
-3.474316016347671066e-01 9.999999999999998890e-01 1.445233943943504962e-01
9.999999999999998890e-01 2.335199688170488119e-01 9.999915752380180711e-01
-9.999743295971704748e-01 -1.000000000000000000e+00 9.999518739779198473e-01
1.000000000000000000e+00 -5.455727235394385310e-01 -9.999669122812132604e-01
7.041504050385084534e-01 -9.999972919130005744e-01 1.000000000000000000e+00
2.740698860131443593e-02 -9.999866116027983365e-01 -1.000000000000000000e+00
