-9.999736854660942198e-01 -1.000000000000000000e+00 9.999712911643844349e-01
-9.999942209774893565e-01 7.905200977211677138e-01 1.000000000000000000e+00
9.999678191482930245e-01 -7.502776585853097036e-01 1.000000000000000000e+00
5.467596009673664215e-02 -9.999926680773727483e-01 1.000000000000000000e+00
-1.000000000000000000e+00 9.999720387575852243e-01 4.614809133390764678e-03
4.452167981948988995e-01 9.999999999999998890e-01 9.999727555988634498e-01
-9.493787835434079891e-01 -9.999784105161597658e-01 -1.000000000000000000e+00
-9.999566411031032276e-01 7.716501286277596128e-01 -1.000000000000000000e+00
1.000000000000000000e+00 -9.999890489517263559e-01 -9.999602941767929964e-01
9.839356717171127142e-02 -9.999901018437751254e-01 -1.000000000000000000e+00
