-1.000000000000000000e+00 -9.999454257070746754e-01 -9.999507031740811902e-01
3.053918158020825779e-01 -1.000000000000000000e+00 -9.999439638864657809e-01
3.080481269683038592e-01 1.000000000000000000e+00 -9.999665316952202065e-01
-1.000000000000000000e+00 -9.999508519008653007e-01 9.999610346978520248e-01
1.000000000000000000e+00 -8.656013214880007300e-01 9.999721544976437615e-01
1.000000000000000000e+00 9.377047888253374763e-01 9.999594169442462821e-01
-1.756084141705692306e-03 1.000000000000000000e+00 9.999766605746963632e-01
-1.000000000000000000e+00 9.999882258766404908e-01 -9.999864101701564367e-01
-1.000000000000000000e+00 9.999628107633371510e-01 9.999770867123348728e-01
-9.999938760605540100e-01 -6.073429035453627427e-04 -1.000000000000000000e+00
3.690074613347706783e-02 -9.999727275457926945e-01 1.000000000000000000e+00
