5.62795332e-05
-9.29706983e-05
5.84865800e-05
1.45795284e-05
-6.48418731e-06
-2.62522231e-05
6.00187540e-06
1.45740754e-05
9.42187368e-06
-5.93461812e-05
6.45522893e-05
-1.30852206e-05
-7.19516540e-06
-3.44655208e-06
3.99416980e-06
-5.33254076e-06
1.70597729e-05
-3.27805086e-05
2.32962966e-05
-2.64053882e-05
5.31183026e-05
-4.86768421e-05
1.85398788e-05
-1.11632574e-05
2.37347757e-05
-2.25048388e-05
1.82583190e-05
-2.78401371e-05
3.35622281e-05
-3.56070756e-05
3.02434197e-05
-2.67100784e-05
3.87965439e-05
-4.21859154e-05
2.11018749e-05
-2.31514993e-05
3.22494840e-05
-1.37859105e-05
-8.28555287e-06
2.77146108e-05
-5.68128763e-06
-3.29760312e-05
2.94112537e-05
-1.76315551e-05
3.04482519e-05
-3.27605462e-05
6.11017974e-06
3.04867727e-06
2.48201087e-05
-4.31481272e-05
1.14078039e-05
1.24601371e-05
2.39755682e-06
-8.16461469e-06
1.12958558e-05
-3.99283732e-05
2.44035694e-05
9.16019632e-06
2.68041220e-05
-4.49461414e-05
1.72207156e-05
-1.73684323e-05
3.75713978e-05
-5.62043384e-05
5.78112730e-05
-4.28882887e-05
2.87344304e-05
-8.35414185e-06
-1.15809393e-06
-6.73561682e-06
1.43594076e-05
-6.99423454e-06
1.81362084e-05
-6.78780224e-05
8.16325386e-05
-4.28746991e-05
3.79086092e-05
-6.25370733e-05
5.91274427e-05
-3.34851621e-05
3.33012223e-05
-5.66809170e-05
5.29892360e-05
-1.43577283e-05
1.29227208e-05
-3.02300145e-05
1.26974994e-05
-1.02135406e-05
3.26526675e-05
-4.47723877e-05
3.76255394e-05
-3.17270553e-06
1.83303002e-05
-5.78443361e-05
4.17768680e-05
-1.98270260e-05
9.50176804e-06
-2.96063424e-05
4.76229899e-05
-3.80749762e-05
3.94927858e-05
-2.11101810e-05
1.09354442e-05
4.65599714e-05
7.68375890e-05
2.63434727e-04
8.38734105e-04
2.43941041e-03
7.37151217e-03
2.20873447e-02
6.64219768e-02
1.99539784e-01
5.99195881e-01
1.80040926e+00
5.40791945e+00
-4.34810204e-01
5.11609053e+00
5.11140342e+00
5.09639525e+00
5.05235933e+00
4.91914320e+00
4.51908313e+00
3.31846273e+00
-2.89571387e-01
5.55260050e+00
8.34687188e-05
-1.07695356e-04
3.81619539e-05
6.68019413e-05
-1.82959711e-05
6.78085709e-05
-1.66110391e-04
1.23398716e-04
-6.00105608e-05
2.46662555e-05
1.32919902e-05
-3.48825451e-06
2.52528560e-05
-4.42336721e-07
-3.05207616e-05
8.67999715e-05
1.42891898e-04
7.17962353e-04
1.82180528e-03
5.41901867e-03
1.66682690e-02
4.97596574e-02
1.49679089e-01
4.49653605e-01
1.35005604e+00
4.05634420e+00
-3.25750838e-01
3.83918332e+00
3.83890573e+00
3.83896428e+00
3.83909753e+00
3.83873454e+00
3.83908573e+00
3.83884786e+00
3.83822205e+00
3.83723480e+00
3.83333719e+00
3.82265432e+00
3.78893528e+00
3.68939239e+00
3.38942987e+00
2.48878242e+00
-2.17135841e-01
4.16438314e+00
1.91195859e-04
-7.50936183e-05
-1.27219824e-04
1.70058463e-04
-5.47538209e-05
-2.46790342e-05
3.42342489e-05
-2.85323380e-05
-6.22941482e-06
3.15750735e-05
-4.74407625e-05
4.57538369e-05
-8.07436577e-06
1.81632846e-06
-4.63516063e-05
2.80105555e-05
2.57398705e-05
1.62675438e-05
-4.06009711e-05
-3.12248554e-06
7.38414771e-06
1.54329633e-05
-7.42865857e-06
4.63700286e-07
-1.33050631e-05
1.76882430e-05
-2.57676488e-05
1.15520821e-05
3.80598889e-05
-5.23892513e-05
5.24718277e-05
-4.81198035e-05
-2.41251429e-06
3.86459923e-05
-1.36310374e-05
-2.19149359e-05
2.21171315e-05
-1.10969000e-05
7.06363130e-06
1.33595567e-05
-1.34562581e-05
1.47923629e-05
-3.11429320e-05
1.05570102e-04
1.30948748e-04
4.03216909e-04
1.20982478e-03
3.66111396e-03
1.10523237e-02
3.32708003e-02
9.97167076e-02
2.99699941e-01
9.00139005e-01
2.70424449e+00
-2.17178491e-01
2.55935174e+00
2.55935527e+00
2.55930311e+00
2.55924981e+00
2.55946842e+00
2.55933894e+00
2.55929519e+00
2.55926817e+00
2.55929605e+00
2.55924168e+00
2.55952863e+00
2.55912254e+00
2.55951095e+00
2.55920996e+00
2.55946877e+00
2.55919970e+00
2.55930915e+00
2.55931786e+00
2.55936861e+00
2.55938485e+00
2.55918616e+00
2.55936322e+00
2.55914870e+00
2.55901043e+00
2.55786777e+00
2.55583132e+00
2.54816012e+00
2.52614416e+00
2.45966438e+00
2.25960977e+00
1.65916777e+00
-1.44882993e-01
2.77640138e+00
-5.43642732e-05
2.36208702e-05
2.60381734e-05
-3.22329748e-05
7.09987844e-06
1.24591353e-05
7.51944585e-06
-2.37820345e-05
1.79010963e-05
2.15338289e-05
-4.28689435e-05
1.13446912e-05
-9.17516596e-06
1.58641022e-05
1.37540455e-05
-5.29481383e-06
-1.78172254e-05
1.51150176e-05
-3.71745129e-06
8.27869239e-05
6.13574011e-05
3.26407282e-04
9.05256877e-04
2.75945488e-03
8.30963917e-03
2.49148086e-02
7.47945349e-02
2.24833132e-01
6.74945211e-01
2.02822121e+00
-1.62810051e-01
1.91949243e+00
1.91964128e+00
1.91927013e+00
1.91969897e+00
1.91928933e+00
1.91969663e+00
1.91927285e+00
1.91968186e+00
1.91933614e+00
1.91958616e+00
1.91952044e+00
1.91937806e+00
1.91969557e+00
1.91927260e+00
1.91963436e+00
1.91940194e+00
1.91958690e+00
1.91940486e+00
1.91955921e+00
1.91941681e+00
1.91962573e+00
1.91940526e+00
1.91950694e+00
1.91947735e+00
1.91948118e+00
1.91943334e+00
1.91956308e+00
1.91946560e+00
1.91948250e+00
1.91956095e+00
1.91952780e+00
1.91938490e+00
1.91966592e+00
1.91933732e+00
1.91953830e+00
1.91948212e+00
1.91947726e+00
1.91942913e+00
1.91962509e+00
1.91939337e+00
1.91941877e+00
1.91970971e+00
1.91930942e+00
1.91965794e+00
1.91935789e+00
1.91960061e+00
1.91931862e+00
1.91965650e+00
1.91942699e+00
1.91943753e+00
1.91962554e+00
1.91944198e+00
1.91953398e+00
1.91939653e+00
1.91930766e+00
1.91926910e+00
1.91846911e+00
1.91684202e+00
1.91129395e+00
1.89441290e+00
1.84477783e+00
1.69467701e+00
1.24434857e+00
-1.08585976e-01
2.08229446e+00
-1.86082662e-05
4.00774780e-05
-6.77451077e-05
2.92246378e-05
3.50629555e-05
-4.71390368e-05
2.74205633e-05
-7.45197402e-06
-1.58471107e-05
6.00271717e-06
1.77161367e-05
-1.09425509e-05
1.08349498e-05
-5.56417722e-06
-1.36899362e-05
3.08850583e-06
1.28809692e-05
-1.42376357e-05
-8.85170908e-06
2.50592838e-05
-2.68781808e-06
-1.14324961e-05
-5.40367087e-06
1.46994846e-05
-1.05203701e-06
7.21601374e-06
-1.27622909e-07
4.40277645e-06
-2.81876692e-05
3.43683080e-06
-2.48811302e-06
3.89444804e-05
-2.56946511e-05
-1.25373490e-05
2.52870838e-06
3.21257573e-05
-1.83709943e-05
-1.91353223e-05
2.16863904e-05
1.71444972e-05
-4.14891608e-05
3.22695427e-05
-2.20877489e-05
8.97595668e-06
-4.97065401e-06
7.55933500e-06
3.85423535e-06
3.52820047e-06
-2.60543694e-05
2.52309406e-05
-2.93052977e-05
5.77852521e-05
-6.10912566e-05
5.77734226e-05
-4.53933700e-05
8.45654808e-06
2.12215638e-06
2.09394659e-05
-2.09658730e-05
6.24158600e-06
-8.68372160e-06
2.25997336e-06
-1.06677147e-05
3.47920625e-05
-3.33274032e-05
1.71640242e-05
-1.24044632e-05
3.41287164e-05
-3.83715055e-05
1.00569828e-05
2.34004401e-05
-4.19551671e-05
2.21620521e-05
1.59616742e-06
-1.71562921e-05
4.13957318e-05
-4.10826935e-05
3.59657619e-06
2.77056816e-05
-1.24079755e-05
-2.22658974e-05
9.99345332e-06
1.22632547e-06
2.17549353e-05
-3.69464021e-05
1.96346341e-05
7.72762305e-07
-3.35539501e-06
2.01520310e-08
1.74263297e-05
-1.42830215e-05
2.41880652e-06
-2.92152593e-05
2.98060820e-05
-2.01709015e-05
4.72400944e-05
-5.40909264e-05
2.81617748e-05
-1.87943531e-07
-1.19652117e-05
-1.00497824e-05
2.40591631e-05
-1.22788162e-06
4.67708739e-06
-4.48483291e-05
5.04444053e-05
-1.66728055e-05
-1.04184578e-05
-9.74274203e-06
2.87220911e-05
-2.07533755e-06
-1.42286214e-07
-3.40383817e-05
3.94368388e-05
-1.53552818e-05
4.05909473e-05
-8.41085085e-05
5.71171120e-05
-1.81835841e-05
1.75983165e-05
-2.47445406e-05
3.72279908e-05
-2.53923742e-05
1.46592130e-05
-3.74137981e-05
5.27217717e-05
-5.32714820e-05
3.26802926e-05
-2.43391783e-05
4.17106203e-05
-3.34089193e-05
1.40222872e-05
-1.77697619e-05
1.05420714e-05
1.52711070e-05
-1.16828016e-05
-2.58250025e-05
5.86991209e-05
-5.53023058e-05
4.01276997e-05
-3.69273668e-05
3.06750351e-05
-9.85704338e-06
1.99001581e-06
-2.26552169e-05
2.43680350e-05
-1.85471467e-05
1.86515296e-05
-2.47909934e-05
3.94367260e-05
-4.26025169e-05
3.93322342e-05
-3.08033980e-05
2.92408764e-05
-1.14613771e-05
4.33393098e-06
-3.81374990e-05
3.92887150e-05
-2.68856858e-05
