# vpisna št. 1 2 3 4 vaje vsota ocena
0 28141006 0.500 0.167 1.000 0.500 0.000 2.167 6.0
1 28191007 0.167 0.000 0 0 0.000 0.167 5
2 28191022 0.083 0.167 0 0 0.000 0.250 5
3 28181115 0.667 0.167 0 0 0.083 0.917 5
4 28171014 0.500 0.250 0.750 0.250 0.250 2.000 6.0
5 28191003 0.250 0.000 0.583 0.583 0.167 1.583 5
6 28191011 0.250 0.333 0 0 0.083 0.667 5
7 28171032 0.583 0.250 1.000 0.750 0.250 2.833 8.0
8 28181025 0.500 0.167 0 0 0.083 0.750 5
9 28191016 0.667 0.500 1.000 0.667 0.250 3.083 8.0
10 28181027 0.333 0.083 0.500 0.167 0.167 1.250 0
11 28181028 0.500 0.250 0.917 0.917 0.250 2.833 8.0
12 28191018 0.333 0.000 0 0 0.000 0.333 5
13 28181050 0.167 0.167 0 0 0.083 0.417 5
14 28191020 0.750 0.417 1.000 0.917 0.250 3.333 9.0
15 28191012 0.500 0.333 0.667 0.667 0.250 2.417 7.0
16 28181033 0.083 0.333 0 0 0.083 0.500 5
17 28191017 0.417 0.500 1.000 0.917 0.250 3.083 8.0
18 28191006 0.667 0.167 1.000 0.583 0.250 2.667 7.0
19 28181034 0.667 0.250 0.750 0.417 0.167 2.250 6.0
20 28191120 0.333 0.583 0.917 1.000 0.250 3.083 8.0
21 28181037 0.750 0.250 0.667 0.500 0.250 2.417 7.0
22 28181155 0.750 0.167 0.750 0.500 0.000 2.167 6.0
23 28191087 0.833 0.083 0 0 0.250 1.167 5
24 28171067 0.583 0.500 1.000 0.333 0.083 2.500 7.0
25 28191033 0.750 0.500 0.583 0.750 0.250 2.833 8.0
26 28191029 0.500 0.500 0.833 0.333 0.250 2.417 7.0
27 28191075 0.417 0.083 0.750 0.417 0.167 1.833 5
28 28191036 0.167 0.083 0 0 0.083 0.333 5
29 28191037 0.167 0.250 0 0 0.083 0.500 5
30 28191046 0.667 0.417 0.750 0.167 0.250 2.250 6.0
31 28171054 0.833 0.333 0.667 0.500 0.250 2.583 7.0
32 28029999 0 0 0 0 0.250 0.250 5
33 28191041 0 0 0 0 0.083 0.083 5
34 28201135 0.417 0.167 0 0 0.083 0.667 5
35 28191135 0.167 0.500 0.667 0.500 0.167 2.000 6.0
36 28181055 0.083 0.500 1.000 1.000 0.250 2.833 8.0
37 28191038 0.500 0.500 0.667 0.167 0.250 2.083 6.0
38 28031274 0.667 0.083 0.917 0.500 0.250 2.417 7.0
39 28191047 0.750 0.000 0.667 0.583 0.250 2.250 6.0
40 28181060 0.583 0.000 0.833 0.500 0.167 2.083 6.0
41 28191048 0.500 0.500 0.750 0.833 0.250 2.833 8.0
42 28191019 0.667 0.333 0.583 0.583 0.250 2.417 7.0
43 28191050 0.500 0.833 1.000 0.833 0.250 3.417 9.0
44 28191083 0.833 0.750 1.000 0.583 0.083 3.250 9.0
0 28191092 0.750 0.500 1.000 0.917 0.250 3.417 9.0
1 28191059 0.583 0.500 0.667 0.417 0.250 2.417 7.0
2 28191043 0.000 0.250 0 0 0.083 0.333 5
3 28171075 0.583 0.000 1.000 0.583 0.000 2.167 6.0
4 28191064 0.083 0.250 0.583 0.000 0.083 1.000 5
5 28191066 0.667 0.500 1.000 0.500 0.167 2.833 8.0
6 28191067 0.667 0.583 0.667 0.667 0.250 2.833 8.0
7 28191068 0.250 0.333 1.000 0.667 0.250 2.500 7.0
8 28191069 0 0 0 0 0.083 0.083 5
9 28181075 0.167 0.083 0 0 0.083 0.333 5
10 28191072 0.833 0.583 1.000 1.000 0.250 3.667 10.0
11 28151016 0 0 0.500 0.000 0.000 0.500 5
12 28181080 0.750 0.417 0.500 0.667 0.083 2.417 7.0
13 28191056 0.583 0.583 1.000 0.833 0.250 3.250 9.0
14 28171148 0 0 0 0 0.083 0.083 5
15 28171139 0.250 0.167 0 0 0.000 0.417 5
16 28191079 0.833 0.500 0.667 0.833 0.250 3.083 8.0
17 28191082 0.667 0.000 0.583 0.000 0.250 1.500 0
18 28191053 0.583 0.417 0.583 0.000 0.250 1.833 5
19 28191084 0.000 0.250 0 0 0.000 0.250 5
20 28191021 0.500 0.000 1.000 0.667 0.250 2.417 7.0
21 28181086 0.500 0.083 0.583 0.000 0.250 1.417 5
22 28161078 0.167 0.333 0.750 0.500 0.250 2.000 6.0
23 28191113 0.750 0.417 0.917 0.750 0.167 3.000 8.0
24 28191058 0.583 0.500 0.667 0.667 0.250 2.667 7.0
25 28191105 0.250 0.500 0.917 0.917 0.250 2.833 8.0
26 28191085 0.250 0.000 0.333 0.000 0.083 0.667 5
27 28191114 0.833 0.583 0.667 0.917 0.250 3.250 9.0
28 28191097 0.000 0.083 0 0 0.083 0.167 5
29 28191108 0.583 0.083 1.000 0.500 0.250 2.417 7.0
30 28181096 0.500 0.083 1.000 0.583 0.250 2.417 7.0
31 28191081 0.583 0.500 0.917 0.750 0.250 3.000 8.0
32 28181098 0.667 0.500 0.917 0.667 0.250 3.000 8.0
33 28191109 0.750 0.500 1.000 0.583 0.250 3.083 8.0
34 28191096 0.500 0.333 1.000 0.833 0.250 2.917 8.0
35 28191106 0.667 0.500 0.833 0.583 0.250 2.833 8.0
36 28191107 0.000 0.083 0 0 0.000 0.083 0
37 28161085 0.333 0.000 0 0 0.083 0.417 0
38 28191112 0.333 0.250 0.667 0.750 0.250 2.250 6.0
39 28191093 0.667 0.083 0.917 0.667 0.167 2.500 7.0
40 28191115 0.500 0.417 1.000 0.667 0.250 2.833 8.0
41 28151113 0.750 0.417 1.000 0.583 0.250 3.000 8.0
42 28191076 0.583 0.500 0.583 0.750 0.250 2.667 7.0