0 28191050 0.75 0.750 0.625 0.125 2.25
0 28191053 0.500 0.750 0.500 0.000 1.750
1 28191056 0.750 0.875 0.250 0.000 1.875
2 28191058 0.875 1.000 0.375 0.250 2.500
3 28191059 0.500 0.750 0.500 0.000 1.750
4 28191066 0.500 0.625 0.000 0.000 1.125
5 28191067 0.750 0.875 0.500 0.000 2.125
6 28191068 0.500 0.750 0.125 0.000 1.375
7 28191069 0.250 0.500 0.000 0.000 0.750
8 28191072 0.750 0.750 0.250 0.250 2.000
9 28191075 0.250 0.750 0.000 0.000 1.000
10 28191076 0.375 0.750 0.250 0.125 1.500
11 28191079 0.500 1.000 0.375 0.500 2.375
12 28191081 0.600 0.875 0.125 0.125 1.725
13 28191083 0.500 0.625 0.250 0.000 1.375
14 28191084 0.250 0.750 0.000 0.000 1.000
15 28191085 0.500 0.500 0.375 0.000 1.375
16 28191087 0.625 0.250 0.375 0.500 1.750
17 28191092 0.500 0.250 0.250 0.500 1.500
18 28191093 0.250 1.000 0.000 0.000 1.250
19 28191096 0.500 0.875 0.375 0.000 1.750
20 28191097 0.500 0.250 0.250 0.250 1.250
21 28191105 0.250 0.500 0.125 0.000 0.875
22 28191106 0.750 1.000 0.375 0.375 2.500
23 28191107 0.500 0.000 0.000 0.000 0.500
24 28191108 0.500 0.625 0.500 0.000 1.625
25 28191109 0.625 1.000 0.375 0.000 2.000
26 28191112 0.875 1.000 0.375 0.000 2.250
27 28191113 0.500 0.500 0.125 0.000 1.125
28 28191114 0.875 0.500 0.750 0.000 2.125
29 28191115 0.750 1.000 0.375 0.000 2.125
30 28191120 0.500 1.000 0.375 0.250 2.125
31 28192068 0.250 0.000 0.250 0.375 0.875
0 28141006 0.500 0.625 0.375 0.000 1.500
1 28151113 0.250 1.000 0.375 0.000 1.625
2 28171014 0.625 1.000 0.375 0.000 2.000
3 28171032 0.625 1.000 0.250 0.125 2.000
4 28171054 0.250 0.625 0.625 0.125 1.625
5 28171067 0.250 1.000 0.375 0.000 1.625
6 28171068 0.250 0.875 0.000 0.000 1.125
7 28171075 0.250 0.500 0.000 0.000 0.750
8 28171090 0.500 0.750 0.250 0.000 1.500
9 28171096 0.250 0.875 0.250 0.250 1.625
10 28181020 0.250 0.750 0.000 0.000 1.000
11 28181027 0.750 0.750 0.250 0.000 1.750
12 28181028 0.750 1.000 0.000 0.000 1.750
13 28181037 0.625 1.000 0.375 0.000 2.000
14 28181050 0.250 0.500 0.250 0.125 1.125
15 28181055 0.250 0.750 0.375 0.000 1.375
16 28181075 0.500 0.375 0.250 0.000 1.125
17 28181080 0.750 0.750 0.500 0.000 2.000
18 28181086 0.725 0.000 0.125 0.500 1.350
19 28181096 0.625 0.875 0.000 0.125 1.625
20 28181098 0.250 0.875 0.250 0.000 1.375
21 28181115 0.600 0.875 1.000 0.250 2.725
22 28191003 0.500 0.875 0.250 0.250 1.875
23 28191006 0.625 1.000 0.375 0.375 2.375
24 28191012 0.750 0.625 0.125 0.000 1.500
25 28191016 0.875 0.750 0.375 0.125 2.125
26 28191017 0.250 0.625 0.375 0.250 1.500
27 28191018 0.250 0.000 0.250 0.500 1.000
28 28191019 0.500 0.625 0.250 0.000 1.375
29 28191020 0.500 0.625 0.250 0.000 1.375
30 28191021 0.500 0.875 0.000 0.000 1.375
31 28191029 0.500 0.875 0.250 0.375 2.000
32 28191033 0.500 0.625 0.500 0.000 1.625
33 28191036 0.250 0.000 0.375 0.250 0.875
34 28191037 0.250 0.250 0.125 0.000 0.625
35 28191038 0.500 0.875 0.000 0.250 1.625
36 28191046 0.250 0.625 0.125 0.000 1.000
37 28191047 0.500 1.000 0.375 0.000 1.875